110
203
78
44
9
48
5
375
8
12
5
44
301
243
176
3
103
37
14
3
16
129
91
146
75
212
0
441
103
8
31
65
38
105
206
31
13
238
274
322
279
70
31
3
10
4
329
20
168
73
342
6
161
45
8
115
251
4
9
306
128
0
155
7
70
35
15
55
8
142
179
155
42
0
48
0
19
8
234
44
47
224
119
19
5
45
6
2
296
81
52
8
54
12
258
42
19
96
46
97
48
187
138
138
82
211
3
13
22
9
19
56
20
197
345
134
41
4
16
8
10
43
54
29
11
26
1
74
27
146
67
3
53
6
116
130
169
203
29
0
62
160
89
17
324
63
243
2
10
33
103
36
116
22
37
7
250
27
160
51
93
21
6
105
204
441
7
5
1
112
354
16
40
18
6
446
97
13
48
294
40
27
30
95
246
94
93
6
6
3
37
29
17
456
98
12
64
6
11
29
38
8
20
16
34
110
66
4
130
2
12
299
150
1
185
445
18
124
107
252
463
28
313
72
37
39
128
1
27
13
119
4
26
36
26
8
31
43
73
16
39
89
265
194
23
39
64
47
86
19
181
12
58
228
272
22
0
200
109
45
103
10
102
9
4
65
19
25
1
47
57
61
24
104
0
62
35
365
19
103
108
18
34
98
131
453
73
68
168
12
65
284
32
6
2
41
22
4
61
67
54
96
259
3
92
46
204
11
12
11
4
29
14
3
60
242
92
81
37
15
39
104
234
0
28
14
20
4
6
140
49
119
389
0
204
68
53
38
435
3
4
233
67
295
1
6
89
91
36
224
84
5
405
307
15
78
6
7
1
0
4
5
88
36
6
38
34
45
26
108
156
184
29
56
69
187
1
68
22
75
3
41
57
44
68
155
18
16
104
83
3
13
13
104
177
167
1
38
74
2
441
23
80
54
17
5
36
7
122
0
20
1
3
131
76
304
68
56
22
15
85
262
100
8
7
22
13
211
238
54
40
8
42
39
135
402
2
65
231
32
95
414
104
1
490
30
200
527
63
9
38
96
46
26
57
206
36
26
0
3
1
169
309
46
7
97
15
206
23
59
38
10
11
181
31
42
83
462
42
0
173
185
287
104
114
43
297
174
103
2
74
29
13
148
33
61
3
21
45
4
7
12
87
0
19
218
14
46
382
40
21
14
111
0
90
118
165
12
112
1
145
52
196
49
37
205
510
195
1
31
14
2
145
63
13
41
120
0
6
13
47
81
66
47
59
39
28
1
54
0
2
14
86
63
21
44
59
32
140
57
29
72
10
6
82
107
6
41
162
204
38
32
3
54
2
89
2
98
7
24
31
97
8
102
10
98
170
17
150
9
16
127
0
75
89
12
35
12
21
463
172
37
4
8
7
12
141
157
127
110
86
10
35
17
15
180
19
15
39
30
29
27
96
75
10
413
81
7
8
232
59
211
166
212
1
41
12
174
119
123
55
540
348
27
16
21
64
476
4
78
10
41
27
5
23
0
95
3
28
11
1
11
20
23
28
19
30
456
11
27
333
3
86
81
208
2
78
298
71
320
48
37
1
237
14
34
12
83
7
0
497
86
73
14
0
25
272
17
10
63
408
19
142
9
1
2
15
56
13
16
8
0
159
14
2
10
42
32
40
61
71
35
98
116
32
75
79
89
20
172
107
0
8
200
178
69
88
22
5
49
137
113
39
52
47
9
7
1
390
114
66
33
253
5
125
225
27
339
38
29
133
6
16
214
146
122
183
30
107
23
10
202
53
4
10
14
38
19
16
56
78
14
2
37
20
3
130
1
87
4
100
82
5
218
191
20
3
332
6
65
61
2
61
43
244
189
203
125
14
1
51
98
204
123
284
186
3
37
2
130
70
250
163
5
58
0
134
22
5
98
12
162
62
10
53
38
4
1
17
24
327
8
3
31
2
33
17
340
21
52
363
20
4
301
47
87
131
8
12
11
4
1
165
35
94
153
66
68
213
1
16
19
11
81
1
153
1
11
14
3
234
1
231
139
214
26
3
123
16
9
4
211
12
7
14
229
85
24
30
169
74
2
134
381
4
38
38
25
238
95
50
72
0
104
185
181
8
3
297
46
79
70
135
342
11
12
6
101
4
111
70
153
27
12
17
101
22
11
56
19
1
24
7
17
12
65
103
38
139
395
70
60
45
28
83
33
351
114
74
0
1
174
15
193
78
223
175
22
7
46
76
2
105
38
0
250
90
39
30
110
38
63
53
2
33
510
4
92
145
63
53
135
3
7
27
3
55
73
45
56
228
0
156
25
14
9
164
3
6
209
285
11
163
81
24
1
58
37
41
34
23
3
79
23
12
65
30
268
295
155
18
11
122
56
138
92
379
61
93
13
46
121
29
72
18
265
35
6
302
56
94
306
65
73
9
2
236
218
63
17
9
270
67
18
83
2
145
125
158
33
186
97
17
284
64
94
37
37
109
261
62
34
115
8
110
0
93
70
1
116
237
47
1
22
50
50
11
156
32
82
229
143
87
23
449
126
3
16
2
101
9
89
3
134
101
10
3
459
17
75
19
146
223
218
4
58
121
55
47
47
20
113
5
4
257
1
18
99
28
0
3
5
111
1
254
14
33
163
41
260
16
1
54
33
133
114
190
122
130
4
42
196
6
1
194
127
49
154
46
56
1
132
258
179
172
69
27
61
119
52
113
13
0
32
65
89
60
17
28
3
213
20
13
253
191
26
91
12
66
189
6
48
117
20
453
161
5
50
5
13
3
74
1
165
15
24
265
215
239
38
7
74
0
0
196
35
88
17
0
35
3
13
21
5
20
26
77
0
0
24
93
47
8
63
2
43
30
287
64
47
11
20
108
176
4
30
68
8
0
19
96
2
118
16
137
139
86
8
34
39
27
13
170
315
19
17
14
28
10
28
117
26
29
24
18
196
65
187
38
3
115
87
59
303
26
26
297
245
65
175
53
69
88
16
298
54
11
83
139
21
72
229
13
92
2
43
3
4
167
87
83
19
22
0
150
2
0
2
130
167
21
8
31
2
198
0
51
17
22
127
7
40
2
161
53
170
7
71
222
173
203
41
144
3
72
55
372
58
79
1
22
47
1
283
20
107
13
97
7
0
1
1
50
175
13
0
14
7
0
290
258
2
50
380
9
16
106
73
65
424
77
232
5
163
20
9
255
80
55
17
1
39
179
57
1
35
77
65
113
161
50
162
9
66
1
15
129
8
148
2
31
15
24
104
62
11
185
47
212
63
5
15
133
1
10
144
12
115
103
365
33
6
23
94
35
8
227
20
104
130
22
44
64
211
192
2
36
1
3
148
120
80
4
3
138
118
263
2
30
2
30
238
3
50
11
172
21
1
5
15
165
20
415
47
30
13
23
79
1
63
86
321
98
1
117
1
0
13
369
77
31
107
18
38
41
8
179
8
1
10
33
29
60
31
4
230
5
45
6
323
152
36
1
9
144
1
35
431
15
43
457
0
44
226
77
8
21
59
3
133
2
205
0
5
40
3
278
49
38
139
123
49
5
3
13
135
5
32
41
40
348
1
21
37
22
9
3
28
34
14
0
27
7
162
125
60
296
26
73
51
88
1
157
167
25
11
204
5
237
46
13
55
230
221
22
516
115
29
107
238
286
29
24
21
13
56
48
105
51
58
109
139
94
103
501
2
34
182
81
13
141
369
34
19
136
1
10
44
1
28
2
65
36
57
103
77
69
125
53
22
31
66
45
184
90
350
99
0
31
4
275
6
159
68
8
42
103
0
84
496
72
42
233
7
1
195
8
106
39
4
126
30
290
169
21
49
1
240
578
26
0
16
38
250
172
47
224
10
5
92
141
15
1
11
112
93
52
15
26
110
113
50
39
5
32
251
195
7
23
281
158
538
20
14
167
8
245
6
166
171
68
224
45
1
129
232
266
14
212
156
91
418
0
135
157
78
19
154
4
116
105
129
133
69
281
220
185
14
100
41
65
73
62
4
61
68
205
158
3
42
17
8
60
190
34
405
94
3
59
19
234
123
98
430
46
12
14
40
124
173
41
0
3
35
135
49
0
37
8
0
16
224
66
4
230
40
72
63
4
38
113
8
54
80
15
4
2
66
145
20
164
31
10
123
2
276
24
0
39
53
0
113
86
23
51
5
82
13
215
287
25
77
24
51
59
38
363
233
80
278
24
1
176
0
93
322
4
321
0
146
56
67
438
17
4
170
78
0
87
24
60
4
3
84
117
6
69
81
6
188
102
70
213
12
95
20
120
67
24
77
127
289
407
136
205
21
132
71
379
21
11
131
4
2
18
242
1
140
363
20
115
1
