0
4
5
16
7
15
0
51
0
8
10
3
0
8
0
0
6
27
0
30
26
18
3
1
0
48
26
5
2
20
1
16
38
2
10
1
34
3
1
0
1
0
25
12
0
13
22
7
10
1
9
36
37
3
3
15
2
82
32
2
21
7
4
2
12
33
1
43
22
0
9
34
28
12
7
5
36
2
23
17
9
9
39
19
0
25
18
4
10
1
51
69
18
8
0
90
13
10
4
5
13
45
1
65
2
21
30
51
19
6
2
23
15
2
1
7
34
8
0
19
17
2
39
10
19
0
0
3
11
14
1
1
13
1
1
16
15
0
15
1
29
7
2
3
27
3
32
2
1
1
9
5
0
3
2
10
68
8
3
8
17
5
14
38
45
1
0
36
1
6
23
1
6
9
3
26
1
28
22
11
2
12
2
8
6
25
17
42
16
4
0
9
0
1
24
65
9
31
1
14
1
29
8
1
2
7
37
40
22
6
3
12
3
17
0
10
88
70
32
0
21
16
8
3
2
21
5
1
0
10
3
0
6
28
2
49
39
2
11
13
8
12
30
0
10
8
42
6
2
13
17
16
4
10
9
4
25
2
15
9
1
28
10
16
5
1
3
19
5
68
16
24
8
20
11
47
17
7
1
4
20
22
1
1
2
8
7
18
1
1
1
5
66
4
53
9
8
15
14
0
8
1
25
24
3
17
0
95
3
5
3
23
18
22
4
10
13
4
1
12
7
0
4
2
2
19
9
22
4
13
3
1
34
0
6
12
2
9
8
1
0
6
69
13
9
15
20
0
2
35
19
2
18
11
3
1
2
1
2
4
16
13
1
0
2
1
1
11
16
0
1
38
5
1
25
8
35
17
0
29
6
8
13
1
0
17
53
23
7
0
4
1
3
18
1
2
16
3
0
24
9
0
0
6
45
9
1
49
38
6
8
24
12
2
7
16
16
4
49
2
17
3
16
17
54
7
3
6
1
28
0
2
5
15
47
3
18
38
9
10
53
10
12
36
7
1
50
3
30
1
1
11
21
19
20
8
38
7
1
6
52
1
10
11
5
5
4
64
0
7
1
3
17
0
35
5
15
13
8
5
14
1
30
5
8
15
12
11
2
5
6
0
43
1
7
21
1
3
12
5
30
25
29
17
0
14
44
10
14
1
24
2
4
21
4
55
3
0
1
1
10
22
1
1
6
20
10
1
1
1
4
1
0
28
10
52
1
87
8
24
1
3
10
6
1
9
31
3
3
4
14
38
7
2
5
11
7
20
0
3
19
2
4
10
4
0
57
34
7
2
3
33
15
0
4
2
9
16
15
30
0
32
0
2
9
14
5
39
16
7
20
1
1
8
2
12
63
11
0
3
0
51
0
10
35
37
2
1
48
20
38
21
2
0
18
0
3
4
26
31
35
12
3
0
50
6
21
68
27
4
24
14
8
74
2
2
1
37
8
8
31
63
11
21
1
19
13
0
10
0
0
15
8
4
12
5
25
11
24
0
36
1
17
8
7
14
48
1
24
2
6
3
22
2
3
44
3
8
2
5
19
29
12
14
3
1
6
0
8
6
7
2
3
0
0
0
47
2
29
3
12
5
3
3
56
3
46
6
12
7
8
29
2
32
0
13
65
15
5
38
1
2
4
5
4
2
20
2
9
31
0
3
0
0
17
1
15
6
2
5
14
1
7
1
30
64
3
14
30
33
7
19
1
27
54
2
1
22
5
13
2
2
8
32
5
4
4
18
12
12
39
16
17
30
3
39
0
14
1
19
8
2
32
2
24
19
1
2
1
42
24
1
1
1
2
0
35
29
60
2
4
10
5
11
9
14
22
24
37
7
11
32
10
20
0
4
6
7
4
0
0
42
21
2
29
15
2
6
24
3
8
3
5
32
11
52
27
3
27
8
2
12
3
28
0
6
2
8
2
9
10
11
9
2
1
21
0
82
5
2
40
35
1
14
15
3
0
53
5
0
16
22
1
8
15
0
18
25
5
35
11
8
12
9
26
2
4
6
4
15
3
21
27
66
0
2
6
0
35
30
15
22
4
15
9
13
14
3
50
6
4
0
14
8
3
7
2
45
0
5
2
0
0
1
7
1
10
27
0
11
28
17
6
42
2
8
80
6
2
4
11
14
35
34
6
28
46
29
25
55
5
20
9
0
27
12
14
9
9
2
2
1
2
7
26
17
3
11
46
4
37
0
2
4
6
2
0
1
18
15
23
6
8
2
5
4
56
1
1
10
0
2
3
65
1
1
16
32
12
1
0
0
0
0
54
1
1
0
41
31
17
12
5
21
8
1
1
2
2
36
19
27
9
61
6
4
16
17
2
39
20
17
16
0
10
25
3
38
60
6
52
2
29
8
2
42
11
4
2
3
10
9
46
2
8
15
8
3
4
4
23
3
4
1
2
14
13
5
4
9
18
2
0
1
3
2
1
2
9
42
70
9
17
14
19
10
0
1
17
10
8
3
20
13
35
9
27
18
34
0
0
18
2
35
25
13
16
40
8
10
2
0
0
0
6
26
11
38
41
8
1
4
11
4
1
2
46
8
19
0
27
9
21
5
19
8
4
37
1
3
32
46
7
4
6
3
9
0
24
25
43
2
5
13
1
6
101
62
53
13
11
2
3
1
1
7
7
6
4
0
0
4
9
24
2
0
4
1
28
8
0
17
19
16
0
5
2
33
1
8
8
15
1
13
5
8
24
8
16
7
11
8
4
48
1
6
0
1
2
12
0
1
11
23
8
20
9
8
7
31
8
0
12
3
4
16
16
6
7
