10
116
20
153
17
41
7
21
168
123
5
61
2
153
74
362
205
89
13
13
227
104
33
51
14
24
75
4
135
23
21
13
4
1
670
271
8
50
61
84
17
62
406
35
9
269
75
16
35
110
7
428
85
95
135
22
41
157
64
751
157
31
20
109
66
441
162
71
5
36
59
119
354
40
165
353
16
192
8
40
46
167
20
4
47
97
110
220
1
67
176
2
325
686
7
380
3
12
23
135
35
188
49
17
27
60
112
266
70
52
52
36
171
33
47
63
209
30
23
108
42
606
32
16
2
1
0
24
159
94
233
226
381
4
60
37
190
47
1
238
22
50
62
87
24
120
107
72
28
176
5
31
125
109
345
65
122
74
32
22
0
28
158
14
51
96
32
33
116
648
9
40
32
37
53
156
242
442
264
181
19
56
23
8
85
121
2
64
85
9
15
3
75
320
264
127
114
10
183
28
20
142
12
311
2
77
40
228
283
27
147
176
42
362
99
11
97
119
8
2
63
376
445
419
259
132
15
24
407
84
119
202
106
37
32
338
49
15
258
29
23
95
190
74
185
49
18
13
157
17
253
10
4
199
3
69
287
24
56
3
25
193
179
22
27
46
116
10
107
19
15
328
43
0
67
29
86
96
198
1
133
36
146
71
187
126
97
118
63
18
15
56
16
4
2
14
157
256
67
32
219
1
443
79
41
217
3
17
387
243
45
43
241
76
111
0
47
93
39
32
81
88
82
134
26
135
86
28
62
106
74
125
97
17
13
40
9
24
277
133
107
17
94
46
49
609
72
13
57
132
45
12
192
10
98
6
4
35
24
252
224
33
31
1
306
441
40
152
9
69
39
184
742
1
8
64
85
164
74
113
6
29
633
33
145
93
9
319
90
261
57
298
70
273
120
40
189
225
19
12
37
30
14
133
106
8
30
210
196
118
6
34
0
19
102
14
16
1
166
18
5
229
265
26
23
9
4
33
115
13
13
23
138
8
6
2
23
39
6
0
20
13
32
1
4
121
226
604
10
71
8
342
136
281
119
79
3
16
250
70
65
2
69
11
87
49
19
3
5
444
9
1
33
12
3
123
16
22
0
4
0
8
37
142
2
36
39
95
3
180
126
24
126
38
86
153
2
22
203
30
49
63
31
403
15
21
263
4
97
570
59
45
7
178
80
57
121
141
12
59
0
4
30
67
282
12
85
12
102
57
4
12
3
629
108
35
108
332
9
398
54
359
41
8
44
29
107
22
235
14
23
13
27
453
14
28
30
168
4
127
0
564
13
3
35
381
205
101
174
34
2
9
55
25
5
4
53
14
130
12
165
155
13
27
13
1
38
1
5
37
41
0
491
23
25
186
13
555
4
161
579
13
31
24
40
101
516
1
16
4
13
9
9
348
558
61
93
10
98
56
114
25
182
340
221
204
159
54
8
3
64
51
104
50
19
56
227
40
130
202
36
35
58
0
4
16
511
32
21
209
68
7
52
44
1
14
31
50
22
67
164
258
257
1
33
281
18
280
2
199
229
39
23
50
3
74
176
47
24
98
412
2
19
260
18
0
122
8
50
171
92
62
35
27
36
61
238
64
313
12
198
138
48
215
43
12
246
1
3
9
292
0
22
82
277
1
87
15
174
163
404
25
112
276
119
375
262
245
66
29
175
491
95
107
12
10
74
35
122
85
313
41
128
43
242
9
428
46
199
34
28
108
20
813
0
127
8
9
152
218
130
8
16
228
5
254
7
9
131
233
74
234
309
135
0
193
46
4
6
10
82
30
61
30
44
227
270
269
165
110
1
132
8
97
2
38
8
120
142
131
0
83
159
12
14
19
267
74
10
11
120
86
14
59
86
17
26
7
4
1
222
36
93
36
115
70
293
100
19
95
22
12
123
294
31
27
270
395
106
322
19
54
91
186
29
5
66
40
91
160
125
66
446
98
210
18
207
25
39
319
74
33
2
8
290
5
74
30
1
243
19
129
136
105
18
20
165
62
218
89
10
41
109
54
183
10
277
617
15
35
372
140
122
23
35
7
142
134
34
180
461
18
15
202
14
238
35
146
9
154
11
245
135
85
50
355
14
161
6
205
43
0
36
146
28
23
9
319
21
20
41
24
74
432
89
22
16
3
16
116
31
2
30
17
62
4
5
28
88
9
107
33
102
25
45
303
1
132
20
107
15
0
70
19
160
1
198
0
165
13
27
13
318
145
19
26
24
12
7
21
52
9
8
172
138
49
9
14
30
1
37
28
23
56
63
277
598
428
80
53
17
67
83
14
97
0
98
37
4
137
311
2
79
238
78
323
24
2
101
62
79
11
38
19
38
25
352
139
1
49
264
56
282
341
5
122
10
5
13
208
235
50
10
205
36
171
464
1
319
178
10
34
0
220
1
20
179
15
5
422
204
0
145
15
1
5
30
25
131
12
752
140
84
79
46
2
238
148
82
66
45
79
39
264
66
34
114
0
46
11
3
10
0
16
79
56
59
115
120
48
16
12
2
58
271
18
300
18
113
10
0
78
157
12
456
72
169
35
14
15
34
8
24
3
25
145
44
19
143
364
20
39
8
67
2
6
27
29
1
170
16
13
44
170
85
86
69
30
340
186
262
8
13
110
127
336
107
122
40
10
60
132
6
14
18
54
9
160
198
52
165
43
51
576
50
363
169
73
25
284
227
149
152
248
27
7
428
44
93
7
26
20
47
165
161
17
149
2
32
336
24
6
5
27
273
1
182
97
179
1
45
7
84
106
49
420
244
196
95
22
61
239
57
9
88
6
99
6
473
65
2
62
6
0
35
205
31
25
141
84
13
2
76
188
44
9
13
10
85
173
74
31
57
28
281
86
27
363
142
90
23
97
35
249
32
67
82
73
3
165
299
105
158
39
5
78
3
69
779
58
80
53
64
396
39
36
11
200
41
252
28
114
47
21
79
92
27
14
2
102
6
39
551
0
41
112
15
209
11
407
4
0
29
35
78
105
0
11
34
90
19
25
85
39
42
6
53
2
179
143
3
73
193
18
45
43
51
3
178
4
212
61
1
26
73
210
255
384
149
10
14
74
188
93
76
109
73
197
157
81
1
320
18
77
359
216
8
23
43
87
45
109
15
389
118
56
12
88
68
33
97
56
1
122
68
118
124
19
13
69
78
38
100
28
89
303
164
15
3
299
115
14
49
43
0
211
42
92
84
6
248
184
471
260
510
1
7
9
17
412
28
110
29
36
46
63
15
57
1
205
383
92
19
10
64
21
49
25
118
119
187
24
64
124
3
33
1
28
10
4
495
29
59
303
17
13
471
2
17
15
110
6
2
10
62
280
22
253
0
85
268
0
0
7
20
9
29
16
188
108
318
101
252
24
108
61
19
293
83
11
95
3
22
53
6
251
3
174
359
31
24
178
229
180
119
46
4
126
134
20
25
35
52
14
177
0
130
13
171
0
60
54
189
12
38
72
71
302
39
17
0
2
20
8
61
51
14
78
591
23
49
21
54
16
6
69
70
50
76
53
5
181
228
11
61
25
151
37
81
162
320
2
31
29
263
25
15
42
382
64
19
48
108
113
49
8
95
34
256
204
0
44
108
180
23
162
12
12
2
5
24
31
136
280
33
41
12
145
11
72
220
59
50
81
70
0
9
87
12
6
376
267
23
50
19
0
6
5
9
1
15
197
44
399
10
195
169
2
89
195
12
1
457
26
170
8
12
40
197
63
182
4
219
8
308
17
89
60
24
178
0
79
45
22
54
9
68
431
14
34
117
8
173
4
79
89
15
28
171
286
29
35
48
182
28
37
39
41
145
44
2
12
164
155
178
12
5
114
30
0
8
105
5
176
119
16
115
33
1
11
42
102
4
38
118
15
5
25
112
1
54
28
93
11
178
201
12
199
7
17
0
137
41
7
93
20
17
82
87
41
62
74
243
32
2
0
12
254
1
352
31
93
135
166
25
32
106
170
5
34
172
90
10
97
70
51
10
213
7
32
311
3
244
77
70
262
13
208
256
207
67
34
3
235
351
1
49
178
2
45
35
569
444
7
74
4
12
272
276
34
127
27
330
198
68
89
56
124
154
24
19
336
26
33
124
11
132
24
548
238
32
46
1
109
189
9
6
108
558
0
27
299
210
30
147
56
3
3
30
19
311
10
19
142
364
14
72
7
23
315
13
35
85
3
235
30
154
54
13
46
9
74
5
305
6
96
177
61
445
121
129
288
48
349
14
226
157
105
22
53
3
227
78
101
6
52
37
227
21
6
26
40
59
2
51
188
60
2
47
5
0
313
4
171
31
53
51
39
14
1
44
53
10
134
403
424
362
301
50
8
190
193
168
69
265
58
172
203
1
301
326
42
265
30
190
19
36
15
145
74
143
10
68
122
44
64
104
111
21
464
62
108
4
182
13
46
17
231
31
112
15
13
241
147
32
459
106
20
15
129
11
393
335
21
5
5
66
40
68
61
14
76
96
602
94
108
29
94
176
247
554
25
142
146
101
110
188
22
218
0
123
90
11
14
88
33
458
18
0
95
317
76
36
124
21
50
8
3
1
28
84
55
120
52
11
6
11
31
28
2
182
446
176
9
100
168
3
237
321
608
55
35
338
281
57
78
15
88
300
63
51
54
19
115
167
342
210
41
407
4
67
4
53
38
59
47
22
324
71
327
3
337
18
7
26
50
357
159
106
602
79
0
41
500
155
16
16
36
260
8
2
0
102
385
17
167
444
9
258
176
35
37
137
1
31
3
211
24
39
13
20
522
218
46
23
79
11
72
18
229
29
242
69
37
176
74
193
14
333
22
16
482
52
452
494
8
0
0
13
48
76
40
48
37
73
280
7
258
35
73
102
94
195
58
107
57
66
96
28
67
304
6
6
38
6
229
23
206
249
151
131
37
100
18
46
21
6
6
495
28
27
1
263
18
103
30
80
186
1
101
92
70
282
24
38
49
67
13
25
15
6
57
43
2
108
35
546
21
10
1
3
11
103
23
37
349
400
72
216
10
27
52
18
52
3
54
372
78
19
9
3
80
132
75
508
325
125
49
77
16
19
47
10
79
59
44
189
32
3
34
224
347
68
64
227
22
562
72
264
13
15
34
29
41
17
78
191
206
64
151
276
326
27
129
52
421
180
5
9
219
36
451
196
59
10
85
72
122
145
131
415
19
112
39
0
200
38
348
156
67
76
6
55
178
4
100
137
12
34
134
3
74
27
67
10
41
67
79
137
0
38
496
473
164
199
17
80
31
12
170
16
35
81
93
9
189
187
39
46
22
52
90
27
23
150
91
125
60
90
6
28
109
7
469
375
11
27
111
3
70
25
124
28
0
316
23
238
148
189
46
6
21
13
259
5
76
28
162
164
61
123
15
395
96
3
212
37
59
7
158
19
56
0
81
106
27
64
29
156
44
39
69
33
111
0
138
36
157
94
282
21
20
77
34
54
373
3
92
9
47
67
32
158
3
29
6
2
21
3
1
2
38
6
212
234
6
5
44
199
22
38
122
157
115
16
75
94
45
607
14
62
16
17
155
212
129
50
81
188
485
111
157
3
44
34
12
21
89
79
21
183
71
63
16
97
48
249
15
4
170
2
67
27
23
30
132
316
64
0
169
14
121
102
144
3
3
146
12
26
16
8
195
2
543
21
11
55
78
10
105
20
7
10
153
407
253
70
338
299
29
1
209
108
82
271
2
40
11
10
2
553
1
73
133
132
171
22
96
123
120
260
16
220
5
139
343
209
5
89
46
379
4
156
664
0
2
7
21
38
225
323
96
2
1
187
120
131
41
34
49
38
293
87
2
205
576
158
0
44
7
25
74
24
64
115
3
46
106
220
2
24
48
8
350
69
77
246
62
26
26
4
15
4
13
32
76
2
32
7
35
291
7
185
15
88
159
109
69
10
40
68
6
95
93
24
4
13
46
50
178
27
9
22
192
129
17
57
0
9
50
1
101
51
0
122
42
16
342
13
242
50
35
69
13
52
54
1
82
86
9
236
10
101
72
258
39
17
17
10
103
172
0
12
31
29
12
0
12
86
417
302
15
21
30
1
2
112
32
31
103
8
20
4
615
19
65
240
162
79
349
26
13
19
56
113
354
37
78
60
56
283
6
11
62
23
215
159
51
44
96
20
3
14
255
257
104
351
0
307
17
7
18
12
171
112
14
49
37
188
80
145
20
5
4
2
1
18
300
56
176
102
65
1
122
3
58
31
80
3
3
9
2
306
59
6
55
223
33
0
58
60
30
126
16
223
32
84
408
27
350
110
262
65
10
3
4
1
300
47
25
21
23
10
106
2
8
1
234
7
23
101
6
40
42
32
3
0
81
126
19
26
54
89
35
184
14
31
9
62
494
312
14
72
70
37
543
117
32
2
193
0
2
17
261
189
94
5
30
60
480
74
184
412
143
133
41
90
94
22
32
22
66
35
6
112
314
19
40
73
5
33
8
51
47
19
32
46
473
0
65
42
103
7
95
10
132
33
86
54
14
21
39
30
155
229
55
18
47
138
312
664
39
13
686
124
5
240
26
119
181
10
49
15
0
32
35
763
244
6
0
2
105
141
0
8
32
13
31
7
277
117
17
26
150
43
6
6
306
9
32
31
301
352
137
85
79
337
36
0
18
50
25
244
52
59
351
400
18
56
12
77
10
102
52
446
130
182
78
286
18
27
13
6
59
6
127
10
31
5
39
14
113
8
52
49
26
69
202
218
109
132
20
74
231
2
107
176
168
38
65
8
34
5
122
35
225
107
29
8
360
187
3
2
30
33
15
72
3
342
25
309
142
17
8
26
139
187
195
32
60
15
8
3
18
127
590
316
63
81
135
344
4
39
75
96
405
327
77
7
103
7
187
33
1
57
108
531
2
124
86
14
320
0
102
23
78
3
154
9
276
102
6
45
84
9
177
125
11
35
223
132
48
343
561
216
17
424
118
25
155
175
90
5
81
12
116
72
21
6
57
13
15
3
7
36
1
238
318
74
71
6
42
35
204
210
1
77
158
190
80
27
10
57
56
16
39
223
194
144
19
130
9
322
17
5
12
23
127
101
14
219
143
61
74
81
30
14
333
487
20
2
12
6
19
201
60
112
86
3
5
56
0
17
13
130
48
10
107
114
9
19
94
424
10
60
111
16
131
33
38
27
239
25
35
167
110
11
115
159
209
2
35
147
34
96
125
13
48
13
15
13
11
234
9
157
198
18
367
13
72
289
428
72
161
213
42
114
272
14
87
405
130
160
2
25
43
13
141
336
52
46
174
131
35
19
23
15
3
0
1
11
7
20
35
223
221
107
103
28
21
19
58
62
291
114
27
129
214
30
41
225
7
0
232
15
29
29
202
69
166
10
2
114
229
16
15
119
0
499
146
409
186
92
281
138
108
17
82
648
61
15
1
3
69
97
68
63
0
10
13
67
27
0
34
74
8
4
693
186
194
8
24
83
202
79
136
102
4
16
4
10
83
72
0
18
22
170
147
35
4
14
89
59
14
183
117
457
23
76
113
187
25
527
302
272
39
94
201
99
78
133
7
0
54
179
321
10
327
1
9
82
17
14
20
215
1
126
22
2
98
3
6
14
327
60
111
183
55
239
44
83
49
432
253
6
267
66
30
50
217
449
213
43
17
143
134
203
17
6
2
95
62
5
0
54
95
9
125
34
14
33
93
42
161
168
164
4
21
7
52
7
55
18
47
403
2
296
233
18
31
107
0
0
262
211
11
90
24
0
53
94
117
160
137
104
0
31
100
37
19
134
19
77
295
15
352
9
9
38
12
107
27
121
6
4
15
0
10
7
10
9
0
32
10
102
36
302
0
2
52
10
74
40
65
88
73
31
38
203
6
0
28
45
5
6
3
16
14
16
211
175
60
47
11
72
178
13
252
249
502
30
78
27
136
383
430
11
3
2
116
78
14
5
54
218
26
83
58
26
1
30
68
111
14
32
152
5
55
247
4
146
5
74
34
80
212
33
33
103
4
28
78
376
122
168
10
265
4
15
19
107
144
395
1
114
18
48
26
71
86
68
120
0
72
9
197
159
42
308
316
93
11
263
22
58
2
24
127
204
77
36
127
288
20
293
73
80
73
166
410
116
6
85
444
3
317
4
7
15
286
410
185
276
87
35
8
21
160
36
79
98
151
38
108
107
31
44
123
9
4
159
237
401
3
445
1
8
98
28
32
98
24
8
25
46
37
172
9
142
18
114
203
58
22
178
22
39
277
577
85
26
381
3
86
571
30
41
11
195
96
70
113
175
2
80
149
25
81
37
418
114
26
1
74
8
38
148
16
36
301
67
252
108
99
3
210
240
73
95
1
84
103
20
271
283
89
160
91
19
268
9
26
17
121
83
738
443
16
215
23
40
106
153
64
18
124
16
29
187
299
30
84
2
146
152
20
425
40
14
631
42
45
18
85
16
84
2
62
89
36
62
50
27
194
21
9
226
84
0
513
358
0
31
25
25
62
42
96
124
67
46
96
53
485
4
6
124
30
0
5
54
121
0
0
126
33
1
67
672
334
73
70
60
112
103
9
185
50
350
37
2
8
43
273
2
71
13
502
84
13
88
64
83
2
291
8
22
233
40
7
125
130
5
38
98
217
124
93
186
85
100
0
248
51
286
46
26
24
319
43
24
0
403
4
74
50
25
57
417
108
48
0
61
42
1
25
16
21
39
13
17
213
40
31
33
7
211
150
51
181
0
100
301
198
1
97
330
47
4
208
2
34
35
16
25
515
380
3
22
23
236
106
330
385
26
422
194
7
320
119
312
194
7
107
30
15
0
36
95
12
22
57
29
139
46
109
9
23
159
43
255
7
84
97
14
198
1
218
39
23
60
79
64
3
401
20
81
2
6
40
60
2
366
477
76
199
96
12
26
3
6
24
555
39
140
88
106
153
319
105
80
546
10
209
193
84
65
32
167
33
2
208
22
24
34
123
50
271
243
66
9
6
299
25
4
40
186
8
124
10
16
131
229
33
9
65
5
4
147
4
115
27
111
34
149
149
87
118
184
89
0
121
155
22
209
12
24
63
30
31
174
157
285
59
66
48
20
41
266
39
25
3
47
28
336
14
174
134
507
154
26
263
162
34
122
22
77
428
26
245
132
89
161
5
8
1
3
43
291
5
5
186
0
49
34
209
106
3
8
95
0
54
52
242
341
35
97
4
34
96
97
163
13
15
7
18
24
26
319
92
17
227
121
4
8
5
93
135
87
7
61
491
32
0
3
28
394
91
247
119
62
26
32
84
53
55
330
37
18
9
11
5
46
79
105
169
14
239
35
4
8
27
9
16
19
6
18
11
109
35
255
4
51
279
76
177
247
54
30
53
21
39
69
46
3
86
0
0
98
40
101
3
39
25
150
219
38
120
22
67
26
134
8
12
15
71
14
120
92
12
7
0
20
86
170
4
17
306
28
212
33
10
82
28
267
38
62
46
5
95
77
54
580
138
48
305
163
29
518
52
18
123
180
18
6
8
67
37
198
27
35
47
266
13
237
314
19
7
281
20
84
239
17
7
96
230
78
6
104
178
65
1
62
106
1
44
526
32
9
0
105
220
5
243
7
117
9
60
118
135
1
59
5
220
198
92
31
101
211
135
566
41
182
14
117
2
6
11
161
202
105
279
57
166
273
103
47
117
305
271
11
204
87
13
333
2
25
50
22
185
124
15
39
6
0
30
27
103
3
64
135
113
47
376
391
204
11
243
19
432
58
315
9
57
87
316
126
38
209
30
125
449
14
29
79
23
79
56
29
222
410
93
425
49
135
4
191
48
58
89
19
5
34
207
24
51
101
123
13
195
7
22
212
73
87
387
0
199
281
304
45
494
370
272
366
34
50
76
55
172
25
105
27
24
32
570
44
0
327
99
158
26
39
470
301
2
9
224
64
1
139
85
9
90
16
169
136
95
119
59
103
21
20
10
381
33
0
84
461
44
45
29
44
12
96
92
2
217
67
15
108
93
229
12
424
5
8
185
21
7
16
143
261
56
79
87
39
7
418
15
17
1
39
26
8
93
147
26
9
325
47
74
1
1
313
250
1
42
476
65
141
13
35
13
1
45
0
0
18
2
102
0
293
117
15
534
125
3
13
306
94
35
20
8
8
128
74
738
33
8
22
190
52
558
54
24
2
118
18
189
246
12
125
8
12
214
68
2
1
0
161
36
48
1
3
23
36
466
91
7
1
142
173
1
216
92
422
18
41
18
119
119
11
137
243
1
90
283
5
30
62
249
13
27
20
14
34
15
107
55
257
94
26
122
58
231
153
10
393
147
29
176
205
271
16
401
284
291
85
78
226
319
182
52
672
14
7
0
13
159
20
110
190
2
361
10
14
67
437
5
24
141
48
48
200
45
84
183
10
119
54
135
7
29
24
91
84
22
138
29
2
1
98
349
21
130
49
38
88
13
130
46
38
2
49
335
2
86
47
274
36
84
210
397
16
0
5
168
0
178
36
32
38
0
13
147
200
19
7
235
5
60
8
80
18
39
77
70
211
44
40
48
136
17
113
126
2
224
183
21
95
8
0
108
2
65
5
101
145
14
75
22
51
116
162
136
155
40
17
105
1
312
16
244
24
29
206
90
393
95
508
0
34
355
57
27
94
70
1
223
4
18
32
248
448
32
147
19
40
72
250
114
51
12
313
146
6
278
109
18
61
61
13
6
68
6
112
78
68
341
110
136
24
10
250
31
242
18
159
99
39
1
1
130
94
2
17
241
72
101
290
71
41
10
5
159
159
14
34
18
207
2
150
544
268
7
102
71
155
13
107
219
2
1
0
279
29
70
39
22
282
419
12
49
158
342
43
121
23
49
39
592
111
51
184
122
6
11
10
61
1
22
58
98
153
306
36
45
40
30
87
231
92
27
29
12
203
20
70
15
298
209
8
2
186
43
151
7
3
75
152
229
1
117
109
12
71
8
18
1
65
553
4
340
16
83
180
109
27
3
35
233
82
16
11
5
174
75
4
100
8
66
87
51
83
26
51
7
16
80
78
0
8
37
48
48
177
112
333
139
4
127
35
3
42
243
3
96
162
29
90
92
181
228
20
112
279
57
32
26
31
61
7
26
30
26
171
292
168
281
31
82
1
18
70
29
18
35
17
0
1
286
229
194
293
59
6
49
15
4
308
80
94
21
72
234
0
1
333
195
244
180
32
0
1
84
7
93
40
135
130
93
148
56
6
82
167
1
5
1
46
131
3
48
41
184
160
66
4
318
48
428
7
68
251
380
41
63
148
40
6
11
151
20
604
9
144
28
9
350
5
62
71
3
9
38
46
25
260
64
5
53
0
3
90
41
30
362
10
19
4
156
100
383
22
105
453
176
5
10
5
3
50
230
42
11
116
33
7
31
0
21
102
58
144
2
6
9
5
133
103
780
25
61
1
35
0
485
447
145
98
82
13
165
115
277
69
139
0
67
1
102
40
587
164
37
80
98
37
12
49
130
9
68
69
90
39
154
7
301
157
42
215
37
116
106
13
169
285
358
218
141
7
5
155
123
57
8
366
0
0
25
154
6
56
101
36
84
36
51
180
55
30
3
73
34
65
298
52
218
170
92
334
341
7
33
17
