188
19
32
56
21
209
57
254
7
5
194
0
25
53
49
3
66
280
127
12
86
7
220
131
51
47
80
220
7
135
29
24
3
0
80
28
37
11
2
22
169
109
5
36
19
6
83
65
10
12
8
6
106
123
18
137
76
59
364
22
14
2
33
94
3
0
48
73
6
100
131
9
21
2
201
11
43
217
15
1
56
15
10
32
30
242
26
15
41
1
2
6
304
29
5
62
2
37
3
11
1
14
47
5
64
57
169
35
27
68
52
9
47
42
59
150
3
111
9
37
0
44
366
0
159
52
20
128
35
22
0
0
20
6
128
11
103
1
200
1
133
4
6
2
60
216
59
2
30
298
78
145
12
176
10
0
5
90
282
8
6
48
19
73
7
0
41
34
81
89
60
207
9
8
10
12
5
32
257
8
9
10
17
99
19
11
23
4
12
5
106
216
94
24
1
99
10
15
37
61
15
34
2
0
82
11
39
67
49
217
4
126
78
90
3
41
53
79
70
12
2
13
52
2
41
10
1
0
14
1
12
25
6
150
5
97
5
123
65
3
77
157
170
193
203
22
284
30
42
13
15
30
112
11
98
33
100
2
30
49
126
16
11
112
27
110
84
56
87
4
7
49
24
30
10
22
114
113
10
0
189
233
171
3
3
2
37
4
29
6
22
49
246
116
0
12
10
32
22
3
110
54
200
15
3
138
26
159
45
9
3
101
409
13
6
94
3
50
228
44
147
121
65
132
8
19
2
90
147
33
11
61
2
0
5
4
1
78
158
14
7
129
9
11
44
1
23
43
185
24
24
48
170
19
94
22
86
95
5
172
52
6
70
43
4
151
54
131
5
10
5
41
13
111
32
13
121
3
205
21
289
28
13
17
124
226
2
74
17
170
133
2
14
20
172
3
52
19
38
28
178
10
20
469
9
91
167
98
35
1
92
4
39
135
141
6
50
9
113
58
79
10
149
52
20
233
1
131
9
2
22
3
124
35
33
63
65
5
53
103
138
36
31
17
16
160
10
131
132
90
49
71
40
104
23
65
0
27
34
0
35
31
12
39
27
242
8
25
99
40
20
67
55
13
122
4
130
19
12
6
2
15
21
37
281
63
242
201
6
77
0
140
57
92
88
78
317
1
28
27
2
4
73
88
16
12
1
183
9
20
6
73
10
47
46
2
10
174
21
77
36
18
3
30
78
65
130
3
77
8
16
8
112
62
2
16
96
39
8
100
37
6
53
27
112
67
71
56
2
20
33
0
187
105
115
112
1
154
13
0
23
235
130
43
50
200
9
9
3
4
7
75
170
85
22
133
105
139
0
6
7
3
56
5
65
7
85
112
21
8
53
9
15
9
0
2
178
334
0
62
5
50
162
0
16
4
58
120
39
172
0
45
25
184
32
27
6
155
41
15
0
2
53
44
14
179
31
64
252
39
5
5
109
142
6
51
40
109
23
7
171
45
149
4
85
3
69
66
424
5
27
21
11
99
1
3
85
36
10
26
13
20
24
3
236
1
15
54
92
0
6
125
0
14
160
2
35
9
25
17
0
176
28
6
123
173
165
284
20
2
142
36
76
32
159
62
31
0
56
67
13
5
22
108
11
0
256
38
100
31
20
50
31
4
1
148
102
8
13
1
27
113
371
1
92
0
32
1
246
2
213
21
23
270
6
163
77
67
80
115
59
13
188
4
6
0
169
77
114
3
44
146
14
95
119
7
12
210
74
87
30
146
1
6
7
85
28
72
1
47
15
100
21
3
146
75
0
162
45
71
61
3
180
19
12
1
1
69
6
37
147
36
136
73
5
26
71
122
245
28
11
34
283
67
88
32
21
16
24
35
2
35
23
108
41
19
0
35
25
70
87
167
30
92
19
95
3
181
20
62
14
103
59
16
1
114
12
8
24
13
0
19
27
333
1
48
101
2
0
196
2
145
7
0
50
21
209
102
34
122
72
153
35
51
1
153
69
74
4
6
93
57
4
35
122
72
152
17
51
65
25
195
3
72
393
49
50
1
1
9
20
102
26
216
36
31
74
2
24
54
14
9
82
52
7
13
11
58
82
34
93
67
8
115
277
95
43
161
70
6
141
248
37
80
0
9
4
56
77
51
1
1
1
64
6
45
25
63
43
16
114
92
10
24
38
150
0
23
120
1
24
1
25
244
78
51
3
1
50
25
25
0
49
105
10
107
30
20
16
119
157
6
4
216
8
47
5
110
12
34
42
117
86
19
55
5
4
68
41
136
1
35
71
303
132
136
147
80
143
41
26
86
28
32
125
170
25
36
0
27
31
16
62
60
7
7
237
47
22
36
140
79
21
298
11
17
63
95
101
8
209
187
32
37
0
174
17
16
0
67
55
163
72
323
34
70
55
179
5
21
22
38
122
147
10
58
13
76
43
163
94
37
52
1
14
337
84
8
22
232
359
84
65
1
10
70
15
8
17
161
6
2
164
16
31
31
46
91
25
16
18
27
17
7
320
113
18
8
65
22
47
18
49
364
4
44
229
73
56
92
139
77
0
2
26
155
37
1
57
21
42
147
19
9
70
88
24
71
33
32
24
44
193
1
106
117
59
17
159
19
60
24
1
10
21
152
241
23
7
18
25
39
4
307
76
70
23
10
121
4
97
48
323
141
61
43
16
18
136
6
205
9
49
105
25
19
41
21
203
98
23
27
75
89
143
1
47
8
12
68
116
71
2
55
13
86
399
249
1
46
31
70
368
115
12
57
74
204
0
99
351
8
34
324
77
117
19
127
84
52
2
105
234
42
89
4
50
85
3
68
20
59
374
16
43
73
10
376
283
19
4
5
4
8
134
87
7
49
1
295
45
49
53
14
245
0
6
297
19
105
132
12
3
0
42
22
82
41
13
43
134
16
289
13
116
164
44
9
72
44
47
165
23
1
107
2
4
313
146
26
25
54
51
1
39
73
44
0
181
54
163
3
280
4
0
33
10
10
37
1
13
20
13
138
0
50
78
0
52
54
18
11
30
105
228
289
64
202
36
40
157
1
219
38
34
33
11
6
5
3
75
183
152
10
14
95
125
14
298
100
2
2
15
133
83
25
332
87
12
71
4
12
68
359
10
10
2
15
78
27
16
1
48
20
2
86
46
18
61
200
44
21
71
247
174
7
189
96
71
12
11
231
72
5
15
56
12
15
53
37
38
170
27
160
23
2
154
61
60
89
9
37
11
66
6
244
91
25
3
0
1
102
287
202
268
158
6
7
7
293
11
86
80
191
252
31
5
4
23
39
11
19
12
9
6
6
70
214
9
137
171
262
164
57
4
19
26
38
45
34
21
33
5
241
43
53
69
213
8
6
61
34
6
5
244
5
178
69
3
24
3
0
249
138
21
9
43
75
70
37
0
151
24
22
13
32
220
8
54
22
6
48
108
0
117
19
5
21
210
138
56
111
192
117
4
32
6
109
130
73
154
12
118
91
120
5
35
88
184
33
105
5
215
259
125
142
14
17
27
2
170
111
42
151
12
107
11
59
3
52
30
68
117
13
56
31
4
47
62
152
23
28
1
8
109
50
62
89
6
31
0
29
188
123
248
35
20
23
81
11
62
32
35
134
92
6
142
7
0
126
17
364
219
15
60
26
1
251
65
1
67
19
3
11
50
39
83
38
163
1
9
231
114
73
192
46
12
11
27
14
11
22
1
24
133
5
5
309
35
4
114
12
113
147
54
93
19
29
99
1
87
12
106
6
98
109
5
39
27
37
94
48
15
50
66
81
0
18
193
43
337
9
2
6
15
168
2
71
185
65
77
1
6
156
6
20
7
0
20
50
86
3
155
9
4
93
28
116
23
116
3
37
105
56
1
25
115
39
8
78
126
2
50
38
4
172
42
12
23
305
7
37
88
36
115
7
25
2
28
5
6
19
61
16
19
30
18
70
1
6
53
19
12
25
24
250
5
10
56
4
17
26
7
15
163
19
2
47
196
59
87
122
171
155
8
61
5
41
21
12
59
3
33
5
11
168
48
71
51
3
29
55
10
23
11
57
61
88
20
1
78
14
72
83
3
108
55
74
170
351
41
64
100
131
23
26
31
79
7
14
172
38
68
14
108
229
86
71
5
178
1
9
99
11
2
99
111
222
54
23
19
27
16
164
3
10
250
74
5
3
28
149
14
28
3
2
8
6
266
31
4
4
176
5
109
38
85
4
25
12
16
44
147
31
109
163
5
182
6
3
88
6
317
118
14
66
105
75
2
30
50
72
220
27
82
25
10
1
104
52
30
6
3
44
62
0
4
89
6
10
12
16
91
42
39
14
27
0
118
1
9
11
52
125
95
180
189
9
44
22
168
0
212
226
52
102
33
64
25
23
0
43
1
32
0
100
5
12
148
90
33
61
27
83
79
135
1
22
97
30
98
27
73
53
122
25
77
44
5
11
18
4
72
61
51
110
30
3
14
4
11
85
49
31
224
162
14
26
99
158
1
7
38
6
39
4
3
2
32
132
40
65
114
53
30
4
8
30
9
196
2
9
21
7
14
54
162
14
60
4
9
80
98
16
28
78
140
71
0
24
57
47
186
293
78
1
51
167
50
15
0
1
116
196
371
54
86
37
4
1
34
7
47
55
95
42
15
19
9
16
49
32
95
66
46
86
7
42
51
91
49
15
54
1
79
12
5
4
9
36
26
66
9
37
181
290
66
58
31
251
66
82
5
27
27
59
0
30
4
295
151
56
26
43
33
185
166
224
7
57
309
108
1
1
41
32
54
109
95
5
32
11
9
49
67
11
28
49
98
229
209
39
42
97
180
78
0
219
17
11
6
71
9
50
7
23
17
19
6
10
99
134
38
13
0
15
29
162
7
28
14
7
148
3
67
25
27
6
132
176
5
27
42
14
60
59
2
192
0
5
0
125
23
118
221
70
38
0
42
154
4
95
80
162
37
44
1
69
6
31
14
43
191
20
68
51
307
0
99
42
29
1
0
0
38
56
142
2
26
2
120
2
6
4
104
19
297
100
337
21
24
1
11
48
168
9
11
198
11
3
31
20
254
75
140
132
11
26
2
21
26
4
9
170
0
93
1
42
298
22
76
157
14
0
2
132
5
114
67
63
110
240
32
14
76
2
20
2
19
45
7
9
24
3
25
7
3
51
5
13
475
128
78
117
97
66
13
15
32
92
4
269
31
168
359
214
75
40
3
2
223
3
45
56
71
14
87
46
2
20
3
20
5
47
43
21
24
74
58
2
4
40
40
0
343
15
71
50
0
111
134
21
14
0
11
104
18
21
11
109
95
18
61
63
168
136
25
19
16
55
13
156
45
151
49
44
2
10
22
9
14
10
7
61
10
192
39
156
109
79
5
25
22
5
12
137
5
6
94
231
13
7
13
24
72
94
36
1
91
51
124
25
31
1
117
68
50
5
172
8
6
43
4
104
11
22
85
102
74
87
24
63
64
10
4
96
2
121
49
46
7
35
4
8
0
2
4
4
45
7
6
38
30
31
92
13
25
10
164
105
51
52
33
28
112
15
50
39
21
198
69
35
0
17
89
37
3
30
4
136
22
13
50
0
44
28
23
2
5
5
86
215
7
126
54
10
71
147
93
42
1
30
29
3
195
27
69
151
3
198
22
168
42
3
89
37
43
31
48
114
7
57
21
18
144
2
55
54
8
238
26
19
61
47
6
176
7
54
26
53
2
11
5
0
48
432
84
153
7
286
1
91
28
24
2
60
37
14
40
87
76
52
23
10
0
11
95
87
1
14
22
16
113
23
10
11
82
44
2
31
282
3
126
104
47
53
18
21
177
5
155
244
55
7
73
149
102
44
62
95
7
8
31
26
49
5
25
6
101
47
21
71
76
10
66
33
47
17
14
110
137
7
7
10
95
14
6
4
20
38
14
83
7
8
80
8
14
279
33
177
252
23
267
66
38
0
167
32
94
70
72
165
154
7
161
236
255
5
5
122
6
12
101
5
20
40
11
39
9
42
9
5
2
20
124
5
20
16
0
6
34
50
92
12
113
133
16
14
16
31
0
15
10
10
1
6
6
9
54
29
30
35
77
24
76
76
42
103
35
191
56
77
1
13
4
11
215
10
6
7
379
176
1
205
54
98
36
24
6
18
232
63
56
143
6
14
0
26
66
264
35
107
251
49
46
78
65
33
10
0
2
42
27
5
26
4
162
8
100
31
18
26
15
28
2
112
55
38
55
116
145
3
192
128
123
20
74
194
5
8
65
0
1
3
9
71
2
41
154
22
2
1
25
4
22
28
253
80
55
71
7
187
10
313
3
6
13
3
30
71
4
27
17
234
18
119
20
8
10
201
167
297
84
84
7
363
11
50
29
48
24
38
57
7
46
33
8
8
2
9
66
44
38
71
18
1
122
20
8
7
48
11
21
100
9
3
10
12
163
301
2
1
58
72
185
58
18
63
104
85
31
21
48
0
212
72
4
21
5
250
6
12
33
50
66
0
2
31
4
29
11
60
17
22
4
126
255
3
2
103
29
151
70
98
56
54
39
42
48
94
370
32
0
18
141
141
131
102
24
80
21
86
1
15
140
104
94
3
26
54
12
188
264
1
12
0
76
37
11
88
15
2
29
27
49
6
100
9
51
162
8
78
278
17
10
33
22
30
102
39
6
102
111
50
22
25
4
4
26
1
8
13
113
20
17
7
2
173
99
126
8
1
15
55
4
79
21
29
1
12
126
15
52
53
16
5
23
281
4
17
5
2
9
16
0
10
97
31
26
10
69
2
13
59
40
1
67
0
142
4
17
74
10
43
51
7
140
1
11
11
24
7
6
30
10
23
114
46
1
4
21
87
40
13
5
135
94
46
34
10
22
6
60
10
17
8
89
12
116
22
2
12
5
12
77
5
324
100
1
12
64
6
281
25
0
16
308
12
73
22
141
59
66
82
10
39
13
147
455
26
24
187
41
7
161
47
92
42
36
15
42
15
73
17
37
14
39
6
131
5
349
98
327
5
10
25
13
314
82
19
91
78
8
63
301
0
20
15
12
125
176
1
127
3
98
42
97
18
79
7
69
21
46
0
15
22
14
5
53
75
135
34
4
32
2
24
34
20
5
36
37
4
8
136
5
66
3
24
86
126
6
31
33
2
29
5
231
71
80
92
7
23
1
4
55
35
1
25
36
1
15
18
40
75
67
4
5
2
193
31
10
94
53
166
30
6
15
0
271
54
0
7
250
34
7
64
3
15
67
137
25
21
2
157
0
2
224
13
20
157
1
3
79
5
1
19
83
31
8
49
84
184
25
0
58
74
220
1
6
41
34
53
51
16
72
19
172
11
10
163
6
259
24
3
76
8
133
33
84
127
209
13
45
0
138
113
110
43
22
62
42
60
142
0
111
1
84
1
63
13
149
46
12
23
185
51
14
305
26
26
15
22
149
14
74
15
224
10
1
230
8
74
155
19
24
223
29
12
104
45
2
5
84
33
41
52
25
33
63
34
3
36
152
83
44
67
96
63
190
16
56
34
1
19
41
5
3
182
5
41
12
44
7
90
199
144
7
2
4
240
92
174
37
4
23
242
175
28
19
73
97
5
11
4
281
37
1
11
91
22
7
156
42
49
81
4
55
78
0
135
117
40
0
3
36
19
116
11
15
48
8
12
15
4
14
2
12
117
11
0
107
39
47
34
24
18
6
22
96
7
32
34
2
17
2
1
11
46
26
74
61
97
128
58
3
39
20
5
9
0
130
9
113
0
70
0
3
6
66
4
15
1
16
41
188
8
63
0
47
18
136
114
3
46
236
5
38
16
5
0
1
13
88
4
7
223
150
29
79
9
107
29
30
99
345
29
126
247
33
125
4
121
42
173
1
244
14
11
0
131
0
1
61
119
5
7
1
4
146
11
1
11
66
18
25
20
29
5
250
38
6
10
10
13
4
156
9
23
1
94
31
214
312
11
73
84
0
4
118
1
2
53
28
293
76
87
42
3
2
2
4
184
119
35
45
7
0
55
30
28
10
105
6
73
40
41
11
1
33
63
68
299
32
134
138
100
16
2
2
7
1
102
30
3
2
12
65
117
74
9
75
15
234
4
21
6
23
27
210
10
46
191
89
25
172
22
10
12
69
0
6
17
94
5
35
50
71
130
35
1
5
53
257
78
25
64
19
20
36
85
7
104
75
122
99
1
0
318
30
440
14
107
122
16
27
12
34
16
144
83
80
7
0
119
60
4
73
11
3
136
47
200
0
46
65
9
3
11
0
14
112
1
24
19
76
16
24
63
12
14
131
4
66
127
1
174
63
6
4
113
22
9
8
6
128
6
238
105
5
32
123
196
0
50
5
31
18
26
28
25
68
151
4
58
78
23
261
24
92
212
218
6
3
493
229
183
9
19
2
1
146
15
101
128
74
38
44
111
55
78
6
25
46
134
94
112
10
3
118
353
8
1
23
40
1
26
1
164
13
81
0
157
24
53
138
11
5
85
117
123
19
43
0
17
1
2
24
87
134
339
23
0
43
98
2
232
13
117
1
1
82
35
3
89
105
50
2
16
149
14
19
7
147
1
4
47
14
3
54
26
91
11
3
68
28
2
78
96
173
6
34
24
10
6
84
5
88
105
45
1
7
61
203
14
39
52
4
19
22
154
16
7
19
0
65
132
17
124
338
13
113
16
16
1
7
60
3
84
28
57
0
6
133
25
44
43
392
2
18
65
77
27
18
59
7
62
42
38
11
32
26
68
17
96
97
152
4
4
47
259
2
20
2
14
9
97
9
17
85
134
56
8
269
2
15
28
90
4
39
391
75
94
11
54
37
33
68
79
5
2
3
3
2
0
23
18
164
11
6
8
129
305
60
207
116
7
58
22
30
1
40
7
13
39
100
183
11
28
135
95
101
12
36
62
56
65
48
223
18
47
15
30
196
29
5
31
64
68
130
0
18
24
3
202
3
35
1
31
174
108
42
34
70
61
1
52
17
6
99
19
123
10
29
41
80
31
1
53
142
13
209
80
87
142
50
6
51
225
221
114
1
43
8
36
198
8
1
68
28
79
1
1
34
30
16
74
19
5
1
52
92
91
33
149
8
7
20
3
3
22
16
45
119
66
49
1
111
1
75
252
138
4
216
19
85
66
0
16
13
8
5
28
118
67
126
82
11
196
89
8
50
182
41
39
1
6
18
69
11
0
12
22
80
22
92
131
36
0
0
16
34
3
17
134
97
4
2
11
114
9
97
14
63
244
19
201
115
0
25
184
14
3
54
252
7
2
130
53
70
1
33
66
116
28
185
44
54
5
74
24
15
65
130
114
19
132
19
130
61
57
22
94
40
218
111
9
16
89
42
52
91
1
59
8
128
31
33
389
97
1
12
25
0
109
3
10
0
0
3
82
64
99
130
3
3
147
41
3
60
12
172
55
124
27
42
84
244
20
20
26
18
5
60
209
27
236
78
18
33
1
3
11
2
25
19
9
19
30
75
6
5
1
280
26
66
20
171
9
112
1
2
45
225
22
54
53
10
403
184
32
19
228
130
21
104
23
6
62
34
219
3
6
64
152
6
55
50
153
23
19
46
58
7
27
171
41
137
71
14
1
266
2
15
221
5
55
10
21
68
18
21
50
9
1
1
8
4
108
0
0
284
29
76
3
3
159
3
121
6
24
12
7
4
21
25
13
279
39
172
98
6
6
9
30
37
96
0
4
1
56
29
13
131
37
196
138
20
131
44
87
5
18
36
129
10
109
20
33
34
76
223
108
144
27
2
63
17
3
19
27
70
14
6
31
83
6
6
20
7
3
103
340
138
12
7
139
192
42
13
38
10
39
53
13
329
15
46
160
215
9
55
106
2
16
143
54
42
145
48
4
0
