60
30
7
45
16
45
13
17
128
76
35
0
5
0
37
1
33
67
84
38
56
5
16
5
58
19
46
11
22
11
13
13
3
2
13
18
37
2
32
16
28
8
21
15
5
10
7
3
6
19
1
0
33
30
40
15
3
8
15
9
8
82
4
27
3
29
74
8
31
13
21
40
24
0
0
0
50
1
17
9
63
105
8
16
21
13
66
0
1
53
9
16
0
7
8
45
17
84
2
0
8
97
0
22
116
48
29
76
22
12
10
16
11
39
2
16
6
49
103
77
64
109
76
48
2
41
9
1
8
28
63
39
15
4
2
0
108
13
0
131
26
27
97
4
0
0
2
66
39
2
7
9
13
25
16
11
54
37
51
23
49
29
25
103
6
13
13
12
22
15
0
3
42
3
13
18
5
6
10
4
19
39
29
32
0
16
37
5
37
115
0
10
4
0
2
28
78
42
1
102
101
30
8
43
12
8
5
57
41
3
20
29
144
18
36
67
25
11
2
8
13
14
50
77
85
68
13
27
23
3
13
27
0
2
8
65
5
33
37
52
2
6
83
25
2
42
41
104
7
48
21
5
10
83
22
0
14
65
13
0
58
0
81
3
18
15
0
45
31
6
1
2
80
3
11
45
7
81
127
7
4
0
4
7
15
37
3
50
42
27
26
63
24
11
6
35
12
81
63
15
92
6
2
11
131
1
1
4
23
48
6
25
94
1
6
22
35
14
42
25
15
146
6
17
45
48
26
0
57
4
34
0
8
2
52
23
3
21
7
25
7
5
2
2
22
19
24
1
11
3
98
0
9
101
91
58
44
68
15
174
57
80
38
61
24
21
146
59
4
23
0
10
2
17
19
39
31
7
34
15
0
3
26
35
71
25
18
64
5
1
4
29
9
2
2
75
135
12
9
124
8
14
44
2
0
25
16
0
31
41
45
6
4
92
17
6
0
131
74
30
5
5
48
127
4
13
0
25
147
2
60
86
14
16
3
0
36
2
47
2
98
15
7
16
0
14
1
11
105
64
0
71
10
2
14
35
17
0
5
51
7
9
22
12
19
17
7
4
63
46
0
11
11
37
66
6
30
43
63
16
1
9
34
61
18
12
37
65
3
86
8
0
0
30
17
46
3
38
0
85
64
3
1
33
1
48
74
44
3
1
3
76
6
62
5
3
8
22
3
101
1
24
8
69
8
58
2
20
39
24
33
19
23
21
12
9
38
15
0
0
52
22
109
29
40
16
8
37
39
94
4
40
156
51
23
8
19
5
1
158
18
0
24
12
3
18
22
24
9
6
117
17
6
9
18
16
1
1
15
16
25
3
137
29
21
4
13
45
13
52
54
10
91
7
47
6
50
27
29
0
39
6
10
10
46
97
10
30
57
2
122
1
11
15
63
10
1
37
34
0
181
21
47
20
6
47
9
46
2
18
0
15
38
25
55
11
9
32
1
28
2
57
30
3
10
57
27
7
47
0
17
5
29
4
12
37
66
15
14
3
101
52
39
129
16
24
31
3
28
17
3
10
23
42
2
69
1
57
1
4
30
51
33
0
10
56
38
45
27
50
19
24
2
56
72
61
65
22
42
120
14
3
3
19
59
53
17
40
0
4
8
42
29
0
111
0
2
60
7
29
4
23
6
46
57
25
5
15
58
2
33
21
1
26
2
11
6
18
70
3
19
59
32
39
128
13
161
16
8
44
11
11
41
87
0
26
4
9
55
0
29
10
2
76
9
9
132
112
127
13
10
26
97
4
4
18
6
3
29
32
127
8
1
12
0
3
56
0
42
6
15
21
97
5
0
6
1
33
58
0
19
0
27
0
12
13
10
2
44
110
24
77
14
1
6
13
2
3
29
50
4
22
4
18
59
42
48
7
5
7
1
60
0
1
2
39
28
5
3
4
9
7
14
1
63
27
25
2
46
6
0
138
50
0
9
6
17
12
42
61
3
50
58
51
18
0
6
0
7
4
52
1
37
13
27
46
12
14
8
50
9
58
1
13
74
0
0
58
8
6
40
23
4
17
3
17
2
94
129
4
17
67
15
29
12
26
27
55
12
2
11
