23
28
41
54
38
142
135
107
16
18
142
56
10
6
21
21
25
12
16
35
32
2
0
18
46
39
15
87
188
29
1
28
6
21
61
95
24
54
14
7
23
1
53
9
1
35
22
6
17
20
1
46
3
8
20
16
91
4
1
1
63
155
21
1
115
246
0
79
1
3
0
10
14
63
23
55
1
37
108
1
59
66
48
42
15
8
45
25
75
7
38
25
59
11
22
8
63
0
86
80
67
54
70
145
3
63
15
52
14
1
22
27
26
3
4
37
1
46
107
54
47
39
58
11
2
83
4
3
35
17
55
92
44
142
0
25
2
5
6
14
38
11
28
37
12
6
0
9
16
1
22
35
5
24
30
59
71
45
35
91
0
25
51
12
17
174
3
5
0
74
169
283
9
41
37
24
127
10
8
163
11
0
14
23
2
38
15
34
27
2
6
1
44
24
6
0
10
25
95
14
63
54
24
59
40
8
2
50
147
11
44
47
2
2
15
0
58
31
27
19
4
12
7
103
2
4
1
3
76
6
79
40
15
81
24
156
21
61
7
9
41
115
13
9
0
105
79
45
2
3
71
118
13
23
7
168
24
4
0
99
86
5
53
33
4
2
16
4
51
1
98
52
1
10
21
221
103
0
4
4
44
6
3
10
53
35
52
67
113
1
72
8
33
0
0
69
2
19
7
0
73
145
25
2
7
26
13
62
25
69
38
77
26
37
133
13
67
20
42
19
7
10
49
79
5
30
26
96
29
24
11
48
18
4
46
115
14
1
71
174
11
189
97
147
73
12
8
42
108
174
8
6
1
115
0
8
81
49
6
3
68
114
1
72
129
1
10
1
1
3
11
11
51
62
16
26
35
10
28
1
47
14
4
24
4
74
46
2
15
13
3
15
70
95
2
5
19
79
24
20
2
147
21
2
38
35
69
0
67
6
25
85
31
70
125
12
130
4
76
59
33
3
64
162
2
3
4
16
68
4
4
44
19
146
11
21
6
0
71
45
17
115
73
14
191
48
110
2
123
112
38
11
2
13
3
6
10
11
115
35
0
14
87
1
7
96
0
39
3
29
40
1
13
0
10
116
65
16
0
116
5
87
0
2
42
50
8
14
20
52
27
6
33
6
36
50
2
7
6
0
28
30
5
55
25
71
2
10
61
68
36
54
57
24
67
19
2
30
115
55
2
33
0
212
76
25
43
104
91
3
52
29
101
18
85
32
76
79
8
90
3
4
114
81
52
2
48
195
52
79
17
155
6
49
37
36
48
0
12
8
34
6
134
78
7
126
0
1
19
35
4
6
67
160
32
1
12
5
4
42
18
65
242
2
26
13
31
27
7
115
120
45
56
14
186
12
0
54
46
10
85
111
22
16
52
104
3
36
3
81
37
112
33
46
4
41
26
3
75
4
18
5
22
8
2
7
82
1
118
23
1
38
26
76
11
7
8
1
74
34
5
50
2
11
3
0
11
15
111
3
33
43
101
23
115
93
95
2
5
8
9
9
54
105
6
143
8
1
31
136
13
19
30
51
42
104
150
25
205
56
2
26
14
65
62
5
39
58
7
61
40
84
1
23
46
152
28
12
41
22
0
4
96
36
6
6
31
47
7
59
0
43
0
9
55
9
10
142
18
0
34
157
2
38
0
17
20
55
0
14
79
3
8
3
104
71
48
5
17
10
5
4
75
6
16
6
21
52
8
48
59
89
11
129
0
2
45
42
74
44
10
24
65
174
49
7
4
16
0
29
46
63
43
1
241
2
40
9
0
2
2
101
18
1
64
19
1
88
18
29
80
33
11
4
48
0
23
6
141
0
4
11
17
11
79
52
65
0
118
41
93
48
1
2
30
41
10
71
23
27
19
18
5
145
2
61
8
17
50
86
6
5
132
2
15
12
87
25
12
18
1
90
54
53
131
4
1
18
8
9
66
7
27
6
82
157
31
33
5
30
12
11
16
14
165
123
10
94
54
13
147
23
18
14
126
40
3
44
38
46
0
115
0
49
17
17
24
45
86
33
44
7
17
57
2
8
28
1
79
14
28
21
179
1
85
4
92
2
1
8
55
7
2
33
4
3
54
45
47
94
58
230
42
96
7
25
43
20
41
7
5
40
3
11
6
84
12
4
52
38
54
31
42
7
13
18
13
123
58
60
4
14
45
22
11
10
155
35
66
51
10
50
13
3
30
6
52
1
110
20
1
86
2
18
6
102
149
21
51
22
0
2
129
81
4
66
105
5
4
127
48
22
85
31
32
36
89
45
13
7
0
51
82
35
10
3
54
34
1
42
34
93
12
74
23
4
28
9
14
20
22
45
51
28
161
0
17
5
40
21
7
5
10
114
12
104
4
43
0
86
27
2
14
0
39
5
55
23
88
27
95
55
3
89
8
36
23
12
5
2
23
1
135
5
93
4
5
13
0
81
114
108
0
95
126
83
0
97
7
2
20
40
3
12
118
15
154
2
3
9
18
2
11
39
57
1
23
2
48
69
6
17
71
8
159
25
85
9
7
28
21
96
70
123
81
1
53
0
10
20
250
76
16
60
167
1
176
16
19
5
59
121
242
9
150
12
35
2
13
0
8
7
17
13
11
56
124
5
184
1
8
16
57
86
0
58
9
23
38
28
107
74
102
2
50
54
2
15
46
13
48
19
5
62
2
19
89
14
3
29
8
15
33
31
118
7
43
11
66
91
21
0
8
1
66
0
59
27
19
21
167
216
19
21
115
8
93
55
14
1
10
47
60
6
9
40
11
11
2
92
50
2
33
28
23
90
8
7
35
41
4
6
49
1
68
1
6
105
131
47
35
3
65
21
1
85
34
10
110
17
46
5
12
21
116
67
57
63
102
55
9
23
9
79
0
17
58
8
33
2
14
6
11
8
88
0
22
1
10
45
76
10
45
42
28
116
11
7
8
105
27
102
139
98
5
123
86
81
106
97
4
45
28
68
39
7
83
125
5
57
23
15
89
15
93
0
23
1
53
15
11
0
55
0
37
10
27
76
12
28
19
26
10
54
17
3
4
8
1
19
38
15
11
91
193
0
7
8
89
34
11
56
89
37
4
169
1
4
115
27
29
2
27
12
59
20
1
0
5
23
17
41
0
34
19
12
9
30
13
22
10
5
0
95
2
49
21
145
15
39
99
180
41
13
21
26
24
6
25
1
9
136
4
4
28
86
19
2
1
12
26
10
3
103
20
32
7
7
19
0
34
2
6
1
159
31
41
1
0
3
40
10
46
24
11
43
184
30
8
10
5
72
87
21
5
2
3
3
3
4
46
147
0
2
13
32
16
150
29
21
0
10
0
47
3
16
0
0
34
31
19
163
136
1
1
1
114
59
2
20
53
59
108
0
0
0
7
9
12
20
17
9
3
38
0
121
62
6
26
32
1
92
48
49
9
59
21
63
42
21
15
93
11
3
5
128
99
0
4
20
126
6
32
237
0
0
27
2
40
7
37
0
14
15
30
11
106
5
7
142
27
6
2
106
16
16
11
3
7
93
4
22
1
37
81
9
13
77
2
28
124
54
1
161
54
0
9
27
111
22
72
9
7
29
37
30
3
69
10
13
2
0
22
2
22
4
13
4
48
3
109
79
78
35
103
7
39
13
80
7
99
268
0
16
30
3
24
17
15
6
33
28
8
99
67
1
37
2
152
82
157
3
64
81
79
38
1
8
16
20
129
20
155
2
35
24
73
12
84
20
4
185
4
103
41
1
0
34
44
61
2
50
59
83
159
63
5
5
32
0
4
88
0
27
28
26
34
16
29
9
19
126
9
73
7
148
85
48
98
232
18
19
1
31
52
71
11
143
46
40
26
138
7
8
22
62
73
7
12
3
6
28
23
19
32
156
45
4
52
28
76
2
35
7
6
3
10
83
39
81
52
21
21
6
91
22
6
13
222
4
107
1
41
31
22
55
60
13
6
128
12
5
22
14
14
12
15
43
10
11
1
42
22
49
32
118
0
3
70
37
30
52
17
6
186
85
4
11
5
2
4
30
84
9
49
41
0
1
5
5
74
2
93
28
42
9
10
2
22
4
33
25
10
21
5
6
152
26
110
31
16
17
23
135
147
178
127
1
31
22
34
71
7
4
42
138
8
44
117
4
16
3
5
9
101
46
2
15
12
160
16
73
2
15
38
2
199
5
4
7
113
2
17
24
34
7
6
110
28
0
38
9
53
11
15
30
39
75
22
20
107
124
3
18
144
65
1
46
57
13
0
12
36
4
72
26
68
69
4
30
44
16
2
39
6
34
37
1
31
40
18
25
2
70
63
108
1
18
65
133
29
159
37
50
129
3
4
5
57
47
22
12
48
0
96
17
12
2
2
126
37
32
5
0
44
13
4
85
253
38
84
147
97
44
11
7
18
52
2
77
259
0
10
15
91
20
5
6
231
26
3
0
1
198
15
20
13
19
2
90
57
108
6
15
38
32
8
26
0
12
11
62
23
20
94
88
58
46
7
179
42
104
3
9
28
109
118
110
130
101
62
5
17
50
31
30
0
18
99
20
0
25
8
2
13
110
3
22
9
44
112
80
122
115
3
41
116
21
22
4
5
19
4
2
0
50
46
52
10
174
2
6
37
7
28
7
25
5
6
207
49
36
15
75
26
38
11
39
0
15
5
5
1
0
39
7
106
137
46
48
8
17
78
5
10
119
14
309
49
33
80
78
29
3
45
60
15
88
81
142
19
6
12
8
91
3
4
24
13
34
23
69
39
20
0
68
37
7
54
8
54
1
126
24
110
26
0
115
0
1
17
9
6
48
15
19
68
25
1
50
52
8
26
28
50
5
97
11
18
5
5
1
22
4
31
81
14
2
3
45
18
40
16
3
0
116
53
2
128
1
26
35
5
17
5
104
123
9
51
236
2
0
131
11
3
24
28
52
10
9
7
83
37
53
37
261
8
8
59
72
35
6
3
22
134
74
27
41
70
5
53
100
41
40
106
13
136
32
4
20
17
32
156
10
49
57
19
48
39
27
17
45
54
11
34
162
24
54
4
3
23
1
6
4
2
4
145
162
65
8
1
119
16
4
11
5
48
5
48
77
1
21
12
38
104
29
3
6
5
89
21
1
33
34
35
9
41
1
27
54
77
54
44
54
81
12
20
15
1
28
0
124
54
6
112
10
19
23
20
46
1
69
8
76
46
3
31
9
39
20
1
27
21
25
3
21
3
88
15
20
33
77
21
2
87
11
62
88
76
46
157
37
246
152
51
49
24
54
21
83
51
6
20
7
6
47
17
178
5
49
41
1
45
81
9
0
168
50
47
0
94
2
52
43
24
153
42
39
27
78
1
233
95
16
94
0
10
36
115
39
3
9
18
96
82
32
12
134
119
19
11
65
8
12
1
35
136
20
0
39
17
2
19
16
6
46
53
17
53
7
62
86
1
25
10
1
2
43
4
1
6
1
16
47
9
8
122
6
57
25
7
16
15
43
116
35
53
30
0
2
12
17
0
18
115
24
6
13
0
1
23
11
28
4
51
26
6
0
220
159
48
10
76
22
96
23
2
3
38
16
18
5
113
18
1
6
0
6
3
80
3
21
118
134
45
61
9
19
1
8
12
8
40
54
7
112
14
12
36
120
47
30
17
16
27
222
32
10
91
6
69
28
5
2
112
62
20
1
80
98
5
2
14
75
78
50
2
66
65
0
17
2
5
102
25
142
6
16
12
12
0
13
1
99
5
33
9
159
21
2
32
4
64
223
41
33
28
46
43
82
9
18
161
7
20
100
92
12
9
198
1
17
3
7
19
148
55
100
9
4
31
23
112
38
14
37
5
80
34
43
41
54
8
14
70
143
47
111
15
9
2
20
101
151
132
21
44
48
5
57
8
97
5
6
15
147
16
0
70
76
59
11
35
78
4
4
15
80
16
0
1
0
4
100
2
2
6
94
69
0
69
20
20
27
1
2
70
16
2
30
28
50
77
71
47
97
36
8
3
6
106
110
1
25
137
14
2
16
4
46
20
23
7
32
83
32
32
48
3
4
26
3
29
72
1
87
18
26
17
6
29
6
117
4
9
37
44
111
130
5
7
10
20
48
33
37
11
30
99
39
119
72
30
15
58
20
41
19
148
47
15
79
6
32
12
29
23
6
17
106
76
12
152
77
60
39
114
98
0
0
12
32
13
49
86
62
26
45
62
7
27
44
73
3
30
0
0
12
60
5
62
33
84
5
7
99
0
20
47
5
2
53
13
4
14
126
14
77
43
4
69
63
54
89
68
12
21
11
8
7
3
32
10
19
9
77
33
13
64
90
43
10
4
65
2
78
142
2
9
29
4
6
0
38
46
95
8
23
19
59
1
11
65
130
0
2
47
47
11
46
41
83
31
15
100
7
208
15
1
127
93
9
14
14
2
9
36
39
20
29
30
17
2
22
71
25
194
165
231
27
49
6
37
12
65
50
15
48
120
90
0
96
23
57
9
101
28
2
40
4
33
205
116
15
25
8
15
69
87
43
36
1
8
2
1
180
32
11
1
16
53
46
53
67
2
42
63
99
61
28
48
87
6
45
19
14
15
10
68
0
106
172
34
39
7
0
69
22
77
113
41
96
0
2
13
17
50
30
38
10
3
96
11
4
31
57
38
21
94
16
56
0
55
10
48
13
33
1
36
182
65
29
8
32
10
16
12
34
9
18
37
65
2
155
18
21
9
103
4
7
4
6
18
215
14
23
3
96
38
51
35
5
47
46
23
27
7
30
49
22
156
14
5
1
6
1
12
28
2
0
7
0
29
175
21
18
5
96
14
98
46
141
12
136
12
3
68
24
3
65
21
136
33
11
67
0
27
227
7
6
7
77
5
188
37
56
59
67
15
16
171
24
113
60
0
17
2
15
0
23
20
151
97
8
23
17
3
7
73
29
92
1
61
25
24
1
12
17
9
42
71
1
2
0
86
2
25
1
0
3
2
4
3
20
90
1
20
6
20
72
19
126
39
18
3
34
2
82
13
1
219
8
107
90
15
2
34
14
20
21
164
1
19
2
169
5
43
5
16
10
45
39
142
7
60
1
6
5
183
2
88
34
37
8
5
145
0
14
14
5
21
15
0
6
26
1
11
24
19
66
56
3
33
64
4
49
11
8
48
9
118
29
15
61
1
1
8
71
64
21
127
30
6
3
51
27
93
6
88
68
121
15
9
16
120
42
19
18
4
14
1
10
37
10
139
39
4
61
105
31
83
146
85
49
0
1
31
10
24
108
90
3
22
109
112
28
13
13
24
94
8
26
131
0
0
51
25
14
22
5
47
22
13
11
26
4
132
26
23
9
7
14
12
31
23
13
24
72
17
26
13
89
14
33
40
41
4
96
7
11
95
29
91
5
48
21
76
140
152
20
36
45
1
111
134
1
171
35
25
8
6
73
1
48
8
86
35
15
30
63
25
1
5
13
40
28
86
7
106
21
4
5
104
13
13
78
117
49
8
70
215
77
20
31
67
25
48
89
4
43
71
14
17
23
9
127
6
1
11
18
7
184
9
24
22
1
67
90
9
23
4
156
4
5
126
0
68
20
88
82
7
25
22
71
11
57
82
28
47
4
2
158
92
1
2
45
117
3
5
57
93
171
48
5
44
44
119
42
16
36
45
5
16
24
59
14
113
11
0
7
16
88
68
37
96
12
11
5
5
101
9
2
148
22
2
64
172
36
15
134
25
0
3
4
7
3
25
4
94
67
2
3
7
175
24
12
53
11
11
20
1
8
13
128
10
35
20
174
14
101
24
11
1
29
12
117
0
28
93
8
10
70
73
45
217
41
1
73
26
44
60
1
15
30
59
12
2
34
8
17
40
3
16
39
8
1
0
10
6
33
159
38
4
13
16
151
104
40
74
1
5
14
5
0
37
8
13
70
26
28
20
8
4
118
6
6
1
4
71
59
76
53
14
16
67
72
8
20
1
69
42
2
23
29
8
37
43
16
18
16
12
1
6
90
11
0
3
35
24
0
76
14
60
58
1
12
39
2
44
10
16
7
32
10
121
7
174
38
2
48
53
27
104
5
34
8
9
25
3
191
2
115
20
22
8
46
137
3
24
88
47
29
135
248
11
7
137
19
52
17
4
71
20
26
4
101
24
39
1
25
56
4
27
1
36
1
2
2
16
18
4
62
68
7
9
1
62
82
36
7
20
14
2
19
6
55
16
91
8
8
207
58
77
29
4
3
26
21
49
53
17
17
17
17
102
19
79
113
57
54
41
96
68
15
32
0
85
23
20
139
63
5
72
85
6
15
3
96
2
7
18
105
14
44
10
1
53
52
47
11
55
9
74
10
6
12
1
2
3
6
2
52
49
3
6
4
39
21
5
4
103
66
1
19
12
7
35
42
109
11
20
0
3
18
82
18
10
0
10
119
44
99
21
45
5
1
33
49
2
151
25
4
10
34
19
106
57
25
65
16
2
4
40
46
3
84
44
3
103
82
8
6
70
14
55
249
137
0
1
1
18
117
7
4
5
27
7
9
23
192
29
12
6
15
2
65
45
29
16
10
1
38
10
14
2
1
17
30
131
4
7
84
10
37
40
106
63
157
4
73
16
92
112
10
10
11
34
33
2
107
37
36
33
8
17
28
73
52
58
13
16
74
14
29
62
29
157
117
77
27
13
55
114
24
50
16
16
29
20
18
63
102
17
3
1
23
26
53
29
1
1
5
92
116
1
17
12
18
232
59
6
23
93
31
14
5
13
7
198
11
2
34
1
20
37
0
7
68
18
104
33
1
177
228
73
20
0
6
49
10
22
16
38
22
16
60
82
3
33
19
119
18
165
18
96
31
208
8
54
0
20
5
64
41
48
87
56
44
25
7
42
67
7
97
17
89
23
37
63
167
36
8
5
56
12
5
36
0
67
20
0
29
6
4
110
2
2
0
47
70
3
94
5
96
5
19
90
24
1
12
36
26
55
57
170
7
85
8
52
200
0
4
26
15
31
10
14
14
7
150
91
21
82
1
13
79
12
51
1
11
70
25
50
27
82
4
5
187
77
8
22
67
11
10
32
8
3
11
4
58
49
47
14
57
6
32
50
32
138
9
88
11
0
4
28
6
73
57
44
12
12
165
1
14
11
43
20
42
9
46
2
57
212
1
35
32
53
16
23
94
92
101
43
32
22
146
82
2
14
93
17
15
139
83
45
49
91
30
8
8
12
10
118
43
20
57
61
65
79
56
135
154
40
148
24
8
10
11
49
130
3
110
64
9
5
61
5
61
38
60
49
89
42
61
29
149
141
19
33
0
0
3
2
0
50
11
7
37
39
8
155
8
85
7
8
14
21
111
54
3
2
16
0
30
64
37
13
27
100
12
1
3
33
15
11
38
16
9
15
29
11
0
15
8
0
30
3
212
3
41
137
3
4
0
36
67
1
40
29
5
15
8
4
15
1
99
7
21
11
33
10
156
8
170
14
18
28
24
22
10
42
10
184
11
13
86
2
1
19
15
5
65
67
23
54
40
213
15
27
5
9
50
94
82
56
44
3
0
12
30
2
59
68
0
19
38
135
17
165
62
17
4
4
3
2
5
13
176
23
6
157
8
126
13
53
38
19
9
9
98
0
15
0
124
50
16
16
47
2
15
15
25
95
13
31
1
80
193
16
8
21
4
7
9
171
19
1
5
3
2
155
6
1
30
40
32
44
31
25
11
101
2
38
9
1
7
64
27
14
6
38
111
35
57
0
24
4
8
5
55
113
45
0
65
0
5
79
2
2
18
4
20
11
9
37
65
14
108
33
8
1
39
31
4
3
53
25
24
37
2
14
103
26
49
79
0
9
1
33
3
137
3
71
10
20
4
1
2
89
82
24
16
4
3
38
22
116
96
17
4
2
8
253
7
22
4
40
115
6
21
8
14
47
25
2
34
37
6
18
20
5
9
169
100
102
95
26
40
7
39
11
59
52
2
44
77
37
76
63
5
16
92
12
12
4
143
1
26
19
54
32
7
10
5
21
0
30
18
90
23
15
107
0
17
0
1
26
72
10
0
6
15
65
35
20
0
85
60
27
73
10
44
2
2
107
12
84
129
0
10
17
10
15
86
65
5
19
7
8
9
10
79
10
17
39
48
1
4
15
7
81
20
76
98
88
60
2
124
2
123
22
3
12
2
44
0
10
54
6
70
126
56
113
26
28
0
5
83
106
8
44
4
66
1
8
2
11
2
22
25
8
0
38
55
30
2
2
58
7
47
0
24
95
5
110
29
10
1
77
2
13
3
39
40
41
2
27
9
8
28
1
6
140
30
13
44
40
3
0
59
43
26
3
4
14
21
24
135
48
5
104
7
28
16
29
23
3
71
21
19
4
35
17
58
28
33
1
42
47
80
3
111
25
2
6
7
87
11
5
1
8
31
2
0
49
44
177
65
53
48
11
1
25
5
107
90
6
3
7
14
15
3
32
4
21
7
73
19
149
0
55
18
15
10
23
32
70
58
38
32
4
207
31
38
18
108
24
23
4
4
10
57
9
8
11
13
1
32
89
162
10
17
148
77
68
1
6
30
131
60
13
32
49
9
7
12
54
4
3
6
8
126
7
134
69
12
128
4
39
11
11
41
104
15
23
79
65
28
29
64
37
27
97
96
0
42
119
0
26
8
6
39
26
22
71
58
14
107
67
46
2
14
11
7
14
21
19
26
10
13
13
34
104
27
4
24
69
29
24
6
41
18
10
1
10
148
2
58
23
5
88
13
43
135
0
131
1
3
3
2
11
9
121
34
4
22
46
38
35
26
61
90
72
43
9
5
70
7
11
42
79
105
9
16
6
64
129
13
135
27
5
45
2
24
196
125
30
17
10
6
3
9
1
13
14
22
9
86
0
18
84
17
55
26
114
1
89
11
13
136
0
15
1
58
0
9
1
19
33
95
2
82
36
6
13
43
1
12
34
50
103
0
39
14
12
132
3
21
40
79
9
12
1
83
25
79
11
24
27
51
86
199
8
111
3
18
111
52
5
94
5
20
2
4
62
23
222
101
3
19
39
10
21
51
14
54
4
47
1
93
33
23
119
23
1
34
71
23
3
46
51
12
144
34
4
1
14
83
50
33
139
17
21
2
74
30
2
87
99
15
46
5
1
2
29
11
1
128
27
91
22
26
51
5
199
45
71
17
78
9
53
15
2
0
26
101
15
1
84
32
71
29
65
114
75
7
6
0
11
25
13
5
40
73
88
26
0
0
76
0
57
3
4
5
45
24
7
65
0
39
19
6
30
29
16
8
2
13
39
1
38
77
5
17
22
1
44
117
9
62
2
14
8
45
42
3
17
45
191
97
10
116
80
4
30
2
10
56
0
15
33
24
2
130
4
4
3
80
46
33
31
51
18
2
9
137
4
22
6
0
4
17
72
26
77
10
66
285
48
5
25
4
32
2
29
4
23
47
9
97
6
5
100
114
87
7
143
7
24
11
5
48
4
147
23
43
30
7
0
17
6
0
120
48
1
1
1
2
117
40
59
82
0
23
1
63
25
139
12
2
17
117
17
10
34
15
41
7
6
69
6
1
3
4
82
20
12
17
79
14
168
31
81
22
1
196
37
112
15
68
1
22
9
2
7
158
4
11
47
12
86
9
91
7
35
5
32
26
0
11
5
44
20
13
4
23
6
1
25
88
3
13
2
129
1
147
9
67
3
17
23
46
1
11
44
0
96
0
40
4
2
60
18
0
55
80
5
28
8
21
6
71
5
30
67
0
35
138
111
0
80
1
0
8
54
103
1
59
18
24
7
27
60
2
31
21
32
60
1
41
105
29
40
3
43
9
39
16
5
8
104
16
150
12
24
7
13
7
134
95
42
71
82
38
116
29
25
1
48
92
32
80
91
49
15
58
16
20
15
2
7
13
34
1
10
32
14
59
166
6
83
33
10
63
14
1
10
9
64
145
181
135
2
207
43
32
30
71
252
40
21
11
0
82
108
34
53
244
0
103
20
128
67
7
55
15
7
2
94
56
11
9
34
2
107
8
8
55
2
110
28
42
24
50
23
25
90
23
206
13
55
4
15
3
1
6
21
65
59
9
55
3
9
5
5
1
0
29
0
5
8
8
2
129
4
44
48
77
13
27
89
14
0
40
3
65
5
38
34
69
19
157
23
4
56
52
3
14
3
36
7
72
30
37
0
79
7
75
0
116
93
20
11
37
0
8
10
67
11
33
3
14
40
8
11
36
10
78
0
186
125
71
86
10
3
4
2
25
40
217
12
32
1
9
9
48
11
25
8
32
1
32
23
45
38
14
60
66
51
9
176
57
26
10
115
19
1
52
45
2
19
8
119
65
44
165
32
50
42
260
4
3
53
4
61
3
100
111
30
3
1
112
40
46
48
23
31
8
185
5
7
191
35
33
62
28
35
208
42
3
1
62
6
29
51
27
9
8
28
47
52
155
66
12
0
89
39
13
7
22
23
2
86
3
18
5
32
24
8
278
2
2
4
6
59
101
8
154
30
2
6
17
157
19
36
140
19
4
17
44
5
8
70
39
53
6
7
17
10
80
19
0
3
8
39
34
0
10
128
0
66
21
24
34
4
175
4
13
19
31
13
100
18
136
0
165
12
5
112
9
63
50
195
69
1
6
3
4
77
35
86
32
3
135
3
30
11
4
51
51
0
58
4
9
213
100
10
84
13
39
17
16
9
1
1
95
7
120
6
60
3
71
0
7
24
91
4
66
29
2
13
19
20
82
13
60
23
3
99
67
7
3
44
8
17
6
4
108
5
3
78
1
2
96
9
103
79
117
49
2
22
18
21
4
0
0
9
3
9
134
14
2
78
9
33
6
41
96
134
3
36
110
63
6
10
39
22
1
2
137
14
33
2
24
154
1
37
23
8
14
48
9
31
76
93
42
3
150
4
29
10
51
30
55
27
18
26
21
3
8
63
61
4
118
11
44
77
23
20
1
79
0
13
36
27
31
10
5
9
94
6
8
8
93
17
2
17
33
17
1
1
12
6
4
25
109
23
4
10
36
30
7
7
56
15
39
119
4
19
38
18
9
78
47
8
25
6
4
64
7
0
46
5
17
1
0
41
1
79
1
1
150
8
4
37
64
63
70
127
56
61
23
1
11
79
4
85
58
5
15
152
4
7
74
21
11
7
26
5
0
101
8
5
20
71
167
31
6
161
4
35
18
1
0
151
2
26
13
0
4
13
74
14
13
130
9
182
69
15
31
9
103
5
53
59
5
47
2
80
53
218
8
74
47
24
18
36
9
0
109
20
21
105
16
19
37
1
131
24
31
220
39
86
0
1
2
152
32
24
31
125
2
87
100
8
64
35
45
10
138
13
37
9
20
3
41
1
19
4
17
10
15
20
1
1
7
2
44
34
53
222
17
14
10
22
0
57
23
47
28
17
0
32
8
98
23
106
8
8
74
13
100
100
10
12
125
4
5
27
81
66
140
10
14
62
6
46
85
17
21
7
1
2
23
10
113
24
20
16
31
37
17
10
4
23
2
1
84
11
20
41
41
3
2
47
23
58
10
13
17
30
2
39
4
8
5
9
6
5
66
87
17
1
10
2
27
13
4
175
20
7
237
29
38
10
22
45
45
0
0
9
17
48
93
28
1
3
19
104
15
140
35
4
32
1
10
30
4
3
3
22
1
43
48
34
13
65
9
80
6
90
64
4
1
90
34
9
3
30
145
0
3
17
23
175
113
6
2
3
1
73
37
6
123
6
13
150
8
82
57
100
81
20
1
193
17
0
47
10
152
21
11
130
20
117
8
4
112
14
3
9
57
16
37
2
131
63
41
69
6
38
40
0
2
20
81
1
2
49
12
13
48
23
2
42
28
65
32
2
20
32
13
36
72
7
39
67
40
23
56
0
3
4
66
85
28
108
7
40
2
7
1
29
44
25
13
37
49
3
74
22
18
20
12
147
1
9
141
11
4
40
33
40
22
87
31
147
3
24
78
1
17
0
29
9
106
32
131
8
118
49
4
18
7
110
32
7
64
11
3
67
52
13
56
8
38
1
86
149
4
26
74
103
62
4
19
7
23
9
1
276
55
85
5
4
53
7
23
5
54
1
1
2
78
59
17
17
134
2
3
0
54
37
24
33
151
6
96
182
41
147
9
75
91
98
3
2
58
49
89
26
41
0
40
1
25
49
31
11
6
4
5
3
69
9
3
18
48
3
0
0
34
52
35
10
36
130
53
18
78
0
7
18
47
24
38
99
45
2
35
5
30
20
61
75
37
13
92
20
41
24
1
13
31
1
38
34
38
10
144
130
16
1
5
20
133
8
95
13
29
55
36
42
38
18
8
100
9
119
46
29
12
30
21
43
21
7
7
108
1
30
74
50
5
3
1
103
4
18
3
10
19
27
0
31
11
97
27
21
50
5
10
80
14
93
6
96
13
166
24
92
11
3
27
22
85
15
32
9
6
47
56
10
1
4
122
8
138
12
9
68
88
32
1
27
8
117
126
3
11
5
76
5
35
22
39
29
27
93
60
78
7
6
36
39
43
30
29
9
206
19
40
81
169
199
1
6
0
50
8
74
13
46
0
2
13
3
8
23
23
59
34
37
20
128
19
1
132
11
72
2
1
11
39
30
26
4
7
7
89
50
138
5
43
5
32
115
26
3
77
27
5
22
0
76
16
1
72
0
91
32
148
40
8
35
13
43
93
24
69
7
97
82
1
10
5
11
58
5
12
11
3
8
25
0
14
3
0
7
99
18
4
9
147
79
26
25
25
3
14
1
34
65
111
148
38
24
13
12
5
94
19
2
55
2
54
1
2
30
0
0
6
96
128
52
2
14
166
54
25
117
66
0
7
21
2
0
209
118
106
5
53
68
62
67
112
9
5
138
54
6
63
6
20
30
10
0
70
5
70
1
9
0
24
0
49
73
39
53
0
63
12
37
113
29
8
166
6
106
2
7
0
97
1
34
147
5
140
19
52
1
29
1
1
10
179
141
5
33
10
53
6
21
23
138
7
107
5
143
22
46
55
20
46
1
89
33
2
35
46
27
52
28
84
40
3
47
11
10
36
2
30
182
80
203
30
4
182
1
13
74
148
34
119
73
0
20
10
109
21
0
33
10
35
45
13
5
14
39
1
76
56
38
67
35
6
116
183
7
6
44
138
5
234
30
29
35
11
115
9
58
5
3
28
2
111
9
67
17
20
32
4
11
62
99
54
54
0
3
1
2
58
50
2
168
9
64
53
0
98
54
85
33
33
37
4
28
0
10
9
36
87
6
17
2
13
9
0
97
18
4
32
22
35
63
2
85
98
34
96
73
52
217
225
37
25
0
53
2
144
44
100
93
69
28
9
22
42
20
12
4
45
0
15
1
11
2
113
3
20
16
8
35
35
23
35
21
46
148
126
159
23
8
63
2
65
84
47
7
17
12
36
17
8
3
14
87
16
10
7
15
38
21
33
8
13
15
15
43
56
71
36
36
61
27
37
1
84
6
5
1
63
46
42
5
11
29
183
46
163
122
6
37
7
40
38
38
22
9
1
62
60
105
7
17
36
0
9
33
20
76
18
29
16
0
62
26
11
2
9
2
12
27
68
2
10
2
16
171
0
9
51
25
44
9
38
12
1
4
0
11
22
7
10
12
3
57
22
100
13
2
0
2
3
0
60
93
1
2
58
3
100
14
7
17
1
1
78
64
28
19
17
37
7
82
95
235
19
51
24
70
15
7
64
19
7
109
60
56
2
4
33
20
26
95
81
0
8
2
3
41
12
103
1
29
4
45
1
120
3
29
15
20
25
71
30
8
0
29
2
1
71
10
17
31
49
15
4
49
2
16
5
95
47
20
21
18
50
42
170
22
20
110
171
90
67
28
36
75
50
31
69
24
44
64
60
96
141
34
13
13
59
152
86
18
29
24
5
28
144
29
7
2
16
6
28
17
49
0
10
15
30
45
2
10
17
65
109
37
1
16
3
40
6
44
77
65
13
44
0
19
244
42
30
10
2
10
13
30
19
31
23
17
4
28
12
29
1
11
40
12
2
9
12
10
2
22
4
38
6
