26
0
50
12
50
22
75
1
29
112
6
3
156
68
10
131
11
23
15
3
41
91
32
68
2
7
113
2
15
180
2
3
52
1
138
104
68
20
52
3
3
26
30
61
6
1
1
208
12
14
6
9
87
11
2
41
0
66
2
15
48
20
11
7
1
8
37
109
14
145
66
12
36
90
1
2
17
38
40
19
2
14
9
65
22
138
244
7
102
8
2
2
165
7
1
26
43
33
10
30
49
39
0
17
8
21
0
57
20
14
79
41
50
177
19
145
308
34
196
84
1
23
3
15
22
19
218
1
51
1
55
27
38
11
80
20
1
3
20
204
61
0
1
24
330
101
234
92
33
43
46
100
76
3
27
14
62
62
19
31
34
6
15
20
68
95
9
4
2
50
1
45
0
10
269
60
13
18
3
25
2
6
276
36
39
10
112
56
85
23
44
7
161
60
139
9
338
6
39
62
43
16
3
93
13
25
63
60
52
12
59
94
5
13
5
1
1
52
45
16
0
73
22
16
222
3
75
107
8
14
24
79
4
65
0
18
49
96
78
5
20
87
142
32
92
7
2
45
15
15
60
10
82
67
1
43
31
180
8
174
45
24
117
95
39
131
8
187
12
56
42
7
3
90
1
31
12
26
15
1
61
10
29
50
96
7
76
21
30
16
49
93
92
149
40
1
3
17
26
58
155
59
55
136
107
9
26
5
122
55
94
25
42
69
2
4
24
161
30
50
20
120
35
11
30
1
167
12
124
40
74
42
111
15
20
109
75
0
0
50
83
160
158
5
41
132
70
5
31
29
208
45
78
25
178
222
77
7
25
2
35
138
10
73
50
22
12
226
2
36
156
38
54
98
4
47
22
92
24
27
32
4
6
1
29
25
50
12
11
31
27
2
16
39
8
25
20
288
50
58
89
48
101
79
16
14
22
20
3
43
154
57
15
57
3
130
11
2
3
84
64
147
2
3
20
9
20
15
67
95
72
6
36
53
89
11
118
64
19
56
3
30
50
244
9
8
77
2
78
190
61
7
2
13
36
29
52
10
22
36
23
9
57
98
50
185
9
16
85
146
4
1
93
29
0
150
42
57
0
21
96
59
99
9
105
90
1
4
0
32
7
20
94
33
29
55
79
0
12
56
33
17
5
2
23
20
36
170
2
248
39
0
58
50
0
4
54
113
52
68
25
17
7
4
20
32
222
77
2
26
13
58
0
91
52
6
13
22
0
84
31
31
22
8
0
72
11
68
1
16
16
9
4
18
3
16
72
10
7
19
16
27
21
32
308
4
8
3
102
34
146
4
257
18
36
22
15
1
50
105
3
49
3
15
53
46
20
10
115
20
13
55
33
111
4
3
17
11
10
87
35
20
152
10
87
32
13
69
44
33
133
279
51
31
27
123
75
12
1
4
29
4
5
38
79
2
1
27
19
176
17
12
12
100
187
1
9
2
12
18
4
3
2
17
27
13
6
35
9
17
133
28
17
11
4
60
89
70
26
34
24
10
3
34
54
39
7
26
26
112
19
8
24
171
0
121
13
17
63
75
8
11
92
0
26
44
0
3
74
290
15
71
6
109
5
16
59
68
40
8
27
88
9
115
6
9
59
19
5
188
85
50
53
9
16
157
157
72
9
0
43
111
36
14
165
1
60
2
16
88
33
122
14
6
3
1
218
0
40
9
22
30
157
92
19
102
1
5
85
23
48
4
17
16
24
14
7
0
12
79
0
152
5
9
18
10
69
18
16
18
78
3
111
16
124
143
24
40
30
12
41
25
41
14
12
7
9
62
2
65
28
5
62
42
50
42
26
66
21
11
39
2
53
54
8
36
3
91
145
3
6
17
22
25
19
13
262
33
19
7
55
121
125
15
43
48
2
92
2
22
31
1
58
27
24
116
22
98
9
1
7
92
118
16
41
1
60
72
78
0
20
104
20
50
67
131
12
100
63
2
44
2
31
29
29
54
2
57
13
20
28
36
12
47
201
43
108
3
170
12
14
149
16
27
101
0
29
10
3
78
28
12
20
19
1
50
12
39
37
58
2
72
29
16
11
15
19
8
70
6
4
5
40
15
21
229
15
40
0
36
4
73
4
22
0
78
25
37
40
9
62
3
246
1
0
34
55
159
3
82
30
75
3
99
62
2
2
40
81
17
4
29
4
135
2
6
42
62
136
11
25
0
18
6
1
22
51
58
26
1
27
79
56
1
34
12
2
7
49
102
127
54
38
3
2
118
65
72
40
13
144
4
11
46
44
126
19
56
111
16
6
53
70
17
1
43
60
12
4
1
14
38
33
8
49
1
90
5
93
71
6
47
78
95
2
18
15
1
42
29
48
95
134
0
3
19
31
88
23
6
33
68
32
70
5
2
0
23
32
258
5
1
33
114
1
87
182
7
44
75
28
48
175
6
13
5
3
9
69
23
0
13
8
20
102
134
62
50
102
129
13
12
52
28
41
107
157
27
125
15
8
1
16
131
142
42
92
221
98
14
13
15
21
5
70
111
26
107
4
27
32
29
126
172
0
25
10
57
58
9
2
3
9
83
85
38
78
5
39
51
22
166
10
190
29
33
115
39
30
23
33
259
25
275
167
32
19
30
17
89
24
4
1
8
71
3
0
2
20
1
16
74
20
10
51
9
34
21
6
4
11
11
137
12
7
2
76
114
73
85
23
6
0
0
81
18
29
3
115
121
80
40
51
84
47
16
224
34
22
2
26
45
63
0
19
56
4
46
19
11
4
0
73
137
0
16
18
109
25
42
14
13
59
39
139
31
4
24
58
13
0
60
1
23
211
1
158
17
64
5
13
80
92
0
14
1
4
55
13
5
38
37
19
26
54
8
59
1
6
60
1
24
185
2
39
1
18
48
36
5
139
3
45
2
41
102
184
2
48
16
162
16
43
51
48
82
2
5
27
13
7
13
77
134
41
109
46
21
91
11
193
4
160
12
40
204
100
26
6
0
2
68
25
120
14
2
11
68
12
30
3
29
1
128
33
64
28
85
129
7
1
0
115
238
9
13
61
42
1
40
3
2
5
1
27
257
54
52
64
10
33
8
25
4
21
14
59
3
21
190
47
249
0
6
11
17
79
24
15
30
3
11
147
22
158
20
14
8
46
67
97
42
15
22
8
46
5
0
83
9
0
170
40
108
261
135
21
158
0
16
54
3
13
42
2
186
3
58
4
24
62
7
40
32
7
88
18
6
12
157
14
5
6
20
25
11
55
25
37
70
0
35
233
6
1
29
96
38
67
25
59
7
66
69
37
129
16
2
69
147
66
2
30
35
110
12
74
57
116
74
28
7
7
5
4
19
32
56
41
11
24
306
21
62
36
7
9
2
61
94
231
28
14
47
19
20
103
62
21
62
9
95
12
3
37
0
66
60
74
39
53
274
117
11
137
10
6
1
0
2
23
2
1
1
6
22
13
52
0
188
122
106
44
11
166
21
29
33
13
35
13
68
69
155
4
11
29
9
31
62
3
32
6
36
4
3
10
23
4
66
0
201
108
74
254
3
6
124
5
54
11
62
54
17
155
14
57
63
90
1
7
187
25
1
31
53
58
29
7
19
5
364
77
25
6
21
20
14
88
191
173
61
151
30
6
62
54
1
27
27
1
30
28
106
102
16
44
75
16
58
42
86
13
9
0
10
50
24
33
50
38
3
4
36
40
12
40
2
37
23
29
30
2
8
31
73
112
31
19
2
2
18
78
157
6
14
3
74
9
27
82
37
11
46
56
77
166
83
44
24
18
45
27
4
24
18
151
5
133
74
0
15
99
126
12
12
95
58
5
1
8
51
50
13
148
93
10
113
18
13
121
138
96
69
0
8
18
27
42
50
198
35
6
0
15
60
41
35
0
47
23
12
40
12
12
89
139
12
2
136
2
29
20
151
26
6
62
95
76
46
35
64
242
115
2
13
20
81
17
12
13
103
30
117
112
52
8
89
1
21
79
36
56
28
140
44
129
35
149
270
0
29
39
31
112
12
63
146
31
1
20
108
2
35
74
8
23
115
118
2
164
65
9
0
15
1
112
17
8
9
24
2
190
0
2
10
5
3
0
83
57
14
5
67
16
97
0
66
33
35
58
10
19
60
87
16
70
37
2
36
8
10
39
76
0
14
171
153
9
57
78
1
17
67
13
9
48
2
7
1
27
10
17
2
43
43
11
17
1
13
83
3
1
37
65
25
68
87
65
14
82
39
60
7
41
48
12
70
11
14
210
1
16
7
77
10
23
139
45
1
16
4
14
210
133
22
55
28
98
2
0
13
71
9
97
66
114
6
164
3
1
21
307
43
121
40
1
1
265
54
237
13
25
39
3
16
26
0
14
19
3
139
16
5
3
13
2
90
35
0
141
232
23
156
8
26
28
18
155
170
116
4
16
3
18
47
26
35
4
3
63
31
124
11
40
1
63
65
44
43
17
26
46
51
8
52
5
80
24
66
12
73
46
1
0
145
46
91
252
44
45
5
13
97
26
15
142
72
85
2
2
114
40
10
12
27
53
3
9
108
37
1
107
7
76
0
6
60
25
171
116
221
10
34
63
150
232
62
1
11
1
55
0
7
1
9
0
45
159
57
1
25
132
11
3
22
6
40
227
25
23
43
9
190
0
101
26
11
14
2
43
11
1
6
316
67
16
15
48
23
56
12
110
14
69
89
15
3
27
168
180
14
49
48
14
127
15
141
11
18
0
10
4
7
11
13
60
38
118
53
250
45
31
4
17
5
128
21
13
84
45
0
61
164
15
8
183
3
9
5
16
45
21
14
31
13
13
7
68
10
27
43
25
93
26
37
13
67
45
149
39
7
11
51
25
209
179
34
13
184
19
21
5
130
60
56
132
13
7
15
139
82
1
0
37
45
31
4
59
31
37
13
14
20
140
19
151
3
8
218
1
183
41
4
0
8
12
13
15
6
13
78
55
42
9
9
93
30
33
100
36
115
0
6
3
54
34
56
105
12
168
3
70
44
0
4
6
80
3
16
101
137
59
15
10
7
169
80
8
63
4
12
63
0
13
110
14
8
43
60
37
130
43
10
39
92
36
51
50
35
1
60
18
4
38
2
26
17
14
89
17
1
8
79
66
283
132
6
42
1
18
84
76
10
39
44
0
2
114
57
33
154
137
85
259
105
4
9
23
82
14
18
7
66
55
114
35
1
134
3
96
13
73
6
0
46
15
20
35
5
93
23
0
26
167
66
101
69
36
302
25
68
10
54
8
154
87
24
1
4
1
80
4
0
19
26
8
17
47
30
39
110
110
152
15
63
24
0
16
6
28
5
85
84
6
4
0
42
20
13
127
8
10
23
27
28
125
35
23
123
45
90
130
188
45
20
48
23
1
11
165
9
12
73
13
10
94
44
2
17
2
7
85
111
6
70
4
10
12
17
63
105
5
1
60
150
160
260
68
1
90
1
149
33
15
35
35
10
7
29
128
37
29
71
83
0
62
37
35
6
145
28
12
66
3
62
27
1
66
12
6
14
56
13
209
27
0
6
22
212
105
4
36
280
0
4
3
40
6
2
24
44
76
6
21
55
48
142
7
23
31
21
176
85
13
50
4
8
56
2
249
19
218
54
7
3
6
70
61
5
48
4
136
58
77
260
8
147
96
242
26
8
22
28
276
12
94
3
26
5
5
175
257
20
95
12
16
18
54
3
37
15
18
84
0
66
102
12
99
94
18
18
10
126
94
118
7
17
48
2
11
3
167
79
60
277
179
96
130
4
12
81
3
20
25
204
86
25
32
19
47
53
44
0
9
15
0
13
2
16
120
3
47
17
2
7
2
112
3
10
7
54
92
59
41
20
0
24
16
2
7
43
49
15
16
72
2
3
104
161
158
169
36
89
25
40
69
3
24
120
48
119
73
8
132
7
161
0
136
11
108
48
58
201
204
94
74
24
15
0
43
12
9
72
7
54
12
69
132
2
311
164
178
6
57
81
2
0
112
105
39
5
92
12
14
54
6
10
33
5
45
2
23
5
65
67
51
206
2
63
15
4
70
12
2
43
0
34
2
9
5
118
73
70
21
4
143
102
44
6
20
3
76
34
63
238
109
95
40
25
111
8
124
2
172
40
4
9
55
2
33
251
12
151
167
78
65
150
53
19
74
172
61
9
38
5
2
26
24
23
2
67
146
120
146
5
52
94
11
141
1
284
5
1
39
33
0
73
60
8
10
72
43
41
79
50
6
83
77
3
48
20
190
14
27
77
48
15
39
50
7
5
2
1
63
0
67
9
9
4
6
6
2
4
1
195
108
124
23
14
13
29
45
4
161
58
50
51
8
49
2
5
1
34
0
3
2
45
14
63
28
20
28
10
17
55
8
46
134
30
85
21
5
71
132
211
78
76
8
1
50
1
110
75
39
45
2
17
50
0
7
34
19
0
119
32
11
21
63
0
68
3
60
93
126
0
45
12
9
14
58
142
21
140
10
228
31
25
36
3
42
248
50
62
31
182
40
162
21
4
15
3
0
69
97
21
35
11
2
283
175
68
4
26
76
1
45
295
53
15
0
42
0
15
12
2
77
3
139
0
25
85
0
34
30
7
3
41
133
11
97
24
125
34
7
61
1
23
74
54
14
3
40
3
10
36
209
6
43
154
0
73
146
1
17
197
52
49
75
50
2
23
30
0
74
2
82
40
1
104
78
23
97
52
1
24
32
53
15
79
33
1
69
48
20
53
38
67
1
40
4
160
34
4
4
28
30
3
55
30
13
1
54
9
4
23
5
182
13
1
251
43
84
73
1
0
40
2
32
7
8
19
45
16
197
59
0
142
33
10
61
22
40
18
21
3
42
132
71
4
25
115
69
57
26
3
2
30
29
2
1
170
0
84
2
3
104
13
52
165
42
42
2
11
37
1
5
0
100
2
40
2
138
5
77
36
0
98
40
100
10
19
32
30
2
26
21
44
31
3
50
35
1
178
334
95
14
3
0
102
91
12
228
12
113
34
59
75
5
37
7
7
234
202
104
4
101
34
63
28
1
12
3
8
83
42
9
9
3
14
11
9
39
0
32
81
3
9
41
103
25
231
4
78
52
169
7
42
13
101
1
124
18
1
10
47
27
19
170
14
1
25
25
59
29
101
86
18
43
25
36
11
0
21
3
0
100
25
14
200
13
79
32
34
39
13
4
36
0
57
1
91
5
148
98
218
109
4
35
13
0
38
0
28
52
22
4
16
12
5
54
41
235
46
178
16
97
121
32
56
4
12
52
89
80
60
36
15
1
7
5
3
173
40
96
35
15
117
28
5
30
0
31
39
11
10
6
1
216
4
39
92
15
204
67
1
28
1
25
53
13
98
25
11
1
30
0
41
24
40
100
256
53
114
13
208
161
2
40
20
4
2
54
31
50
24
2
34
33
128
228
1
10
9
8
20
4
46
7
161
11
3
63
1
160
10
45
80
54
6
13
8
3
1
56
54
27
41
177
32
5
3
79
80
31
11
2
105
69
6
6
28
37
80
5
25
31
14
11
8
4
133
48
0
35
46
209
285
12
6
55
6
70
23
19
11
4
25
3
3
59
28
1
31
54
130
91
8
23
6
98
14
21
302
109
14
19
1
19
126
77
16
137
22
101
36
50
83
291
8
103
44
26
0
29
146
69
21
71
92
5
55
46
4
1
78
130
0
130
9
17
90
217
1
81
54
133
5
127
1
147
2
75
3
48
25
8
16
20
1
4
121
30
68
53
60
3
31
9
11
17
0
3
24
6
0
18
11
26
10
8
16
1
74
0
13
7
36
166
52
53
137
3
0
30
37
86
3
6
53
10
4
21
36
1
14
55
81
108
2
4
31
45
4
21
7
16
10
23
3
0
176
24
0
21
5
34
93
34
88
56
34
6
36
69
33
15
19
2
7
40
15
1
93
0
79
13
7
2
2
93
1
50
58
3
0
196
7
19
84
23
7
47
3
285
74
1
44
28
63
88
32
6
0
76
8
1
15
3
28
6
35
16
10
204
36
7
16
2
13
0
19
22
44
25
149
130
22
68
20
21
60
45
17
41
115
1
64
6
1
14
5
63
8
4
3
4
214
2
32
15
23
15
2
7
90
32
41
18
2
1
8
103
9
16
38
22
144
0
52
15
11
3
61
4
6
13
2
0
26
23
21
1
7
131
24
14
133
93
124
13
5
176
5
12
93
3
52
234
22
17
38
22
151
11
49
19
21
14
94
44
15
146
146
166
80
2
60
21
38
22
3
5
59
252
35
7
0
7
74
50
42
99
17
54
30
4
21
142
34
77
8
12
178
31
15
46
67
14
139
4
2
31
137
27
4
7
33
2
22
14
153
10
109
56
67
2
13
17
35
1
133
72
75
50
112
17
51
25
6
37
18
299
1
16
25
4
33
277
11
4
13
72
2
3
12
4
190
89
29
15
13
52
3
135
17
59
23
428
30
257
59
8
40
7
6
29
54
29
133
71
35
11
97
182
62
13
0
17
0
5
2
21
44
7
52
53
44
5
3
257
1
43
47
45
53
30
49
25
90
67
89
13
5
56
3
5
235
177
21
148
3
10
50
6
120
0
9
153
53
14
10
1
165
4
36
3
11
65
59
7
13
154
16
28
87
19
131
67
0
14
95
13
122
109
12
19
120
127
44
3
146
3
109
0
8
0
116
80
51
114
1
35
3
183
117
4
46
14
31
2
0
21
21
107
253
68
1
184
78
1
4
34
131
90
101
39
187
1
11
91
27
32
10
7
3
5
135
35
7
210
0
4
44
22
14
78
154
63
9
135
1
16
73
39
8
39
2
44
58
64
14
8
138
87
7
2
22
4
6
75
24
2
19
25
67
49
83
0
62
7
1
48
45
9
122
141
16
18
1
42
154
14
18
94
57
1
54
0
55
0
69
17
3
21
6
106
46
64
13
2
90
3
1
27
1
4
1
1
7
0
93
67
2
41
13
1
8
0
1
152
66
4
77
8
99
38
43
3
70
13
43
4
21
111
8
12
12
47
56
0
22
56
18
0
37
46
156
3
72
27
2
25
39
8
18
84
15
14
37
21
67
95
93
137
85
127
54
12
59
47
91
38
3
159
103
155
73
90
5
147
36
28
40
122
20
1
29
50
72
16
0
23
27
48
36
104
0
10
51
90
298
26
191
130
186
177
3
112
10
6
95
1
21
18
44
12
6
8
7
11
27
18
77
115
141
154
5
20
18
33
80
37
10
15
20
6
4
31
58
5
10
10
22
9
29
34
389
19
46
31
19
109
44
60
1
6
3
41
8
67
14
164
42
14
12
27
41
51
8
51
15
2
15
26
19
61
69
47
21
81
42
60
84
65
1
0
1
40
5
10
2
146
3
3
19
11
21
34
10
127
2
38
27
105
16
8
20
37
73
48
197
164
5
93
30
37
25
10
168
12
27
2
25
12
68
25
54
1
208
91
0
43
82
11
78
2
39
9
55
89
77
6
206
43
7
26
20
175
73
21
143
1
142
18
9
2
2
18
4
10
2
4
44
6
49
5
22
94
12
21
0
96
15
42
46
54
23
63
3
63
25
71
34
176
0
119
20
50
46
52
10
86
34
14
62
4
39
13
25
12
117
86
56
20
184
29
27
10
98
15
64
20
31
20
26
166
19
48
6
50
3
0
134
81
29
8
364
0
45
16
139
3
11
35
49
52
171
1
1
2
129
57
28
3
216
0
4
3
271
51
163
7
46
23
5
43
4
180
62
6
14
102
47
5
14
5
18
60
17
75
163
54
18
134
133
3
211
7
27
39
41
84
48
6
15
189
0
80
30
48
26
14
79
1
71
324
41
258
67
47
74
1
36
1
16
9
0
3
83
0
92
135
0
1
8
41
129
82
64
19
71
52
18
3
167
78
38
197
68
19
8
65
62
39
27
72
10
104
25
0
18
9
73
24
13
10
13
268
84
15
12
92
29
21
6
197
80
116
70
50
36
77
8
15
44
107
42
140
10
30
49
70
2
39
33
83
59
30
109
4
8
14
56
21
17
56
57
14
26
74
49
54
14
58
41
12
113
44
22
97
40
5
12
30
2
14
26
57
13
0
4
46
35
23
94
178
140
31
123
17
119
222
38
6
23
174
29
20
7
16
82
100
38
65
52
81
3
25
50
94
22
8
48
61
62
106
35
7
12
18
46
18
18
132
43
30
25
14
5
18
22
172
67
35
25
5
157
94
57
80
13
54
21
27
6
45
14
65
82
3
50
15
1
135
5
49
7
66
33
29
21
124
9
4
38
171
55
21
2
93
193
208
18
2
170
55
180
0
104
13
37
6
32
3
20
1
8
35
19
10
151
18
72
86
77
6
33
52
127
67
1
33
98
10
6
0
118
79
104
27
3
199
17
78
14
42
24
84
129
34
17
141
3
44
74
38
66
102
6
4
0
79
75
42
88
15
0
7
5
19
121
7
126
178
62
41
203
30
45
0
27
29
22
14
45
83
3
10
6
1
109
35
75
64
84
43
18
10
16
109
191
64
92
98
117
99
24
13
83
11
134
3
48
11
77
3
2
28
16
59
166
40
32
34
7
60
0
8
10
30
11
28
9
25
28
3
4
7
1
121
44
100
52
13
29
22
80
79
5
8
2
69
19
203
11
4
30
121
2
17
3
1
62
191
5
2
8
24
37
2
2
11
118
0
59
48
4
81
1
3
178
210
46
201
230
4
19
58
12
63
29
39
287
21
0
1
16
203
17
166
39
36
8
56
30
12
58
143
265
46
16
20
26
26
10
49
44
2
35
38
12
147
118
8
6
23
129
189
22
25
4
2
5
19
118
74
41
56
10
3
85
15
24
34
18
45
96
31
62
2
5
39
19
4
13
20
90
15
1
142
28
118
45
0
348
5
25
152
90
117
6
4
19
22
10
1
1
48
46
93
205
23
34
86
0
5
7
5
44
0
0
172
136
61
25
44
1
120
10
93
14
47
78
58
114
46
37
58
31
22
0
32
2
49
1
12
180
60
64
73
0
8
45
101
16
1
113
185
143
4
64
54
20
165
23
170
16
130
101
106
42
0
39
20
178
137
9
1
11
58
22
5
1
8
7
23
2
34
162
2
8
38
4
39
2
12
8
58
37
55
20
3
73
4
65
210
35
42
9
24
50
26
1
24
20
3
11
135
18
7
88
16
97
11
0
8
52
32
0
1
105
5
19
8
87
26
25
3
1
47
94
7
148
247
17
3
3
29
40
90
187
44
119
30
54
7
66
4
156
5
41
41
54
2
6
29
3
93
183
4
0
10
17
141
47
81
22
79
57
10
1
0
8
25
12
41
3
65
17
36
13
287
31
1
45
2
237
39
3
44
23
38
8
31
99
0
4
1
95
3
16
29
10
54
18
67
3
20
67
57
2
0
19
0
28
4
114
44
1
19
55
13
33
65
2
55
58
1
43
6
58
136
73
25
38
10
7
0
8
159
9
94
4
25
20
5
14
70
27
14
25
15
4
30
23
39
11
28
31
6
56
9
64
114
23
2
25
34
12
20
8
27
13
2
3
0
164
33
1
3
2
7
50
48
54
84
18
5
65
89
0
22
156
15
67
358
54
53
10
10
31
37
26
40
23
57
53
8
10
8
40
5
20
100
28
31
247
41
1
41
82
18
66
2
159
0
24
0
13
3
102
27
18
1
42
118
88
8
63
19
15
17
4
4
0
24
9
28
106
2
30
53
46
20
20
41
39
2
2
14
2
2
216
13
87
2
61
70
0
8
5
170
65
9
24
219
74
13
99
71
3
49
27
25
17
206
40
15
56
1
9
163
1
2
40
18
1
37
7
82
104
15
18
2
9
1
11
1
43
5
4
112
71
6
7
14
1
7
83
97
15
15
235
16
10
49
90
74
8
12
119
40
16
8
29
92
115
3
134
87
70
3
23
32
6
29
101
7
0
58
15
14
35
56
94
18
27
110
0
107
117
18
7
14
35
79
88
75
9
22
48
55
30
20
3
35
68
104
35
13
144
12
9
74
6
68
78
30
10
138
4
267
0
102
21
17
161
15
26
22
31
0
336
53
23
88
142
46
10
32
15
0
25
60
49
145
1
2
0
0
39
1
3
0
34
4
3
51
2
3
2
55
64
25
72
64
49
6
49
2
1
3
15
15
36
1
82
7
36
13
6
79
7
52
51
168
19
7
132
97
56
17
26
93
3
4
3
25
1
1
16
86
64
0
9
44
20
0
5
2
1
52
57
5
2
47
59
6
41
27
141
6
19
10
23
12
276
105
94
0
140
45
4
2
75
6
6
52
72
35
36
4
85
18
15
9
56
3
51
4
18
38
5
35
43
12
152
144
90
5
16
7
25
6
5
15
0
5
1
27
145
9
51
113
3
18
109
71
228
2
70
28
0
0
12
52
170
117
17
73
0
14
104
0
85
23
169
8
10
24
23
3
1
115
14
23
74
7
12
33
14
10
4
15
16
71
82
49
7
16
9
110
50
8
2
22
6
31
24
45
25
25
1
4
10
32
0
43
4
21
43
6
8
13
18
35
10
0
13
0
21
36
62
8
6
48
8
150
2
50
12
74
36
18
13
40
160
26
164
14
3
18
40
56
227
29
262
258
55
32
18
93
80
5
72
94
39
3
34
143
19
1
2
3
9
55
67
54
98
112
58
186
9
53
318
41
21
87
48
81
152
28
46
23
6
102
125
11
8
3
11
78
61
15
71
83
9
13
9
9
232
37
17
38
34
142
73
1
34
2
9
8
123
59
54
88
20
62
20
35
36
5
34
55
18
8
49
136
5
37
0
22
58
135
205
21
62
8
0
51
66
18
3
74
48
8
139
300
63
100
5
1
48
20
105
55
125
1
59
4
60
0
7
1
99
3
10
139
11
27
29
8
11
83
9
102
324
15
151
99
94
2
31
162
2
33
11
0
65
20
43
17
17
43
1
26
19
9
93
4
0
44
19
5
3
115
50
278
51
23
4
48
207
125
11
5
19
2
11
217
1
30
6
31
45
122
30
40
3
5
257
28
125
87
32
21
147
25
105
87
2
33
9
6
19
6
12
138
49
20
72
25
5
8
107
33
149
18
2
48
42
5
47
12
123
1
1
71
38
55
29
6
119
28
14
1
122
6
65
55
254
39
88
172
4
10
29
35
43
25
174
62
73
52
22
78
4
26
2
33
32
9
31
74
6
139
89
3
89
43
6
2
75
32
46
17
222
125
47
53
76
98
219
59
26
18
106
27
49
23
0
1
4
47
5
10
11
39
125
119
10
56
11
14
101
135
35
31
219
69
49
30
22
3
105
12
14
30
31
7
47
5
83
65
12
60
14
5
21
118
76
53
2
13
329
4
11
57
1
77
21
143
0
12
20
181
7
0
4
78
149
20
110
28
49
6
58
127
14
1
20
40
27
0
142
3
42
88
165
7
35
7
17
130
27
2
84
42
5
39
12
76
83
4
6
13
21
46
2
216
2
50
15
15
36
220
21
5
21
15
14
127
22
4
25
2
36
0
8
10
51
24
1
4
23
12
10
172
157
48
55
90
22
2
136
96
17
115
203
4
195
32
132
8
105
95
50
86
135
118
69
6
75
47
39
7
1
67
8
66
3
17
108
113
30
159
130
137
11
38
19
5
10
2
133
24
122
56
24
1
186
37
94
90
4
73
0
13
45
98
56
1
70
15
6
27
44
82
20
125
1
2
40
32
24
9
58
155
2
28
4
73
3
28
28
54
46
24
6
1
50
38
17
46
75
24
73
3
13
23
11
11
27
16
1
52
1
26
80
56
248
3
9
53
10
164
4
8
2
4
89
15
31
27
12
147
3
0
11
196
75
182
6
43
150
9
29
38
2
17
38
144
1
9
0
48
40
33
43
30
6
33
35
93
0
48
33
32
6
31
23
107
16
14
107
16
7
11
127
30
70
59
76
52
160
18
28
25
1
56
58
9
0
9
5
55
25
94
64
100
137
39
8
84
63
4
56
5
82
278
91
193
51
23
59
12
60
7
36
14
1
4
33
14
132
106
30
22
14
87
2
16
14
0
46
21
6
17
0
4
70
63
193
11
8
101
35
32
17
119
5
22
29
71
6
15
136
6
126
216
18
120
49
4
6
4
26
7
8
93
10
1
16
5
1
4
117
1
3
6
23
20
29
21
30
29
34
6
21
0
12
13
1
140
33
23
36
112
41
15
14
4
122
59
31
80
15
27
10
37
85
106
221
40
54
58
153
16
2
110
29
99
42
103
68
0
6
31
92
65
42
0
2
83
29
3
30
5
36
68
66
9
8
14
62
13
22
13
0
53
3
35
14
48
85
3
137
95
64
1
16
63
80
18
39
11
169
12
58
55
145
19
5
1
5
15
108
0
53
35
308
175
242
34
9
53
157
108
131
2
34
75
14
16
16
4
92
5
16
8
65
5
9
16
5
3
55
15
11
33
34
16
143
53
6
40
174
54
233
10
3
7
8
51
3
11
17
3
3
38
22
10
20
157
106
7
77
16
96
167
62
198
19
80
70
2
7
104
0
17
21
91
28
104
21
0
160
38
71
0
34
5
45
12
95
4
96
49
5
2
187
9
28
41
130
137
24
2
26
25
60
18
17
25
3
21
22
0
0
14
5
22
126
80
0
14
29
5
9
50
67
2
13
64
29
2
68
26
193
77
58
13
89
5
142
96
0
109
2
145
37
103
47
70
32
185
0
6
86
145
7
19
119
0
76
68
47
74
4
22
0
8
27
33
89
36
18
2
73
92
4
48
224
152
1
17
96
75
32
70
164
9
4
67
13
9
17
106
4
103
165
7
15
0
6
4
52
0
15
6
4
7
0
157
20
94
4
42
69
0
7
0
21
44
8
61
35
38
0
14
66
101
103
96
70
31
5
46
98
37
103
20
303
9
80
4
19
18
0
31
39
44
76
41
14
55
6
78
13
65
77
30
0
16
14
1
63
172
61
66
18
261
1
7
83
0
13
66
21
46
8
21
26
94
7
39
28
61
26
33
112
35
8
22
12
15
163
49
24
17
46
33
41
20
22
4
53
15
8
28
151
6
68
4
27
10
99
210
13
19
1
27
93
3
99
158
50
231
87
11
39
11
66
237
219
118
30
3
68
11
0
146
137
46
148
45
39
159
46
313
175
3
28
40
112
16
4
1
48
57
47
204
98
12
83
13
190
79
128
49
84
1
63
5
19
11
30
0
39
12
4
41
79
16
62
0
49
6
53
42
88
419
6
93
56
37
18
107
179
122
15
132
7
42
39
13
118
113
3
65
118
311
1
11
12
39
143
14
93
48
6
100
4
2
65
8
36
22
14
0
73
47
8
35
9
39
45
215
1
106
46
49
41
65
19
27
93
91
33
76
160
10
3
11
25
33
28
38
60
78
72
2
200
139
69
68
2
176
3
154
41
86
96
3
18
29
146
7
210
3
51
43
11
115
5
146
30
3
3
16
1
27
4
16
3
2
24
11
0
9
15
228
25
27
22
48
4
7
50
45
66
48
12
118
78
65
108
29
16
27
47
6
35
27
90
173
13
131
27
107
6
4
26
15
67
151
8
14
9
0
36
95
67
22
9
113
2
0
33
8
9
70
62
13
70
235
36
56
132
15
1
22
0
13
16
32
75
23
16
3
8
106
18
15
17
25
0
236
147
0
21
135
10
156
47
151
2
35
16
90
184
21
50
3
34
34
229
86
2
12
117
47
66
14
129
5
53
79
86
59
121
1
51
38
2
2
9
9
122
71
18
102
11
33
2
20
9
103
126
3
7
3
125
17
23
44
25
181
3
180
4
71
16
3
102
11
3
111
39
16
1
66
24
39
13
0
47
75
39
11
6
167
54
2
14
37
1
37
11
11
127
14
124
3
5
76
25
31
16
8
157
0
1
57
15
50
15
35
3
42
17
47
16
76
20
11
5
108
1
47
7
6
27
150
158
45
10
132
75
6
44
20
26
25
10
19
8
25
74
15
91
260
16
48
51
32
4
5
1
11
32
46
0
155
284
24
54
3
27
0
16
13
6
139
29
24
50
2
12
6
103
8
7
45
13
120
0
70
12
7
29
27
19
36
52
2
17
215
42
41
155
105
94
63
46
179
48
5
109
12
85
13
87
66
68
78
4
10
59
1
14
208
62
143
27
95
32
18
26
5
86
149
83
86
31
16
78
5
1
1
185
15
141
2
21
2
20
81
23
31
12
8
43
62
44
19
13
0
8
19
1
66
9
308
73
22
5
73
58
2
24
110
1
23
68
5
101
2
33
77
33
84
1
3
75
131
193
38
108
70
49
12
16
99
100
68
27
46
12
23
40
4
38
2
35
146
8
111
9
3
88
60
35
110
8
192
0
58
2
8
41
5
4
2
12
38
25
2
14
32
12
214
15
44
116
58
29
3
23
149
31
7
38
26
1
6
80
82
4
149
0
24
145
5
27
17
41
4
3
11
12
8
41
56
22
8
139
73
13
58
270
18
13
20
50
39
8
34
44
5
4
48
92
11
13
41
19
228
11
3
0
6
0
78
87
61
15
135
3
10
6
16
5
129
191
7
16
29
20
7
5
19
216
217
29
79
7
38
13
4
102
8
14
1
58
0
11
7
0
63
17
40
5
13
0
112
0
29
170
60
35
88
16
17
1
20
20
46
25
20
18
6
6
21
102
27
1
23
119
13
196
145
12
20
84
17
1
4
4
149
71
1
89
61
3
56
206
24
79
2
52
22
64
7
26
24
42
175
32
3
5
27
169
102
72
135
90
18
2
64
24
8
37
42
76
64
16
58
8
62
7
145
45
5
40
8
24
110
4
4
13
2
85
11
9
292
55
43
74
127
51
17
48
82
106
51
5
23
106
17
17
0
77
26
6
153
31
3
4
0
2
44
72
95
1
1
21
18
24
110
35
34
3
36
4
37
8
2
4
5
104
3
18
32
40
17
4
40
85
64
12
114
26
7
16
14
5
83
0
55
62
24
35
19
69
40
139
190
13
69
5
221
239
44
137
7
58
27
96
35
7
25
20
71
7
131
46
40
11
89
88
1
141
230
118
69
57
99
63
72
0
11
38
22
27
15
6
36
6
7
108
59
0
13
23
73
24
170
55
49
27
8
31
199
169
54
9
17
89
48
24
124
63
307
6
56
130
20
62
2
0
71
35
1
8
10
18
36
1
10
34
4
36
0
98
5
132
2
41
142
12
58
51
37
53
3
12
28
92
2
60
78
16
105
5
5
59
24
24
83
36
22
8
69
137
21
50
10
129
12
4
18
56
15
1
186
90
10
13
0
6
39
205
25
7
65
121
11
2
36
11
2
88
11
117
25
111
2
0
1
289
84
235
17
0
2
73
58
106
100
15
86
19
3
0
16
4
21
153
4
122
26
120
5
0
130
2
32
21
28
6
97
31
48
123
86
3
87
23
62
5
52
23
3
68
251
49
59
74
31
22
46
238
5
64
17
4
386
26
21
61
18
76
0
12
88
42
220
50
2
39
27
18
13
154
121
37
11
3
129
23
66
5
49
6
1
171
50
20
16
238
8
2
97
17
14
4
48
15
1
19
39
143
1
23
30
7
141
3
31
253
9
73
27
112
54
0
2
21
15
0
18
122
33
149
25
53
7
63
127
15
120
6
51
43
40
23
93
9
232
47
5
16
56
94
27
79
7
14
155
4
8
70
24
4
86
32
55
2
7
32
8
45
8
44
87
115
11
87
17
75
64
12
58
15
62
0
96
4
58
71
61
51
5
12
75
22
72
0
201
39
70
42
135
52
127
50
17
111
19
37
12
38
106
202
20
2
25
51
40
5
4
7
50
32
45
0
71
2
73
49
30
65
20
170
55
42
23
124
34
6
21
56
66
2
58
0
2
30
9
16
40
187
34
74
62
15
36
11
0
28
8
133
36
11
25
31
44
18
12
0
265
297
16
96
2
1
120
13
13
4
15
17
10
146
8
67
2
6
255
231
50
158
80
3
9
52
134
45
264
17
35
36
43
6
24
88
134
28
121
148
50
213
16
200
31
154
16
33
163
5
95
171
93
90
0
3
8
290
11
40
67
1
196
51
120
0
116
35
1
1
70
7
43
3
28
19
0
0
37
114
114
82
13
22
22
94
18
37
40
58
2
168
11
25
35
29
4
3
62
19
106
123
46
0
50
29
9
19
3
53
97
3
10
15
35
34
12
20
41
94
58
18
2
5
21
125
38
61
14
38
8
40
108
6
203
16
50
118
68
222
24
17
136
125
6
0
7
9
202
27
7
154
0
2
17
22
30
10
59
43
38
74
9
16
15
0
76
22
18
2
7
15
73
93
123
332
99
109
22
79
20
29
203
130
135
40
19
124
28
2
46
0
9
323
19
11
164
52
40
6
141
18
55
45
5
2
38
12
79
21
2
58
32
24
116
91
153
30
59
79
10
86
34
3
107
35
3
50
88
15
254
95
49
86
11
34
7
62
173
34
6
36
16
36
9
3
15
107
11
39
66
23
1
150
58
91
58
55
1
152
157
38
2
57
13
48
45
0
1
110
2
46
29
43
2
32
123
21
16
5
4
23
11
185
0
195
30
17
18
242
4
5
30
15
41
1
108
25
49
183
51
18
223
6
40
7
25
62
66
10
25
8
50
0
5
20
96
5
9
153
15
195
7
110
79
79
32
186
4
43
14
133
10
13
9
27
7
0
119
30
22
45
25
26
47
101
21
64
149
39
13
18
7
24
1
11
142
34
3
49
27
11
1
6
197
41
53
118
152
66
15
3
197
6
44
23
57
16
36
9
11
94
105
35
268
254
30
184
10
30
50
51
85
256
1
25
145
22
6
8
134
9
47
157
64
67
107
31
9
104
2
260
7
45
20
58
70
147
90
8
8
34
10
34
184
3
22
17
144
24
211
8
9
123
0
21
51
3
3
4
9
2
186
198
47
93
68
75
39
108
14
52
14
0
42
21
72
6
37
19
10
22
56
7
314
1
2
19
54
4
79
135
0
62
45
45
19
22
4
34
0
5
40
1
3
10
29
5
7
9
4
67
32
3
1
1
39
69
80
4
48
28
44
190
49
119
7
171
108
3
32
49
41
61
118
4
3
136
58
116
77
68
187
86
59
4
58
13
55
1
55
12
23
21
11
105
0
114
18
34
5
152
71
6
85
2
6
4
65
35
164
9
59
51
15
24
25
1
1
23
5
120
114
15
100
26
26
279
8
17
32
5
71
1
0
15
31
78
6
7
43
2
39
26
19
13
191
25
14
11
21
25
21
145
57
3
11
31
30
0
111
8
2
61
23
150
26
56
40
23
12
9
42
13
27
26
18
71
1
2
13
1
72
83
51
7
100
61
88
24
1
28
26
16
112
24
83
99
29
20
256
24
50
9
111
48
19
53
30
28
33
63
119
43
58
118
59
48
9
68
42
123
8
6
80
44
17
56
24
28
2
9
10
102
4
98
51
151
10
43
5
80
11
4
52
5
3
86
16
23
54
112
6
2
161
19
17
139
12
72
42
36
100
0
24
94
4
2
51
19
40
4
7
175
18
14
74
6
34
8
204
21
22
119
13
11
77
16
234
14
150
7
17
0
14
88
3
1
4
226
12
69
8
8
75
162
23
8
119
102
17
3
155
16
51
74
115
197
62
22
14
49
7
71
10
63
3
7
42
53
6
1
0
153
13
72
66
30
17
43
64
2
17
24
10
42
6
71
70
48
42
48
2
16
34
52
0
19
79
37
47
48
67
110
42
27
29
14
6
0
47
71
44
3
86
5
114
2
12
7
34
33
136
1
124
302
90
152
56
110
21
35
17
90
1
210
9
207
37
21
3
36
0
32
6
14
44
45
4
19
307
26
19
22
4
0
25
147
3
0
200
32
1
1
103
28
11
54
2
10
9
81
0
46
5
35
41
75
54
10
20
6
11
0
62
27
62
226
8
20
76
3
1
34
36
142
6
59
81
10
2
167
28
72
34
32
14
7
50
182
7
34
13
203
8
9
3
91
9
10
125
45
56
76
82
7
19
59
78
146
8
12
5
5
179
1
138
88
85
32
2
33
27
51
34
139
223
4
3
8
4
27
13
53
17
2
198
46
3
2
99
139
139
14
144
84
16
12
77
170
2
56
17
45
204
140
82
36
226
17
13
24
51
134
93
90
189
35
97
31
106
24
31
93
33
17
20
0
20
4
3
78
39
116
4
28
34
61
8
14
27
63
0
41
138
171
0
14
92
8
56
1
16
50
57
8
33
1
33
114
285
7
18
61
50
2
67
28
23
7
111
9
104
90
1
30
3
2
1
73
6
140
14
115
40
16
17
140
0
18
14
16
11
134
20
235
56
8
44
2
117
42
9
27
47
246
65
17
17
112
56
77
10
359
1
31
25
26
65
101
20
2
54
118
112
108
48
2
24
5
0
46
57
34
135
100
50
13
25
33
2
23
12
12
48
93
64
96
195
21
16
85
8
37
34
3
9
48
78
38
1
43
23
120
13
3
204
28
32
52
88
107
195
56
30
43
23
155
202
57
9
1
28
135
3
127
2
77
0
182
58
23
12
39
32
0
16
289
0
9
161
85
13
18
20
138
5
69
3
7
49
3
36
18
0
16
11
18
24
7
9
17
12
14
2
71
3
77
34
3
42
0
3
6
11
84
3
13
71
63
123
32
16
23
4
31
140
6
26
105
101
41
18
1
32
58
38
3
17
5
26
71
9
31
73
119
9
31
70
67
13
1
7
44
5
4
35
130
60
25
8
23
50
11
78
56
3
59
52
1
4
24
59
274
16
24
43
67
14
21
23
31
3
28
41
56
0
51
18
72
37
11
4
7
148
228
82
16
14
89
32
99
39
17
110
26
12
15
132
35
23
16
12
2
39
3
98
18
2
147
20
12
89
24
10
10
22
57
71
23
8
23
6
48
34
73
44
128
16
62
1
10
14
5
5
111
38
50
73
191
62
7
1
18
151
36
60
133
153
5
120
44
0
0
21
5
2
68
3
57
4
41
38
34
11
35
45
61
4
17
51
82
10
10
8
2
11
22
3
0
18
37
3
40
7
308
33
27
8
12
228
94
57
63
0
5
17
11
0
41
23
1
3
56
14
41
1
24
6
29
28
34
84
106
4
16
47
46
33
9
120
0
23
171
7
2
10
1
99
19
120
21
37
91
71
1
45
41
5
65
88
2
51
38
58
4
59
4
2
18
4
34
8
115
37
4
15
1
13
1
88
7
37
16
9
101
66
1
18
27
153
30
16
14
134
70
20
114
39
153
50
28
25
9
0
95
2
1
43
1
2
12
14
36
2
219
19
5
24
38
36
20
225
77
11
72
13
36
47
39
51
3
40
30
25
10
181
8
18
2
31
2
72
92
4
73
0
41
13
10
86
49
45
112
11
15
17
242
104
53
16
29
7
5
62
26
24
207
44
58
57
46
44
32
222
17
6
144
88
5
44
28
17
3
9
34
61
5
156
10
2
2
26
3
42
4
67
22
78
24
1
104
15
31
10
150
1
10
22
27
15
15
18
211
3
61
81
26
38
1
31
46
1
6
50
21
49
36
21
154
14
2
14
66
9
125
198
61
117
5
12
46
48
25
103
8
22
2
188
4
17
149
10
231
38
67
36
4
139
94
119
7
10
2
4
111
128
24
32
9
220
2
29
24
66
23
17
22
42
102
76
5
48
102
155
2
8
53
27
14
5
32
2
26
40
49
7
21
70
40
16
64
44
27
23
43
18
37
14
10
42
30
137
36
0
49
0
4
37
33
146
6
45
5
54
66
54
77
0
11
141
9
96
5
82
1
40
3
3
174
44
93
46
16
151
153
203
15
16
5
20
35
45
3
26
0
51
2
13
36
141
17
13
1
25
0
81
0
6
44
58
19
142
15
67
19
28
5
86
43
0
4
64
52
152
35
106
3
1
12
6
223
2
2
47
52
3
6
2
74
7
62
7
2
224
79
85
60
38
82
205
4
40
3
45
3
33
43
248
71
137
44
22
28
0
82
39
79
8
33
0
45
37
19
14
1
10
169
6
81
1
173
56
35
237
41
13
145
19
8
23
222
210
14
101
202
27
98
10
1
60
138
53
24
59
12
20
4
27
15
5
28
50
167
14
138
14
55
62
29
78
97
49
25
71
43
112
56
1
4
8
159
11
5
19
12
22
33
15
8
112
82
104
134
17
3
65
153
50
21
10
14
97
106
0
31
2
57
2
73
