13
14
146
17
43
76
18
172
0
235
15
10
97
25
8
405
60
96
16
22
37
24
34
150
31
20
14
108
85
79
18
13
494
55
1
97
190
1
49
448
29
1
11
287
344
17
3
74
128
220
0
2
49
5
122
202
284
54
101
544
176
88
196
125
16
18
40
7
41
41
0
186
443
9
100
195
51
24
77
61
153
8
53
13
162
25
17
98
15
441
187
45
146
13
327
28
62
230
98
53
78
62
12
2
38
60
31
199
35
73
283
76
123
85
83
32
18
37
16
9
2
1
209
3
316
281
12
153
3
178
243
271
235
92
24
103
86
0
5
406
86
10
116
248
252
9
66
243
2
9
146
54
141
19
66
60
72
46
252
7
9
9
45
37
0
1
286
53
64
16
175
166
107
17
41
235
166
108
22
6
62
27
211
137
7
3
48
396
81
102
370
46
172
1
253
19
514
182
126
4
16
34
560
50
1
9
138
235
136
19
89
136
1
62
364
121
6
3
325
217
58
181
254
143
150
40
20
4
36
75
783
0
48
8
38
0
227
21
348
168
56
3
8
94
46
199
117
95
54
14
0
1
15
703
68
322
74
12
27
12
192
16
72
49
47
17
36
17
0
17
41
44
4
77
100
7
69
19
16
19
168
69
55
100
76
13
113
3
22
26
28
154
61
52
0
40
19
175
19
20
18
2
3
4
5
18
127
131
54
13
102
10
73
322
241
25
92
125
0
23
231
19
5
424
23
29
12
30
196
22
23
9
124
322
41
23
19
24
13
172
55
0
2
44
197
8
20
0
5
101
86
113
0
26
43
253
52
30
58
168
35
396
1
234
0
146
9
296
69
101
119
113
60
154
75
54
53
214
26
1
170
212
42
53
0
340
58
317
7
113
2
63
4
8
73
9
18
80
24
206
97
14
260
239
48
83
20
8
92
129
47
2
101
84
17
9
34
1
496
62
148
66
52
25
29
15
0
3
99
209
415
2
80
90
117
44
16
13
93
93
18
9
106
60
185
113
141
32
35
360
57
610
93
196
47
13
10
14
92
488
26
189
113
18
114
77
32
22
133
213
16
10
87
8
15
7
391
89
33
27
154
99
35
2
32
167
131
95
9
1
3
335
9
4
228
247
277
4
25
14
297
221
83
40
118
2
1
11
147
15
209
438
108
19
207
142
7
7
15
11
1
7
50
157
190
19
16
32
97
10
2
73
10
260
235
371
98
234
92
62
119
249
1
100
242
5
71
311
375
242
383
61
210
8
8
13
9
71
32
55
327
15
1
32
68
34
326
68
2
167
37
179
220
24
237
165
498
57
8
7
35
3
208
9
19
15
75
122
43
41
64
240
147
3
339
15
130
78
20
116
134
43
15
73
246
290
122
77
40
60
18
9
32
232
58
57
36
64
52
62
0
10
20
1
123
190
101
20
98
5
331
274
8
66
2
374
319
20
45
378
37
93
71
34
8
23
65
2
8
63
383
126
183
16
5
291
93
13
177
98
53
5
15
45
153
2
7
42
35
33
22
170
23
25
612
40
39
136
141
422
152
150
37
522
37
143
47
39
161
1
4
49
65
16
119
16
91
5
53
297
84
384
372
46
74
94
66
68
20
274
1
0
9
182
71
112
69
87
479
68
11
348
37
2
439
0
67
49
94
270
539
305
94
130
143
0
663
205
104
304
17
128
25
70
163
233
14
210
115
95
5
123
4
122
48
22
2
14
55
29
105
29
59
86
21
169
64
2
20
83
8
165
118
302
14
25
46
163
179
456
0
104
317
323
54
476
68
166
38
113
33
164
58
15
29
81
168
184
17
145
1
151
4
99
94
1
136
0
41
179
43
290
124
434
124
175
223
63
1
291
126
247
35
58
11
40
113
7
595
1
98
2
346
257
11
53
80
363
22
1
528
77
38
1
122
160
72
151
297
32
70
2
54
21
53
372
3
20
11
90
544
5
158
24
2
15
180
17
53
0
390
23
0
257
22
107
210
404
143
193
85
19
93
3
27
16
172
11
231
17
98
52
83
164
101
149
128
6
65
40
57
8
50
9
13
255
46
124
19
135
55
59
25
19
164
211
22
163
332
55
52
55
362
169
27
108
4
133
4
23
76
4
219
31
155
105
119
48
9
4
1
10
9
120
468
29
0
2
165
40
186
66
248
9
6
89
60
159
3
110
199
4
36
5
68
92
238
423
83
83
48
151
0
35
53
37
308
54
19
2
523
93
0
182
43
6
95
10
35
3
0
45
328
28
28
64
196
101
34
170
2
8
16
21
68
11
63
120
78
284
36
39
45
22
182
332
72
158
72
21
46
43
240
5
90
75
58
68
323
32
421
84
15
261
12
91
2
379
324
9
60
96
138
3
110
266
1
146
95
78
17
12
84
413
19
371
0
65
66
37
26
166
61
4
35
31
18
2
559
438
47
35
2
33
0
69
590
38
9
4
15
246
275
40
14
10
331
6
7
11
196
56
20
16
151
147
172
163
4
19
4
19
116
37
294
154
45
14
0
10
402
180
49
260
361
140
90
1
27
225
6
93
107
6
0
105
466
11
20
4
8
54
436
16
117
65
122
282
240
47
186
2
4
3
9
41
324
53
19
98
54
10
63
14
8
83
4
83
350
30
15
43
24
121
48
15
69
21
2
0
322
31
22
76
120
122
14
30
1
128
11
9
75
36
256
5
96
35
91
23
9
231
127
106
16
127
425
4
0
15
11
19
188
113
3
13
0
113
9
102
80
20
58
314
57
10
24
74
134
89
28
5
62
9
4
166
71
77
293
23
37
116
103
13
107
336
170
143
9
82
120
163
12
194
56
98
3
47
4
337
2
166
3
78
143
4
31
121
10
385
376
61
4
1
33
40
7
533
8
8
226
139
113
43
49
72
6
92
213
28
14
173
245
23
636
222
41
54
53
36
44
15
105
29
23
70
27
9
31
63
114
122
3
33
39
125
122
49
78
12
20
7
223
213
80
119
37
2
1
110
144
43
6
89
34
180
211
93
2
94
340
49
58
171
6
9
39
25
3
18
161
1
113
111
44
2
170
177
105
6
29
11
246
73
93
94
106
14
22
106
296
2
33
246
116
1
48
190
17
28
55
5
109
9
148
103
98
193
97
110
82
17
24
7
0
8
19
1
2
26
117
227
64
97
22
220
106
4
0
33
14
4
9
7
53
163
26
33
30
22
55
32
14
25
40
48
4
93
140
21
107
10
179
109
10
83
193
469
54
2
384
9
5
69
81
78
548
23
0
191
14
268
23
32
51
5
38
15
265
41
5
422
34
90
90
4
34
1
20
55
99
226
250
31
235
101
2
6
140
4
18
8
33
177
1
599
1
2
132
22
138
2
177
632
35
3
260
65
74
290
180
266
243
29
101
8
29
29
1
121
28
77
158
5
98
232
43
152
47
53
67
262
62
17
16
73
7
54
10
7
22
17
0
4
5
68
164
28
2
349
102
36
58
93
53
12
277
121
71
293
108
57
239
53
328
19
73
32
1
259
138
45
13
6
48
49
145
25
15
25
2
62
176
6
64
4
96
241
8
138
158
123
0
6
45
31
29
103
183
24
141
556
21
220
5
49
562
227
28
511
69
125
12
46
30
69
60
41
16
33
75
203
5
41
28
48
182
147
108
283
22
20
103
655
195
13
75
26
217
2
52
3
46
31
8
167
69
126
126
90
71
24
0
74
3
35
185
49
91
84
41
189
60
280
106
82
15
122
9
4
210
18
16
114
292
2
1
2
17
23
49
228
12
4
62
7
203
3
121
3
228
74
386
89
32
237
72
0
0
61
136
18
16
31
69
436
82
258
74
79
210
5
422
10
78
6
121
15
25
156
34
109
29
2
126
29
68
37
6
242
34
4
79
11
15
96
113
12
246
70
0
14
50
75
48
52
240
109
292
7
59
10
177
163
17
59
1
319
22
32
76
24
89
85
220
98
46
39
319
118
5
15
46
86
26
85
174
33
24
164
65
8
110
260
14
33
114
153
13
0
55
270
27
116
4
35
393
283
5
6
9
115
26
69
20
5
175
50
64
20
271
28
99
258
68
50
0
118
51
0
6
32
17
218
69
36
3
20
8
80
43
