196
18
28
10
160
21
138
3
26
265
8
12
57
67
405
154
0
214
51
149
123
63
39
56
318
758
7
72
109
100
13
65
76
12
472
14
207
28
31
4
253
15
78
2
207
2
57
7
83
10
3
35
127
98
190
134
58
18
8
17
13
251
4
73
24
126
144
544
168
133
154
16
82
39
411
224
312
73
546
364
125
196
12
24
576
21
5
116
12
55
291
47
32
627
11
49
37
89
40
382
359
14
127
4
19
258
26
71
154
87
24
51
336
1
48
96
84
206
152
101
40
17
20
72
344
32
122
140
144
301
1
340
137
255
65
3
19
95
43
155
448
1
18
87
22
8
85
64
294
3
62
12
602
72
4
94
14
189
138
12
187
225
10
19
14
38
233
6
214
10
261
168
210
187
23
49
156
25
6
43
0
0
69
110
14
21
171
6
5
136
9
20
112
27
34
23
14
61
64
20
1
184
112
69
9
40
86
3
128
37
131
177
11
44
11
87
52
12
313
2
172
50
223
19
110
14
385
205
24
143
233
33
8
195
58
17
1
150
22
98
46
7
8
229
300
319
129
12
9
254
1
35
9
57
9
558
83
27
64
231
39
45
48
58
15
367
18
65
72
96
9
11
212
25
1
147
99
6
138
37
232
124
625
53
1
148
1
11
36
64
11
61
166
41
49
157
0
10
13
0
4
39
104
425
64
9
49
118
126
314
150
22
129
176
3
1
11
44
47
8
18
311
259
106
43
59
114
2
25
26
109
69
194
312
184
21
2
59
26
47
65
361
4
268
87
238
10
67
52
211
15
370
10
36
241
92
79
19
120
259
435
201
74
6
66
393
568
31
156
3
112
28
21
71
35
232
61
39
197
25
374
678
320
321
171
141
53
101
92
12
47
527
162
6
58
36
637
5
176
26
446
125
178
11
223
52
495
256
493
22
126
54
47
19
337
291
27
206
10
51
4
28
19
494
3
27
15
9
286
200
51
4
137
276
12
295
151
223
6
194
273
54
278
152
6
4
236
41
35
329
60
96
34
70
3
76
9
168
129
11
110
9
36
352
127
105
3
78
3
177
457
92
186
150
7
484
67
89
117
419
143
3
33
82
1
62
27
1
10
478
394
241
15
179
260
142
793
556
1
275
69
24
541
197
217
36
38
16
115
48
102
208
14
226
9
1
26
71
18
80
273
139
17
423
12
106
103
59
440
136
87
88
12
46
165
9
45
4
2
10
0
28
12
221
3
42
478
294
252
37
0
16
52
242
43
27
479
69
16
26
45
39
156
2
186
1
126
106
142
89
3
48
2
51
7
33
25
134
5
92
33
120
44
296
57
11
83
4
121
9
107
39
42
37
237
59
29
528
190
241
70
315
30
82
74
6
105
150
131
55
95
192
185
43
44
209
225
33
71
236
5
243
39
150
41
25
100
220
197
300
17
18
26
113
0
32
0
2
167
95
42
4
151
2
24
22
25
4
22
340
300
429
49
19
150
62
35
153
2
36
28
63
2
138
10
31
158
365
190
309
17
82
469
4
58
31
29
22
513
5
27
22
123
5
369
18
0
70
5
23
314
15
13
184
184
221
142
112
5
183
8
334
43
244
170
180
1
122
5
29
109
0
162
29
152
4
313
58
360
331
46
348
68
55
36
109
248
150
33
47
450
24
86
8
138
84
89
1
4
21
100
50
21
24
17
171
385
24
5
20
133
195
48
130
162
101
83
17
233
16
17
52
57
26
4
48
63
13
68
13
163
237
84
140
175
52
20
78
57
330
5
297
45
26
359
8
170
66
87
99
104
4
49
296
46
12
121
90
384
187
124
107
69
72
73
80
39
14
290
26
2
62
66
266
1
4
142
152
103
72
6
3
27
215
49
11
76
321
14
26
56
69
213
128
75
145
307
142
25
5
153
211
182
0
26
122
208
6
13
10
11
872
13
433
254
18
174
4
69
6
477
52
172
7
68
22
46
192
131
809
40
11
75
258
286
46
5
278
114
63
261
208
186
133
18
1
68
40
68
372
4
11
503
90
169
21
34
7
19
31
247
306
187
183
7
7
203
44
504
163
166
160
177
3
0
12
46
18
40
340
25
270
508
79
120
293
131
51
42
125
6
41
136
6
2
36
14
20
27
211
421
63
228
13
93
13
23
176
332
8
262
72
3
6
48
103
39
51
497
13
27
89
60
3
13
91
43
209
4
12
44
102
103
81
446
171
75
66
14
68
14
57
416
71
93
24
53
15
16
2
25
223
4
3
120
100
31
11
28
25
249
412
132
23
107
12
15
35
4
52
31
361
62
4
147
49
344
45
8
39
148
251
51
57
204
14
115
331
65
150
7
194
25
8
17
81
133
53
5
226
106
673
9
46
407
4
19
22
3
69
355
253
13
401
6
26
36
68
85
151
38
212
85
26
279
19
4
27
2
44
524
12
151
20
15
70
189
5
42
327
130
7
75
124
12
192
39
163
150
100
184
77
381
199
25
34
8
12
3
88
130
102
143
35
37
52
2
12
175
139
51
153
38
143
255
56
78
118
140
48
16
68
24
584
262
20
11
59
61
106
227
23
15
20
64
113
79
132
236
37
20
175
1
51
17
122
39
15
4
102
18
33
295
35
152
116
60
200
1
210
290
27
10
54
6
189
408
334
348
484
194
52
596
294
10
209
475
37
16
0
22
16
1
27
5
241
48
48
66
33
70
26
4
57
60
36
201
147
196
323
22
158
323
273
0
252
21
28
389
256
27
97
68
5
58
127
105
111
298
147
10
93
205
133
47
38
123
222
2
3
24
2
11
314
38
11
5
57
63
5
8
100
304
3
397
44
22
367
37
21
162
134
86
0
100
360
119
17
3
27
103
125
128
115
17
136
12
8
30
619
77
37
148
53
56
261
196
68
71
2
170
34
9
43
139
47
136
31
508
34
165
51
100
218
367
26
516
5
74
56
565
216
14
206
9
49
19
41
330
118
42
367
73
87
116
135
0
416
7
1
9
8
5
39
182
30
10
7
11
10
53
115
77
451
408
39
80
40
70
38
94
20
7
24
59
34
567
26
12
7
0
140
0
33
353
245
9
110
43
16
524
23
17
158
3
25
454
100
128
325
30
100
32
26
174
646
35
343
37
29
127
318
34
77
22
60
189
151
47
16
4
406
105
126
4
19
13
256
269
7
18
81
5
13
1
100
14
485
50
54
38
217
12
144
199
1
50
132
61
31
66
132
8
267
74
600
134
599
37
0
107
201
126
5
246
20
54
3
3
410
39
67
148
122
32
18
55
0
31
381
2
43
260
408
280
66
162
84
254
12
68
6
10
220
507
202
340
194
60
30
301
451
277
26
5
73
45
9
24
99
69
16
8
161
81
161
206
13
19
14
9
97
69
11
557
111
67
591
40
199
188
4
70
318
129
38
164
3
120
169
70
211
8
24
19
47
134
107
92
4
294
15
14
152
82
77
21
30
205
45
49
38
318
6
21
75
32
96
20
369
251
254
168
332
100
73
360
291
24
252
198
1
86
39
19
161
57
3
4
101
29
166
27
164
35
58
50
121
84
150
43
123
241
192
144
46
42
472
0
70
175
29
77
77
14
61
51
394
58
6
36
506
298
6
19
215
21
71
0
457
27
347
77
193
45
21
300
125
6
32
52
325
29
470
7
49
146
303
47
14
3
89
99
46
47
170
38
17
298
68
72
7
159
2
216
61
406
11
85
176
3
238
63
74
48
6
180
29
291
33
265
68
70
61
3
41
164
46
136
44
23
170
0
83
20
89
7
86
104
106
552
63
9
343
113
72
42
5
166
4
55
120
70
126
67
52
82
147
220
119
2
174
79
22
2
75
289
55
19
161
2
5
8
33
5
21
32
0
34
28
44
6
2
16
210
368
122
81
111
4
687
71
192
58
110
405
7
34
14
187
6
231
138
25
512
115
99
73
573
178
32
149
2
529
339
259
65
545
90
17
27
41
37
317
2
10
80
37
513
18
126
47
197
183
274
44
299
72
144
222
237
183
143
52
60
35
90
37
90
125
122
56
5
230
72
9
49
0
111
51
207
264
12
213
242
31
241
360
237
50
228
0
8
2
212
10
84
87
92
190
11
6
92
105
146
30
79
64
527
84
90
9
147
95
483
123
289
8
32
358
13
231
104
101
52
1
249
236
94
6
171
400
233
67
43
279
5
164
56
26
36
64
36
0
11
3
537
19
134
610
48
7
95
93
192
13
508
68
21
69
122
93
11
225
305
299
11
15
96
25
3
12
209
28
296
38
85
140
25
184
57
58
1
95
319
5
191
7
88
406
47
2
9
62
135
39
31
46
5
206
55
61
624
147
17
137
25
5
57
10
24
478
16
11
17
128
133
37
36
34
36
19
16
2
26
222
141
32
427
8
431
52
6
308
197
14
238
16
167
222
26
210
159
274
348
36
171
77
9
240
185
85
243
20
89
13
10
56
11
0
7
253
21
103
37
235
32
177
290
24
694
474
30
5
33
241
96
11
168
196
35
5
2
191
1
22
15
261
0
146
10
10
7
161
68
9
502
80
64
9
339
27
442
0
232
486
16
26
691
2
30
109
177
187
18
66
90
62
30
36
154
17
19
5
235
18
8
115
123
107
103
1
124
77
418
0
16
43
20
98
16
25
2
82
237
53
205
68
73
1
65
139
69
28
4
16
28
81
236
206
2
40
163
1
81
98
63
109
280
26
9
4
305
119
438
279
417
209
160
52
103
40
40
2
197
1
5
8
745
43
466
34
58
271
6
40
3
218
3
165
131
191
544
228
50
1
82
51
117
137
38
15
15
247
5
92
99
826
49
19
77
79
24
0
667
10
71
187
16
27
22
16
1
37
15
252
349
7
0
50
258
40
17
15
6
185
13
21
94
97
11
239
32
51
114
67
4
70
255
46
74
287
332
87
48
400
78
116
281
484
19
34
77
54
142
215
2
349
369
57
386
50
170
362
15
70
76
2
296
3
182
89
13
4
19
344
267
58
81
209
194
54
40
0
85
513
1
107
32
57
603
19
21
32
16
0
11
63
419
0
174
69
26
279
54
105
20
207
1
120
29
4
16
11
5
176
58
8
65
63
74
80
44
8
84
407
8
2
303
10
197
286
177
481
1
128
45
26
19
43
15
24
113
111
606
229
83
0
10
46
287
116
1
18
133
39
5
11
11
68
30
3
6
5
1
471
2
1
149
5
106
67
59
66
163
27
113
31
37
18
232
2
38
55
2
5
40
151
312
47
14
15
39
9
5
384
138
2
34
282
4
3
1
58
727
4
45
53
252
205
27
17
38
5
158
13
69
72
65
8
120
106
13
268
56
12
60
234
4
167
195
10
21
53
8
1
662
167
324
44
43
144
135
92
3
111
73
48
534
112
161
86
34
216
57
63
12
17
41
52
372
14
4
237
7
348
85
82
87
6
11
1
8
38
280
14
116
47
482
5
199
12
28
13
24
288
109
14
201
0
115
75
2
0
48
270
106
5
2
15
24
508
1
552
417
194
126
17
169
23
27
69
223
73
74
89
53
3
167
40
207
172
19
179
201
262
22
29
514
8
94
18
182
36
57
13
0
42
21
27
128
63
124
272
9
27
17
488
376
72
522
104
181
335
3
153
222
109
466
146
65
282
160
19
146
142
208
34
175
9
53
51
440
9
93
143
35
21
835
23
22
498
630
4
208
17
2
13
60
9
264
26
49
123
45
17
69
62
78
7
1
9
131
96
31
75
316
107
135
75
15
235
42
3
50
7
285
153
24
265
1
263
34
36
36
33
19
46
2
6
23
539
183
534
40
128
40
139
44
241
37
123
99
13
22
195
55
162
32
228
38
115
35
4
151
262
37
130
86
229
11
205
9
11
88
286
36
19
251
214
84
76
103
8
4
10
169
357
355
212
80
95
56
154
14
1
2
186
237
57
211
53
194
223
33
74
17
52
14
58
44
43
29
700
116
28
512
489
222
156
2
11
7
79
41
15
8
7
34
367
423
63
3
101
138
15
1
447
107
11
740
151
366
101
125
59
160
15
173
31
41
117
33
0
210
172
59
31
