25
3
26
36
14
61
54
34
31
75
10
21
53
86
9
10
5
14
1
152
88
66
6
4
2
21
47
2
156
2
72
8
208
33
60
106
43
4
4
1
25
20
3
26
59
2
17
12
0
122
14
68
1
16
0
74
60
9
0
23
175
6
2
15
74
0
81
119
0
67
11
107
64
9
7
3
7
30
10
87
3
169
153
62
2
6
153
41
49
41
69
22
33
32
9
50
29
88
11
8
6
46
11
0
53
85
11
50
80
5
11
2
45
2
210
50
10
16
17
4
5
0
27
85
37
12
4
1
104
43
41
69
37
36
219
51
19
32
50
17
25
8
2
11
32
49
60
4
2
2
38
4
2
16
6
49
1
8
24
141
2
0
1
26
0
38
7
2
42
39
17
4
152
12
0
14
47
57
13
61
16
8
87
4
22
113
12
40
1
30
28
6
2
1
9
62
65
103
10
51
2
20
7
6
77
71
21
2
87
0
10
23
27
65
26
208
13
41
74
1
8
1
12
9
40
4
14
25
31
57
10
4
2
1
10
13
0
34
39
56
167
22
58
181
118
83
53
0
51
0
0
66
95
70
9
78
1
1
36
39
83
18
2
2
4
0
53
12
26
25
6
1
11
1
31
3
132
0
0
67
10
3
20
129
39
63
63
21
16
12
5
6
15
11
26
5
27
4
8
315
22
82
5
4
24
51
7
183
26
22
8
0
66
69
3
14
25
258
93
9
25
43
1
108
14
1
23
77
19
13
0
6
0
37
44
1
6
5
20
2
13
9
33
97
6
20
33
54
10
3
10
1
121
5
9
184
75
104
19
0
2
21
3
14
35
14
137
198
202
29
96
11
63
0
1
0
9
6
29
40
45
15
6
19
3
24
1
68
101
84
19
17
2
2
0
13
105
19
9
5
16
41
61
108
42
102
1
92
19
13
0
13
126
42
28
11
15
1
34
2
196
6
50
27
6
73
36
175
24
122
2
33
14
8
13
21
14
2
2
47
0
0
8
46
85
15
20
60
106
0
5
52
87
32
15
18
7
14
44
3
13
219
3
24
54
5
211
0
72
125
88
48
1
95
12
17
4
7
71
12
20
17
42
7
125
93
237
94
60
38
27
6
12
11
41
48
17
30
14
79
5
69
1
51
21
27
4
49
10
46
13
56
1
86
25
48
170
25
98
118
1
20
2
26
32
54
111
78
92
0
31
11
40
9
82
148
99
92
6
15
15
48
43
45
65
11
81
45
10
27
25
37
68
14
128
60
64
8
1
39
37
10
34
5
1
64
4
149
1
1
3
150
7
53
161
18
15
177
148
122
144
37
12
8
9
14
108
1
47
16
100
45
6
20
4
31
15
73
8
193
3
27
18
113
22
10
20
30
50
128
71
17
18
0
12
10
1
232
130
6
1
2
21
4
2
5
37
26
7
138
18
0
75
98
89
12
3
15
177
5
34
2
3
52
2
83
14
28
51
2
68
14
9
14
31
50
5
1
59
4
11
43
19
132
6
19
13
42
98
56
3
9
11
69
10
20
2
36
117
7
2
18
16
132
135
0
5
7
24
1
119
69
85
15
9
6
8
17
92
1
0
2
21
26
35
24
27
45
34
0
1
12
12
10
4
63
50
0
11
27
55
35
79
5
14
144
0
51
220
25
7
4
0
2
21
1
89
34
40
59
1
14
9
96
74
27
8
19
0
238
11
50
17
27
10
40
6
10
6
42
22
46
101
23
10
88
3
10
0
49
29
15
2
21
10
38
117
9
0
211
61
48
59
43
158
0
33
10
36
6
18
119
0
5
21
0
0
27
14
23
62
56
9
12
1
121
9
29
92
14
14
14
25
5
59
5
30
82
59
57
17
45
41
17
3
6
0
3
10
4
13
0
23
55
40
0
37
166
15
48
152
3
71
1
39
7
28
48
13
2
3
133
69
23
65
9
36
52
57
17
3
12
158
6
4
2
128
5
47
18
4
45
3
62
0
65
141
5
0
5
1
25
21
11
18
39
4
32
6
0
27
33
26
15
0
0
112
168
152
56
32
45
89
20
0
37
44
90
28
38
51
22
43
3
47
9
64
48
2
29
48
40
6
1
180
37
10
32
71
15
42
13
25
3
2
36
36
184
29
48
3
17
23
38
7
19
5
16
123
0
38
3
3
3
29
30
3
81
178
69
3
2
0
3
53
62
52
1
0
21
49
5
2
23
17
0
15
2
15
24
43
6
0
0
17
50
6
17
4
10
80
10
85
48
4
32
1
5
21
3
9
30
6
71
2
36
148
19
29
16
8
5
6
10
7
18
7
9
0
23
19
37
2
112
9
8
3
1
6
2
11
73
69
3
12
120
3
11
18
0
1
24
104
14
72
100
24
32
0
86
35
51
26
16
17
28
0
54
46
19
85
7
90
57
25
153
12
25
0
2
0
12
59
3
7
16
22
40
62
51
10
10
58
39
12
31
2
49
71
188
44
15
79
51
30
4
9
64
21
122
0
14
4
40
44
8
16
24
1
27
59
23
80
28
7
16
32
83
107
36
1
45
11
6
12
1
123
15
67
84
79
41
30
4
28
20
1
9
1
108
11
13
3
13
75
33
10
2
17
44
4
39
12
35
9
85
3
35
17
86
170
20
13
16
1
1
149
164
15
4
39
5
117
81
6
6
56
2
3
2
18
102
28
4
102
11
46
2
129
15
5
38
97
38
80
87
1
18
4
14
100
105
5
17
13
40
10
30
38
30
11
10
1
1
1
100
38
121
35
13
14
88
59
47
29
64
12
7
6
2
1
88
28
56
76
10
4
47
89
10
47
150
123
56
31
33
9
5
33
22
2
14
0
