3
18
12
14
44
6
4
403
27
54
13
70
726
264
0
45
148
61
175
5
0
40
85
82
456
161
36
85
156
66
307
585
1
121
208
54
50
160
105
19
39
68
97
13
49
14
53
25
254
256
2
111
15
230
5
80
47
35
148
135
609
51
30
37
6
98
351
166
77
112
16
82
305
359
314
25
436
42
122
10
0
296
244
110
349
55
52
0
329
21
85
4
35
126
38
11
272
321
0
192
122
324
7
7
263
56
71
99
41
36
145
166
102
101
17
303
47
354
778
5
48
243
208
4
159
2
54
18
30
8
87
439
6
314
7
286
364
37
16
353
0
343
23
85
1
85
45
9
254
25
74
4
253
12
95
67
36
197
96
78
9
123
210
81
143
158
91
0
20
21
12
97
49
30
171
335
74
27
352
14
43
9
11
0
37
23
30
29
40
3
223
68
0
200
180
445
48
316
32
1
20
16
0
114
399
17
2
36
107
162
159
26
28
223
54
120
278
60
26
243
303
11
177
5
137
270
152
218
79
88
99
177
99
25
43
292
9
13
16
454
104
9
46
86
60
11
115
130
40
33
11
41
10
175
20
61
39
416
185
167
69
169
109
38
21
1
21
90
0
204
59
409
342
268
31
2
15
267
216
157
135
31
15
23
21
23
6
26
499
10
28
311
123
15
9
564
16
34
162
63
86
32
59
71
2
46
28
25
178
501
348
45
7
67
11
147
24
92
53
10
29
25
5
58
81
699
0
62
83
642
256
6
61
49
1
442
66
61
45
4
80
49
8
14
7
21
372
85
53
101
40
243
30
143
202
1
391
11
2
97
281
67
95
132
350
63
167
124
1
187
52
7
618
0
140
2
99
124
363
39
152
75
643
51
83
360
130
12
7
19
167
550
51
366
179
19
169
12
5
11
79
70
0
196
144
54
12
10
60
1
26
180
324
13
6
48
13
100
11
37
429
87
431
59
152
31
27
19
1
105
132
0
10
69
0
7
95
88
223
1
378
128
29
54
73
4
67
209
61
302
32
108
1
228
5
282
63
297
346
7
9
0
3
50
36
315
32
134
1
241
525
61
378
213
227
0
14
331
163
449
26
53
186
246
116
17
136
453
3
171
178
119
113
78
114
420
60
144
104
36
24
10
33
2
11
195
17
118
447
9
128
9
40
50
387
112
355
16
48
25
18
373
15
193
66
125
66
70
15
24
2
12
64
60
119
162
11
165
170
36
87
90
164
19
89
202
13
36
2
1
37
306
189
9
1
3
52
32
172
0
18
201
3
71
1
74
0
40
75
16
7
24
8
31
440
51
321
162
17
88
0
7
5
19
24
49
19
37
25
92
93
180
53
66
81
13
24
9
14
59
112
8
30
105
0
50
116
25
33
1
24
15
134
35
4
464
0
0
62
88
52
39
73
32
440
264
431
37
263
23
30
8
190
1
17
131
4
105
358
4
309
196
115
28
247
0
13
63
60
97
4
155
7
19
163
187
8
72
42
54
311
8
8
18
11
58
506
221
136
45
2
228
52
13
6
91
32
176
21
15
18
19
84
65
34
464
536
59
18
46
65
22
6
184
57
5
57
154
105
45
438
332
9
0
100
72
31
30
35
80
150
530
96
25
2
478
110
561
212
85
7
100
21
45
5
84
16
89
15
24
107
26
125
188
232
55
371
121
218
90
103
39
12
60
45
65
241
214
6
193
17
152
12
147
35
19
21
33
161
7
46
26
108
27
49
42
39
124
67
399
81
4
3
180
431
141
4
112
9
27
78
12
20
31
9
49
0
202
54
189
344
11
147
88
225
132
27
78
35
99
323
29
87
210
78
13
36
30
313
82
319
200
29
9
75
387
45
8
204
37
139
16
11
24
94
87
3
210
9
96
148
82
78
164
200
67
129
382
86
2
0
254
483
21
24
8
70
3
8
136
4
40
4
115
301
151
328
48
34
214
56
2
103
39
63
7
270
5
30
95
246
24
84
76
0
313
24
7
3
14
354
672
300
84
431
337
126
36
78
10
2
0
9
7
109
222
70
131
165
25
20
143
162
98
5
269
170
32
7
25
36
134
28
105
14
78
134
12
48
88
138
46
180
4
115
16
42
3
57
4
273
83
58
0
23
36
124
148
4
3
37
141
115
27
245
12
0
43
29
226
2
6
13
339
127
75
33
1
120
40
361
103
174
172
74
7
100
59
3
15
32
5
106
101
26
141
40
127
370
12
266
1
51
5
156
8
98
4
122
77
272
228
16
327
34
257
33
134
0
15
93
38
4
3
568
3
22
17
36
313
8
301
55
3
124
90
118
111
35
183
28
25
47
0
160
55
93
1
148
33
14
13
39
44
62
39
15
44
78
279
163
47
154
1
0
42
5
213
311
25
451
24
61
7
144
114
38
30
21
30
212
27
97
6
8
425
32
5
1
19
4
397
6
93
105
63
9
215
14
211
3
7
29
123
341
71
17
179
169
180
52
412
249
104
26
257
130
7
111
87
187
80
313
49
12
40
21
64
2
92
118
16
419
65
58
5
2
67
67
27
128
221
7
38
159
337
142
113
324
119
132
161
50
95
128
12
73
43
4
152
24
10
4
79
21
379
344
110
6
11
79
238
2
156
85
2
69
322
142
12
54
182
9
29
38
69
220
16
38
28
436
437
162
65
89
42
0
426
8
105
144
118
62
238
1
61
69
28
54
25
38
55
19
14
333
87
11
98
7
311
23
178
53
108
405
124
283
58
16
4
10
11
45
81
6
379
124
78
1
112
165
1
13
6
28
442
11
147
119
24
90
22
140
52
77
15
25
32
45
7
211
1
48
49
0
129
42
231
3
548
33
185
39
73
1
169
61
2
115
168
2
46
44
38
153
84
18
161
18
76
88
267
65
57
80
39
70
33
36
15
72
48
162
203
49
229
19
4
149
0
52
57
205
241
68
125
33
486
102
15
4
106
112
49
66
188
88
3
480
152
0
70
29
6
5
10
36
34
5
48
66
168
621
327
575
91
92
9
0
85
15
39
205
385
2
83
429
228
0
37
35
224
34
36
72
3
62
14
39
43
10
4
201
7
472
46
13
102
310
120
24
35
83
220
320
101
53
40
126
411
5
69
35
0
44
550
132
103
118
144
12
14
23
263
57
9
1
6
191
179
41
5
8
116
75
3
241
384
3
278
99
70
176
102
281
58
49
6
149
91
70
415
35
204
287
253
73
0
7
190
187
4
0
90
57
8
116
10
172
2
92
133
50
42
200
1
214
37
415
5
2
8
150
35
162
403
63
64
165
642
84
309
39
11
8
1
28
242
33
38
230
64
85
19
99
24
36
10
232
31
209
33
62
29
184
230
5
7
6
302
70
532
119
213
109
26
45
0
91
140
3
45
18
7
142
28
138
136
219
72
93
52
67
14
37
86
108
152
427
43
49
86
152
57
194
6
289
185
43
5
109
2
54
175
4
130
62
105
105
26
17
159
136
14
8
0
102
51
6
327
60
68
0
71
4
0
21
185
16
310
2
262
18
171
176
56
56
1
106
51
22
511
60
47
8
44
24
85
88
283
17
44
39
40
42
153
20
97
14
0
143
21
1
559
372
250
5
66
15
270
242
173
45
210
7
8
61
230
586
27
18
288
234
5
341
140
10
2
51
160
175
124
243
193
8
59
215
151
27
229
134
334
167
36
21
23
38
137
13
133
233
19
218
20
29
110
48
47
219
163
20
9
241
120
80
4
347
26
36
490
1
10
71
252
58
5
242
434
90
10
232
73
0
6
287
15
76
22
18
98
57
32
195
161
253
62
28
9
18
31
127
198
102
7
2
146
52
228
17
3
40
148
1
27
20
294
23
140
1
110
10
70
16
237
95
19
5
230
7
45
157
30
316
128
74
19
1
34
32
44
496
17
77
101
4
565
87
55
7
89
5
315
2
160
89
1
9
166
48
113
2
1
17
764
219
24
4
107
102
68
360
13
5
193
49
86
2
7
21
61
82
11
15
9
33
498
7
8
294
32
220
35
386
40
208
92
37
35
2
7
153
202
123
37
52
25
12
182
25
103
2
4
58
72
6
68
12
6
28
195
58
75
33
21
210
104
110
20
67
26
70
9
8
2
46
12
11
0
383
37
68
6
72
12
170
188
257
91
69
200
252
442
2
31
151
26
426
141
15
155
75
260
369
233
7
8
16
10
0
309
105
103
80
11
12
158
87
127
63
67
201
99
16
1
503
3
123
48
51
119
10
25
137
178
10
64
240
5
68
9
182
2
534
29
75
48
297
164
25
15
117
200
86
49
280
103
11
429
56
11
34
158
0
26
102
32
38
22
10
41
90
12
50
230
229
33
53
76
34
532
56
115
2
226
87
7
135
78
258
26
2
17
265
16
1
194
26
71
0
106
349
91
65
174
18
188
7
355
139
82
29
258
2
145
24
5
2
206
273
1
73
84
71
115
126
247
11
3
43
134
33
107
41
2
0
12
28
82
12
9
17
12
136
12
233
211
170
39
153
119
101
512
74
135
0
281
92
147
10
41
95
387
76
142
31
3
158
42
21
205
225
10
3
252
10
22
36
354
177
20
153
162
143
1
321
127
61
685
13
45
125
24
124
27
2
4
4
15
342
39
667
104
78
3
10
181
184
0
39
234
22
198
97
44
95
0
22
138
18
30
45
2
70
1
14
358
114
21
0
100
131
89
121
325
155
139
677
201
232
29
289
55
123
87
184
1
71
297
72
79
153
112
138
163
8
141
118
87
42
651
1
230
11
575
49
1
249
124
89
35
3
61
1
8
80
144
99
91
351
9
41
118
16
77
148
28
38
4
23
37
131
165
56
29
31
1
19
5
16
31
4
183
69
9
3
0
65
19
86
0
110
133
23
13
45
15
215
14
8
56
359
204
17
1
25
0
10
145
59
264
18
166
210
252
17
118
220
259
183
43
135
470
208
449
4
2
36
37
2
42
35
158
90
42
263
82
112
85
570
21
49
222
30
100
93
14
36
257
76
26
70
85
65
2
196
33
29
164
37
134
365
221
332
77
99
394
1
53
58
83
65
65
20
40
89
98
89
9
257
41
13
162
11
139
0
16
63
193
387
58
15
96
73
6
3
127
5
16
217
4
231
27
227
83
145
41
302
57
223
170
1
189
110
267
12
48
295
138
162
236
40
288
109
10
60
11
1
224
108
7
110
2
63
81
304
170
13
35
30
116
24
27
53
80
67
323
174
222
152
53
164
556
19
26
107
24
47
2
15
0
113
61
241
19
34
170
1
17
9
9
78
13
15
9
340
81
329
14
14
396
2
81
208
126
68
71
32
16
314
91
95
48
38
180
4
160
245
109
32
5
11
217
0
14
17
70
7
90
9
588
109
110
100
5
1
98
355
125
423
13
26
36
26
134
127
2
172
103
45
145
62
55
6
26
20
49
87
7
9
10
40
408
52
393
80
552
32
5
1
47
83
7
19
35
9
25
185
134
33
118
56
15
89
43
6
2
50
217
157
98
26
37
358
7
9
97
93
72
45
62
24
131
105
57
73
194
43
14
39
143
4
10
28
99
29
104
39
2
34
521
5
368
5
400
75
88
31
29
6
187
130
17
26
51
94
26
177
2
3
13
97
101
13
60
2
2
8
0
365
16
265
1
21
86
287
269
94
0
38
198
289
209
58
187
7
1
106
108
45
5
26
161
157
1
410
246
92
79
98
9
54
2
52
418
14
34
22
96
21
6
111
322
417
36
38
312
39
34
196
0
84
133
27
23
165
174
237
20
404
165
20
136
181
36
1
286
445
69
135
112
196
60
27
6
322
836
12
257
183
108
3
41
239
491
63
2
125
33
94
128
141
12
1
19
203
60
232
467
4
454
16
43
66
15
16
6
416
19
61
320
0
320
106
128
5
52
115
1
64
9
332
17
49
92
13
9
20
265
211
0
6
159
62
7
241
93
4
11
10
47
348
247
12
316
225
70
138
11
25
135
49
3
301
65
188
1
1
175
192
65
60
559
394
64
643
32
54
55
8
5
95
27
191
15
242
124
336
334
385
170
14
24
10
1
335
77
8
5
7
12
31
261
89
7
11
3
437
70
325
4
47
79
720
134
15
75
6
371
265
6
43
29
86
0
51
28
125
43
309
31
5
226
84
115
415
22
16
13
49
402
91
540
216
18
48
3
8
0
56
52
61
0
497
219
196
25
30
11
31
1
250
66
236
144
30
18
91
11
10
92
177
59
77
7
3
24
1
68
49
496
81
3
0
120
31
22
5
122
95
47
11
149
48
255
10
30
117
51
73
9
27
2
93
4
6
30
333
112
8
79
8
16
200
262
86
9
32
2
3
62
426
35
101
134
204
225
29
217
105
77
52
28
78
26
0
3
75
6
5
93
2
173
12
7
38
6
84
54
0
241
125
9
101
216
81
147
41
94
19
117
46
56
151
35
0
2
78
64
10
4
20
124
165
63
3
21
59
152
153
380
3
24
0
15
347
50
157
34
424
151
333
18
40
262
158
2
74
91
3
15
8
134
28
182
253
268
33
104
16
114
69
8
217
296
282
128
9
195
80
149
91
69
57
34
449
32
144
90
33
165
292
530
26
120
46
26
12
158
6
263
588
301
141
264
71
116
81
101
11
18
95
22
44
12
141
344
4
1
106
58
3
37
72
12
303
9
52
3
3
41
86
92
268
13
259
217
122
5
123
1
1
41
66
18
0
1
159
35
79
10
86
55
37
48
416
47
345
135
97
370
2
20
4
134
19
58
102
116
13
55
205
115
57
12
249
64
204
31
3
85
1
223
0
266
51
42
31
2
367
105
225
0
109
4
163
81
92
66
4
19
10
22
255
219
310
439
39
0
275
9
6
8
2
2
71
39
75
567
27
157
25
20
83
127
22
395
253
2
21
106
182
28
185
195
24
98
25
6
4
3
23
7
335
125
0
4
25
87
201
337
12
385
36
114
293
34
16
65
198
51
130
65
9
21
71
0
10
5
323
202
360
3
37
58
6
20
331
10
87
129
7
59
310
1
2
101
132
33
34
0
118
216
5
63
99
40
253
113
176
65
275
47
272
15
19
16
378
411
3
52
278
174
87
50
207
1
92
20
226
635
105
2
125
113
8
25
188
669
124
10
187
21
83
23
170
90
217
218
1
72
11
44
306
170
344
551
259
119
60
16
25
44
3
507
160
32
65
40
49
128
425
204
17
25
219
16
79
26
37
2
576
3
11
55
27
205
208
162
79
319
495
10
169
4
122
217
33
0
22
26
21
116
455
5
356
493
19
202
8
79
89
130
99
17
7
66
63
66
40
3
69
39
56
109
59
25
19
143
49
121
35
6
39
62
5
88
145
7
322
89
38
19
9
0
32
29
25
26
15
1
0
52
18
178
26
95
85
9
6
120
13
43
98
388
92
201
358
2
226
168
5
488
8
16
10
47
36
123
106
180
7
13
40
26
60
2
42
39
58
0
24
455
10
46
16
732
36
41
177
229
215
89
14
27
18
78
10
30
6
15
43
16
8
162
111
25
120
531
257
149
29
51
309
12
255
31
92
67
579
142
129
219
187
59
139
27
17
167
16
137
269
196
84
126
8
12
1
90
0
554
61
17
315
35
48
84
128
65
43
87
48
31
130
122
103
9
53
37
2
341
14
550
317
815
3
155
264
38
134
306
88
12
7
188
333
12
24
136
30
266
42
241
52
4
5
30
50
366
42
31
5
4
30
0
45
145
119
27
55
210
81
3
1
176
18
156
13
0
140
40
10
51
51
7
105
94
54
295
69
50
4
7
28
56
122
73
24
159
8
49
223
19
48
535
174
18
77
482
2
422
163
28
7
210
6
355
43
0
0
250
25
16
297
13
13
18
12
88
74
3
106
0
18
47
61
0
63
1
43
72
0
26
21
64
48
60
37
96
3
49
16
82
97
16
201
35
59
34
33
195
28
317
37
97
92
7
30
191
15
106
175
64
90
72
9
95
51
0
48
134
131
300
513
3
290
16
6
1
39
40
161
135
22
67
117
300
47
191
28
80
15
203
27
381
190
196
15
52
274
28
25
53
5
12
148
20
12
2
52
6
317
4
311
63
2
325
6
111
117
15
12
126
279
14
294
75
45
201
127
168
0
9
20
3
109
66
76
114
6
357
57
136
30
5
328
34
3
3
113
79
5
243
259
34
84
2
35
213
112
447
78
6
7
219
83
245
24
5
31
6
40
7
1
388
184
26
42
18
435
52
5
156
23
20
56
317
42
1
185
69
97
163
140
400
79
13
189
75
38
12
43
52
61
9
48
10
119
37
154
36
38
104
63
136
52
19
6
477
174
29
290
0
55
14
26
260
98
56
19
0
31
5
200
152
12
78
14
160
88
450
51
152
22
168
176
115
186
164
451
75
8
14
21
380
41
41
41
29
64
183
71
49
175
268
1
14
35
39
97
74
2
114
267
22
146
138
132
9
16
79
86
391
4
17
340
52
304
177
79
131
265
67
126
25
269
340
268
49
2
4
209
117
100
8
138
23
12
29
366
1
0
11
33
2
50
26
7
36
120
52
134
36
484
55
2
219
16
26
15
16
20
47
166
157
12
47
18
7
66
1
49
1
101
261
0
8
5
36
92
1
13
7
82
345
24
70
340
73
21
13
35
8
7
4
617
84
15
21
60
117
27
85
24
64
37
311
175
381
126
238
243
18
150
405
94
91
38
114
10
85
308
1
4
172
51
98
1
186
5
111
18
19
44
14
255
7
53
88
82
6
441
21
128
589
143
399
78
45
21
1
0
5
49
96
102
199
291
267
59
188
17
48
119
91
26
7
5
198
107
51
26
45
92
22
71
283
23
12
28
32
26
12
0
146
35
223
32
134
97
57
40
148
102
193
170
299
62
19
9
54
258
94
14
15
25
38
35
571
122
30
21
1
122
25
37
42
205
30
236
53
22
5
18
57
649
5
6
11
90
16
67
