40
209
72
81
144
247
86
180
1
7
35
40
165
112
128
1
64
13
20
42
512
2
56
12
306
201
33
3
25
160
84
417
142
29
88
26
60
28
24
45
106
146
127
1
252
136
32
52
22
1
172
13
115
23
16
4
129
79
36
234
4
10
74
107
147
218
45
253
61
25
103
54
1
27
32
403
40
83
5
9
207
26
11
134
136
1
92
79
29
195
2
125
0
161
103
15
177
42
6
50
4
311
34
10
237
3
20
3
22
27
85
3
1
2
175
27
31
5
0
74
131
16
22
108
9
191
21
97
85
108
0
61
247
271
21
375
145
231
19
8
0
3
269
12
1
301
64
142
48
111
12
153
0
42
32
270
11
155
72
68
22
14
208
173
10
29
26
0
299
79
8
31
271
27
17
222
42
333
132
40
93
100
0
55
2
150
0
10
189
1
24
87
14
0
30
30
8
78
36
45
10
81
128
4
0
21
29
27
67
230
1
64
141
386
67
19
149
33
161
91
24
162
49
31
5
30
23
10
7
32
54
16
28
32
94
48
207
17
136
293
105
266
48
209
20
203
0
267
4
1
91
20
111
45
5
38
184
190
39
6
93
2
0
4
5
23
82
21
1
154
36
9
38
4
75
223
2
277
11
6
110
0
18
9
0
20
55
67
9
31
4
78
270
22
84
99
141
243
221
30
17
39
11
36
102
146
9
147
9
316
186
112
3
0
86
20
451
38
11
2
31
138
5
91
16
13
198
89
78
0
5
74
60
61
43
127
54
9
8
26
23
10
16
22
9
201
5
26
14
466
42
5
147
69
358
5
62
317
164
20
8
44
78
137
24
127
17
20
96
9
135
261
7
36
55
27
0
3
18
267
128
142
39
102
78
79
3
19
189
65
123
41
22
96
17
168
106
162
79
45
45
39
52
176
92
181
56
11
44
11
506
241
280
30
6
41
34
35
10
35
0
1
114
146
34
23
137
47
3
30
125
229
4
45
44
161
67
8
95
180
3
199
158
7
158
64
76
45
93
66
187
17
142
60
153
216
35
40
34
212
63
89
45
14
33
41
133
140
55
192
135
144
4
60
21
32
40
51
184
37
77
45
67
50
86
73
41
9
292
36
57
31
55
211
16
77
16
1
358
41
123
3
4
3
18
283
44
125
72
53
55
17
6
105
48
125
37
15
17
18
4
2
212
20
25
55
13
43
12
53
3
66
227
95
17
32
48
5
141
10
99
25
37
164
37
140
12
5
12
14
6
11
0
243
67
3
14
65
350
11
96
101
0
6
23
8
5
0
3
196
29
131
145
20
176
65
9
151
206
0
21
23
134
80
109
107
117
56
6
6
145
55
19
15
3
6
24
52
91
12
5
9
64
3
18
348
113
49
7
4
204
35
54
4
15
40
171
233
20
11
6
159
155
10
2
94
90
46
0
1
177
1
41
2
28
27
99
123
56
37
21
5
83
216
30
143
19
12
4
8
53
25
27
71
157
75
73
9
50
24
74
319
31
33
2
77
212
2
0
145
52
475
5
58
2
23
49
61
19
209
55
140
288
67
18
2
8
19
15
9
20
42
215
0
71
160
78
3
42
33
89
136
131
53
57
4
13
9
73
12
17
96
1
24
77
129
61
122
37
55
48
62
36
302
115
17
16
3
79
15
41
108
45
51
9
43
62
117
27
116
123
73
6
20
60
127
50
13
39
11
214
68
4
16
26
3
3
98
24
3
28
26
60
98
166
215
19
34
91
15
19
98
3
30
188
384
46
8
26
268
28
231
55
79
65
20
8
115
326
33
0
13
0
7
96
169
118
30
437
16
8
23
82
30
126
166
72
87
1
8
331
24
0
241
145
17
119
90
8
52
5
76
333
8
122
14
21
11
127
155
175
3
158
107
35
20
4
163
1
1
19
1
4
178
0
54
41
95
23
1
138
22
39
83
280
32
24
147
4
4
57
57
347
0
96
35
182
94
13
173
4
1
40
114
39
1
13
38
14
17
7
19
35
62
6
7
3
20
343
28
39
34
100
72
106
7
72
186
49
7
61
7
140
50
9
41
1
31
180
268
324
19
26
66
8
44
4
3
38
7
102
4
40
23
263
120
110
40
27
203
352
106
22
12
37
51
123
26
125
1
20
1
10
69
33
79
16
206
313
137
29
52
22
37
196
8
4
14
79
49
103
1
210
12
10
229
128
5
41
87
13
34
45
7
203
53
82
14
3
228
15
513
31
231
85
156
24
59
0
76
30
35
7
3
14
35
105
134
23
2
0
87
278
55
5
13
112
134
62
7
3
7
13
4
16
64
89
33
3
23
95
24
1
33
65
264
194
29
20
7
69
11
89
1
9
31
37
113
23
3
38
268
80
13
12
536
23
52
33
56
76
49
114
28
1
69
42
120
90
294
170
250
8
113
77
329
30
97
133
52
26
133
320
83
12
23
11
144
172
92
126
232
28
32
9
120
305
160
1
18
2
50
108
39
26
8
24
139
13
2
8
5
281
4
174
80
70
138
2
2
97
80
351
87
94
35
123
46
110
18
2
82
29
63
225
293
303
1
143
84
87
179
45
100
44
96
5
3
179
21
105
38
13
49
9
82
0
110
13
15
74
95
132
11
0
227
9
72
2
10
124
106
37
70
40
0
47
5
19
16
162
204
2
14
170
213
131
107
12
149
198
18
27
17
7
3
29
44
2
257
51
132
118
67
8
71
137
6
19
26
131
5
72
258
138
311
60
145
142
13
97
358
1
149
28
15
1
46
32
286
6
32
1
30
4
2
53
8
30
6
78
32
88
6
8
22
24
71
207
6
31
176
44
72
93
23
13
5
34
14
6
84
251
79
279
2
43
282
47
166
28
30
119
2
28
210
6
144
57
42
131
63
4
32
336
3
38
13
10
33
289
7
90
5
35
103
16
0
24
11
61
38
4
84
30
37
8
132
247
20
63
15
71
5
16
23
313
14
46
65
23
191
208
0
86
1
24
3
134
31
31
149
29
29
38
218
169
40
72
91
35
91
86
28
0
147
254
227
178
20
0
8
14
211
49
3
30
122
21
9
68
24
81
11
3
267
147
72
30
23
22
6
102
157
10
5
205
18
10
91
128
73
63
249
0
98
11
24
63
164
47
99
97
4
116
20
7
4
189
44
123
93
32
74
7
336
46
13
22
2
33
132
5
22
142
51
1
12
0
3
110
10
28
311
49
8
89
384
2
70
83
27
89
26
453
29
12
11
95
26
0
39
96
46
113
0
1
48
2
122
34
18
72
138
29
15
0
77
48
48
79
112
2
43
224
12
187
96
6
28
47
72
10
3
10
163
248
14
1
0
13
4
0
25
0
20
18
3
10
160
2
25
236
86
34
17
45
118
119
28
58
65
62
114
19
15
10
26
5
49
4
49
12
24
2
182
34
63
55
10
13
29
130
107
122
1
102
148
10
168
80
73
14
68
18
62
2
136
3
31
113
108
34
9
41
27
104
119
49
222
8
126
25
23
18
96
220
260
46
2
68
71
23
2
1
51
112
145
24
27
114
0
91
34
215
27
121
48
5
477
2
13
2
28
22
333
51
2
7
3
37
25
22
11
16
71
12
21
35
0
438
19
71
93
6
21
93
27
56
108
40
0
20
3
90
50
101
16
3
119
0
5
15
9
71
0
61
56
19
103
146
129
130
322
28
4
3
5
8
4
34
50
64
86
160
11
91
13
9
329
25
0
79
8
58
371
187
113
16
22
128
45
141
371
58
36
10
9
52
82
17
12
8
114
171
120
0
7
38
401
8
4
38
3
30
2
57
81
48
5
270
51
223
182
42
1
15
5
44
15
14
48
20
16
129
147
98
166
65
189
13
0
112
51
191
63
16
33
132
74
1
46
93
3
66
41
36
532
49
50
13
19
33
20
82
73
24
2
39
260
142
235
26
90
182
26
39
98
56
15
14
36
42
82
41
75
172
49
176
95
1
173
39
8
78
35
45
150
0
12
101
7
1
3
185
17
251
62
25
36
185
46
33
22
0
93
5
124
34
1
68
13
5
54
31
84
165
1
261
232
182
310
6
6
87
20
212
53
52
247
110
131
24
81
39
11
149
82
15
135
163
22
285
89
31
13
71
205
0
36
7
11
28
398
4
75
71
145
69
13
58
23
0
34
62
0
15
1
11
230
62
41
19
13
296
140
19
190
64
50
97
9
125
19
62
2
41
78
13
10
49
26
111
1
88
21
7
126
125
29
44
56
49
12
75
8
100
1
3
250
46
202
27
193
171
176
35
1
2
291
15
83
80
48
349
81
166
35
34
16
13
79
89
28
2
47
24
98
24
18
28
117
352
71
72
188
171
36
97
155
107
58
6
188
315
14
128
0
56
11
2
5
33
18
137
11
5
5
83
15
107
103
107
29
82
189
21
3
64
8
338
16
45
24
50
39
35
5
72
98
0
11
20
5
0
13
30
301
245
49
195
5
39
17
13
3
318
29
52
187
439
437
104
13
1
14
221
103
2
68
1
60
152
0
108
92
140
24
278
11
31
6
31
3
56
135
42
32
42
130
69
90
16
7
3
1
159
100
81
94
80
35
28
89
99
13
5
12
116
107
50
88
2
106
347
37
1
198
0
13
162
31
113
163
86
87
13
9
69
48
305
49
199
274
38
7
185
273
465
9
116
10
27
7
18
113
145
1
8
77
25
12
86
21
17
3
38
363
5
36
58
90
62
3
272
88
76
44
11
125
3
10
104
55
0
91
44
5
61
63
2
12
5
112
100
26
19
1
284
228
25
123
97
16
57
64
3
86
10
33
62
195
20
86
267
158
71
29
45
23
6
28
27
120
37
13
8
31
42
110
215
129
0
55
17
12
28
124
261
31
182
11
37
28
230
92
21
11
146
45
98
22
1
27
37
200
248
2
59
277
149
56
116
89
12
77
91
69
22
45
40
194
8
46
2
251
204
30
109
108
4
35
9
3
36
5
36
3
240
27
43
149
4
43
69
4
12
68
5
209
65
66
361
17
12
27
14
26
2
96
46
196
61
12
69
115
67
106
57
28
30
21
24
27
66
37
87
8
262
118
144
30
175
134
148
222
125
150
195
5
0
100
17
53
24
28
30
74
45
13
119
344
22
155
17
158
21
0
134
22
2
1
8
136
266
133
0
11
43
16
197
108
44
115
2
91
91
13
159
227
5
224
24
65
269
99
15
115
3
5
12
18
99
44
133
89
76
300
106
144
13
45
93
0
1
58
504
15
64
6
62
7
124
5
1
21
59
8
143
20
59
4
5
7
26
16
91
71
179
12
4
133
3
102
7
105
191
1
6
423
91
25
60
6
227
70
132
34
3
21
231
187
50
26
168
0
17
73
84
59
1
36
257
65
11
70
193
46
12
54
46
88
63
49
6
20
12
241
38
114
15
86
2
53
24
19
188
169
54
113
14
20
1
373
50
44
14
2
51
46
9
14
3
24
113
244
46
204
30
12
8
12
509
8
73
461
1
64
67
0
21
14
11
72
77
25
14
287
17
5
1
64
6
340
127
137
46
74
57
82
83
74
163
0
284
11
4
23
0
1
36
8
80
156
246
35
11
27
1
173
41
34
18
2
1
102
66
3
47
319
94
34
9
12
178
321
8
40
3
84
2
11
13
11
3
217
19
140
181
104
136
12
2
164
32
52
1
6
511
329
1
38
231
58
128
34
18
2
10
9
232
155
63
23
151
177
42
146
157
123
374
117
182
11
139
6
4
81
114
51
9
147
17
229
5
116
41
39
269
390
19
25
1
19
197
50
40
31
327
98
231
26
125
76
302
233
62
3
172
0
41
41
108
15
209
104
178
26
4
13
126
136
41
455
447
139
2
5
192
4
95
12
42
0
211
275
45
220
21
13
39
52
279
47
3
46
240
71
0
28
27
95
100
29
16
258
11
8
6
4
357
4
81
15
5
39
263
0
2
21
38
79
20
27
70
19
167
119
70
69
26
39
440
63
0
39
6
20
325
114
4
55
99
0
2
3
38
10
0
259
177
495
64
23
13
4
93
1
4
53
3
2
25
0
7
243
163
88
58
28
116
39
23
61
60
11
50
13
61
76
214
20
12
95
172
141
18
0
287
330
39
380
8
120
0
69
2
11
16
140
155
31
64
28
47
98
265
71
23
122
56
1
90
61
16
0
36
52
53
65
34
34
17
10
12
17
18
17
421
13
26
5
9
40
272
20
67
7
144
5
10
139
95
348
128
63
6
10
7
245
189
23
18
128
2
47
26
28
20
22
36
4
40
10
291
17
41
15
40
182
6
94
113
311
32
157
15
13
42
8
28
61
23
38
10
180
14
236
10
1
10
111
19
30
85
15
197
122
5
10
27
42
165
371
55
69
36
1
14
1
26
23
6
40
61
302
26
90
185
1
10
36
14
109
70
38
138
129
92
1
159
0
0
26
140
18
48
46
62
75
1
86
48
100
154
187
170
112
18
23
247
332
9
309
72
143
95
32
129
74
262
43
13
2
28
4
103
238
27
32
111
141
62
0
65
87
3
54
278
98
12
67
11
46
4
0
33
4
70
100
359
277
15
135
105
3
6
19
39
232
139
212
2
27
32
169
289
82
49
107
47
11
45
54
3
146
32
130
250
12
0
32
37
14
72
45
0
3
30
47
35
76
242
45
50
4
15
273
13
25
122
141
238
47
316
96
27
62
7
241
14
46
11
1
2
20
49
0
26
172
308
143
32
284
68
105
163
2
341
64
37
177
22
123
79
244
306
494
0
1
126
2
65
100
115
27
113
141
157
0
39
11
33
181
79
44
46
6
37
13
12
17
175
106
182
54
40
1
108
67
9
133
92
4
219
39
213
173
305
1
62
136
62
366
12
96
33
6
105
303
27
10
26
74
101
11
270
46
67
40
3
272
223
1
0
134
6
4
24
29
12
0
48
10
126
83
393
27
18
40
41
110
94
22
127
34
4
65
90
203
80
107
19
17
115
186
4
28
193
28
62
17
0
46
49
27
68
2
78
161
1
89
33
311
331
99
34
55
188
61
299
25
59
11
7
4
318
18
7
53
9
2
126
366
8
13
118
12
16
11
1
34
0
14
87
17
1
128
42
1
8
49
338
15
6
2
28
5
140
2
11
44
80
48
25
28
13
182
44
2
47
102
2
163
56
73
42
7
40
92
33
312
7
3
55
37
32
146
135
65
11
207
25
92
192
3
75
104
50
32
2
57
17
45
344
100
15
0
7
198
59
81
14
8
97
72
25
10
153
1
49
104
152
81
29
36
13
26
170
17
54
15
3
51
108
36
23
4
12
8
216
62
5
122
162
126
257
11
21
131
31
58
40
98
346
227
71
15
30
187
31
16
168
15
107
102
234
383
119
117
6
40
195
36
8
55
114
4
15
14
24
217
23
18
3
160
288
178
73
1
0
21
90
58
1
30
9
2
141
308
12
76
102
181
1
20
52
71
4
123
126
9
87
118
10
4
50
137
121
17
65
13
93
104
4
84
101
379
352
85
9
29
27
2
173
15
4
1
102
121
61
129
43
4
4
13
3
13
201
327
294
119
27
267
116
91
13
178
24
337
35
186
6
5
146
163
38
10
4
91
17
261
47
9
352
150
74
52
117
28
50
247
29
3
188
9
34
1
38
367
118
9
2
17
99
330
185
15
9
274
98
15
11
0
42
8
194
262
243
16
299
16
4
56
37
131
55
12
10
16
147
4
224
37
87
39
147
229
0
4
197
160
0
1
26
163
35
65
1
27
54
84
171
105
181
80
22
105
35
330
8
6
2
28
271
23
3
19
82
97
30
67
4
207
114
11
38
64
16
99
21
196
13
94
24
300
103
27
7
2
53
10
36
116
31
42
2
21
49
95
13
115
25
40
56
61
14
36
77
35
13
155
52
15
113
110
126
24
49
32
6
44
0
70
100
0
33
45
278
55
39
12
48
147
93
155
169
2
74
30
203
13
11
24
80
178
11
114
55
94
5
177
37
1
79
71
1
3
124
21
58
7
12
69
35
110
2
10
10
1
92
16
49
105
81
17
95
10
150
13
79
258
62
228
283
18
247
113
246
272
24
3
12
1
49
49
8
20
405
1
11
20
57
144
3
33
23
30
6
131
1
39
31
23
59
44
7
11
11
32
48
54
2
72
63
53
0
103
217
59
4
87
96
134
139
7
321
97
36
40
35
5
64
64
38
168
86
150
124
8
56
96
121
24
254
158
18
256
37
26
27
2
25
9
5
12
38
5
91
82
30
32
81
64
76
102
145
8
1
75
50
21
11
35
153
1
12
15
94
0
14
283
167
84
38
148
2
174
0
46
207
90
90
8
9
88
150
143
7
48
232
122
14
2
75
76
3
181
0
18
35
96
147
24
21
28
43
87
70
184
188
283
15
26
90
15
238
93
20
2
22
159
36
249
187
17
272
69
147
83
0
123
454
22
206
20
10
77
103
16
4
1
4
18
20
6
5
23
19
150
32
240
24
116
156
25
30
23
108
5
0
76
56
53
293
232
153
12
250
68
2
186
4
16
15
48
64
18
137
9
39
13
146
141
12
69
16
19
30
145
250
0
34
31
40
80
231
11
15
13
263
57
7
2
1
54
162
131
104
37
131
21
12
46
57
28
36
102
6
24
64
9
5
133
53
34
92
19
15
43
81
8
7
37
4
137
19
101
19
0
20
104
11
392
34
55
255
167
3
28
281
206
0
0
37
4
52
109
124
17
69
26
44
25
1
1
12
159
22
6
44
56
3
2
0
213
0
8
99
178
4
28
71
36
31
244
191
6
93
109
23
48
161
6
3
78
99
0
136
156
107
7
88
1
93
227
4
0
96
46
1
45
332
187
111
28
201
15
175
92
32
40
19
125
52
18
189
107
79
10
111
39
156
1
8
164
71
5
199
3
15
124
0
180
37
102
4
100
69
36
88
44
32
8
73
10
20
62
36
5
93
33
21
268
7
139
32
49
187
107
13
57
177
47
64
5
180
15
293
113
31
25
105
94
0
50
5
12
11
370
12
92
6
183
276
18
5
449
61
84
23
27
11
88
256
187
0
68
16
344
13
106
41
250
251
2
17
94
145
23
159
71
19
330
35
2
31
33
76
15
288
18
44
68
75
42
4
109
40
224
69
3
59
237
3
12
20
23
108
10
52
17
59
9
40
17
43
183
12
29
187
325
67
192
2
3
45
33
30
23
30
123
30
1
18
13
21
15
25
43
113
28
175
81
36
35
129
86
130
0
20
0
98
145
1
132
7
195
53
81
47
125
29
9
15
30
144
6
52
234
2
312
174
22
15
196
462
12
48
169
61
37
33
55
37
7
105
8
22
1
10
157
94
162
27
38
128
158
21
12
136
3
57
8
212
44
50
41
27
135
63
244
94
96
153
27
161
1
30
16
1
0
123
52
12
45
3
19
10
135
60
126
73
1
54
90
18
181
168
94
10
64
23
285
37
58
285
223
96
64
19
234
193
25
213
8
157
1
9
262
37
36
22
26
9
42
13
81
3
351
219
28
34
0
102
88
126
32
58
53
105
108
1
10
46
56
7
0
15
200
82
22
240
31
86
0
15
51
226
5
0
331
229
2
67
13
12
2
21
29
190
249
0
100
106
119
7
50
22
168
14
102
11
133
0
120
52
25
140
6
18
88
17
45
220
83
195
70
14
11
321
73
91
185
120
9
30
2
180
33
138
216
7
26
45
68
91
146
5
93
4
168
45
123
1
272
12
8
16
8
39
246
63
18
189
219
211
169
29
11
13
65
11
5
20
38
34
21
231
176
53
63
76
21
5
71
245
19
87
39
60
9
190
15
71
38
22
10
15
25
12
48
18
31
59
6
137
204
11
42
31
3
2
92
157
30
68
92
2
111
78
8
233
9
276
243
22
81
54
19
62
96
34
86
24
253
52
89
13
205
1
0
302
24
48
24
6
8
43
20
56
36
100
79
19
73
308
0
13
51
1
13
408
8
123
9
49
19
15
107
159
59
3
254
19
23
80
104
13
11
146
15
362
37
10
0
99
26
73
41
195
11
29
93
14
451
178
235
72
178
289
70
2
79
39
150
121
37
1
334
10
227
381
0
28
14
49
5
12
1
124
211
154
92
103
3
23
8
312
1
189
4
23
232
125
48
3
73
127
243
44
0
302
14
233
29
31
0
37
69
53
39
53
41
14
128
21
58
61
0
56
26
12
17
1
33
58
41
11
232
19
133
23
5
203
0
115
1
5
82
102
53
1
40
22
108
16
90
114
8
24
8
34
45
60
312
20
3
34
167
5
21
127
47
44
0
15
132
475
1
33
43
386
49
465
29
14
88
249
20
8
6
1
246
3
15
4
5
7
39
7
166
124
179
90
34
4
11
42
19
8
114
151
21
25
244
38
25
59
171
46
230
80
218
100
64
41
75
5
63
14
222
8
40
57
8
106
44
4
88
10
19
13
188
126
157
2
0
15
25
1
223
1
39
20
2
109
46
35
233
1
76
6
134
16
70
247
28
27
86
7
220
13
311
56
68
257
217
44
0
3
298
28
27
162
1
88
63
263
81
82
63
45
14
50
182
1
62
99
52
102
36
1
166
10
4
61
130
269
0
12
0
14
17
7
181
14
173
20
34
20
239
18
33
86
55
0
38
116
5
360
2
197
12
18
6
54
156
16
1
31
176
185
93
0
40
21
30
72
21
246
26
18
210
249
137
356
63
41
294
21
22
30
2
8
127
65
112
51
7
39
39
10
77
99
11
209
33
360
180
158
75
61
6
134
45
3
114
230
25
18
52
9
96
19
87
25
75
16
5
115
2
9
263
3
1
122
76
28
14
113
6
1
56
67
10
10
64
3
15
3
127
2
34
10
54
37
59
5
49
21
173
104
1
94
5
425
10
246
0
265
19
6
13
130
3
280
1
350
129
59
200
105
23
6
1
97
5
6
125
19
237
253
122
15
129
41
2
52
33
128
73
295
34
73
149
46
186
34
28
192
7
68
128
1
105
22
99
0
93
12
24
107
6
15
125
25
16
511
25
5
4
11
2
18
78
413
192
41
171
14
190
96
349
32
30
212
4
114
33
117
115
57
12
4
96
15
56
23
340
113
160
4
10
128
25
47
33
4
73
39
31
100
10
58
3
5
64
17
81
12
31
29
1
209
6
53
12
15
14
52
59
1
23
21
23
79
40
35
87
176
73
91
22
0
12
257
5
66
285
23
22
0
4
10
71
3
0
23
11
304
62
278
1
60
6
19
193
2
300
37
112
29
55
31
53
25
5
145
18
0
122
63
10
62
165
144
320
236
53
104
227
44
191
28
5
70
290
57
67
114
60
56
1
13
24
20
7
49
198
94
40
193
38
73
200
8
0
212
125
220
44
5
9
18
110
14
60
46
48
72
122
184
9
23
10
57
69
115
220
11
56
8
31
11
29
3
12
20
78
5
52
9
40
275
60
95
71
8
93
10
23
56
1
234
23
68
43
1
222
0
49
86
27
60
23
22
69
227
229
2
21
46
40
72
104
107
63
88
221
8
18
67
7
36
6
56
21
192
31
8
169
8
9
130
53
176
16
237
48
10
264
44
187
2
1
12
36
11
98
1
152
51
32
0
14
323
4
180
24
14
0
18
0
197
50
80
1
1
32
464
116
6
1
40
268
42
24
46
335
46
62
14
42
48
364
134
2
18
13
2
23
23
8
101
33
19
2
134
151
4
7
119
138
225
70
162
95
22
12
74
125
8
39
23
120
59
27
68
6
30
91
3
85
108
64
103
8
21
26
34
317
286
209
14
113
201
3
35
113
112
78
112
19
171
362
105
88
69
71
35
18
290
17
69
110
22
41
1
163
1
372
67
9
28
9
370
130
40
291
7
64
45
95
63
84
194
44
12
39
124
11
55
29
439
61
77
63
168
140
48
51
118
88
108
94
103
12
28
1
233
16
24
4
15
33
359
17
0
99
15
227
46
298
29
10
49
139
0
243
316
13
40
19
37
16
252
143
3
30
44
163
19
111
32
3
347
142
45
5
34
43
28
10
11
131
142
6
1
28
26
89
1
55
163
2
24
3
9
142
42
7
322
101
68
7
23
289
151
149
146
0
16
16
1
66
361
0
1
5
7
261
1
92
30
3
0
131
11
63
83
2
118
11
9
3
92
0
50
32
57
25
161
27
30
149
13
15
118
60
81
3
0
146
63
174
46
8
120
42
140
10
10
20
40
6
220
8
195
14
0
45
45
154
41
87
11
3
70
4
163
37
114
8
22
101
153
45
54
12
81
45
111
29
2
294
8
92
86
276
272
9
122
3
89
62
15
62
3
71
7
142
1
11
0
6
2
24
9
89
15
148
257
4
2
6
44
9
80
369
102
14
221
24
22
29
118
12
348
66
104
50
8
65
383
40
31
89
85
126
114
141
39
13
0
29
129
47
150
12
0
54
198
3
276
7
13
2
53
102
66
469
27
146
37
58
22
8
13
37
112
7
12
39
1
41
0
17
37
100
4
5
92
183
31
55
143
1
29
306
186
66
11
121
18
62
5
39
48
155
28
59
112
50
359
213
102
7
119
6
86
70
113
13
332
150
535
33
21
25
166
9
11
4
99
217
2
27
11
58
24
44
10
119
84
103
124
49
60
7
16
369
57
57
26
110
22
0
24
52
84
29
3
3
3
104
157
236
8
79
28
80
50
95
46
11
61
55
20
4
1
61
6
158
57
21
10
16
73
304
2
102
126
161
27
64
215
11
4
5
12
65
224
13
12
79
17
5
9
140
24
51
56
223
14
44
3
37
130
9
181
8
18
63
171
16
89
271
176
50
95
18
103
396
75
42
178
131
38
41
228
5
21
28
47
199
17
94
7
20
164
1
49
19
6
2
15
62
47
0
38
201
49
247
120
110
55
17
0
1
10
70
7
0
240
3
2
0
355
211
277
34
187
94
26
168
59
17
42
18
31
54
14
66
33
1
20
38
39
82
46
1
119
6
25
207
83
198
240
1
327
4
127
57
229
105
17
4
1
140
38
79
12
107
106
115
90
55
121
75
99
14
416
59
41
11
10
1
16
35
324
3
8
16
32
16
60
237
50
2
94
131
231
213
11
69
15
98
22
4
31
98
143
153
4
117
144
2
206
44
17
338
3
147
7
47
82
114
51
61
25
247
87
3
114
40
9
42
31
110
40
12
31
45
10
34
19
1
173
10
21
7
6
92
228
2
5
111
71
173
429
174
59
5
39
63
10
120
193
30
29
149
85
33
81
187
17
168
3
84
113
33
6
6
156
175
55
38
324
34
352
110
0
68
45
44
89
273
136
221
24
184
12
23
86
216
56
68
19
217
124
4
25
0
69
114
2
6
28
1
0
3
12
9
11
167
0
11
76
56
316
93
70
46
78
130
10
46
116
122
1
98
21
20
6
2
5
48
26
3
95
39
48
124
15
26
90
1
0
68
32
234
14
17
300
50
229
9
124
71
137
63
0
10
38
18
2
251
105
2
151
0
79
37
58
31
108
205
18
17
167
229
0
115
2
108
4
430
14
0
86
4
92
60
71
283
379
20
206
163
5
18
75
49
19
40
31
65
55
9
1
16
1
48
84
207
4
188
70
19
67
199
7
0
13
9
73
52
93
93
152
3
88
3
8
52
5
110
3
82
24
89
14
10
24
62
64
280
86
21
0
20
123
107
197
153
5
31
6
2
1
63
7
63
87
218
86
79
72
24
23
26
66
12
88
50
161
77
79
232
114
44
195
26
245
236
0
315
16
0
46
5
22
24
55
59
19
198
23
0
182
3
383
1
268
59
10
19
534
34
30
250
74
7
223
13
131
1
70
46
12
15
38
9
76
2
4
4
66
99
21
16
12
103
27
3
265
51
8
94
16
193
73
42
112
74
17
127
83
93
0
14
14
0
228
121
8
104
18
0
120
4
0
19
27
107
3
183
133
18
21
33
2
75
5
155
139
154
46
38
130
273
109
52
17
1
8
25
49
17
34
2
3
134
88
4
10
14
21
16
1
9
89
16
3
342
145
71
184
53
174
18
75
1
445
86
32
68
61
108
1
74
226
91
28
50
11
50
1
28
26
20
114
89
51
270
1
137
187
261
8
72
38
109
35
7
21
93
51
1
435
307
164
5
45
4
44
474
81
233
180
77
131
85
42
230
170
303
156
101
6
54
74
60
51
2
41
10
4
48
19
17
69
228
88
61
234
178
131
75
0
125
65
8
39
1
52
130
220
95
4
7
7
59
0
65
203
1
176
109
18
10
1
109
2
56
38
7
0
65
22
3
27
56
26
68
118
243
79
60
24
38
135
342
28
80
66
90
218
10
21
29
15
20
65
218
9
3
2
204
272
10
1
35
91
7
42
1
106
27
71
218
3
191
3
24
2
16
57
117
102
160
63
7
140
72
173
2
13
37
22
1
63
23
3
14
59
107
14
57
24
205
114
102
330
103
18
25
85
66
16
23
39
9
86
88
345
30
130
3
141
14
314
84
11
28
7
352
197
3
5
312
19
300
118
429
112
4
19
0
7
111
312
0
29
18
84
128
134
36
355
53
12
28
284
2
8
59
14
190
44
10
37
8
9
6
62
90
302
49
14
44
24
62
86
2
41
9
4
25
91
62
8
324
36
21
207
32
10
23
39
237
15
62
214
0
300
1
46
175
74
25
7
7
58
169
9
3
19
5
53
3
7
9
191
273
6
5
291
7
89
7
1
3
6
63
116
43
10
123
51
4
8
24
94
34
15
341
12
164
98
18
80
1
75
122
19
0
224
51
397
56
16
163
25
63
29
10
60
326
27
42
2
109
251
27
31
8
3
79
54
12
330
16
32
322
4
0
34
29
225
35
10
4
1
216
110
14
5
90
293
1
113
84
94
69
93
7
24
13
152
141
136
24
56
15
6
71
5
14
35
3
19
8
34
5
76
1
29
5
47
47
150
369
162
50
87
4
34
71
6
12
52
4
80
273
38
177
5
20
159
18
77
149
186
19
24
107
236
3
135
42
32
37
30
46
170
8
35
19
19
36
16
61
192
43
10
3
41
0
50
9
202
7
99
261
81
9
0
11
198
209
120
144
13
15
30
114
9
89
2
119
22
101
6
8
51
32
6
9
33
34
17
52
17
32
15
245
150
9
75
0
40
73
109
48
12
135
22
50
41
192
25
43
2
2
2
4
75
37
14
64
26
242
185
54
15
13
263
2
64
30
129
19
3
6
39
84
2
5
77
15
135
225
162
11
3
134
67
15
108
42
9
57
108
223
13
92
9
12
23
0
45
15
452
4
10
22
279
293
84
157
100
3
2
13
16
61
59
33
14
5
37
27
30
81
10
97
4
2
304
72
393
8
29
154
160
51
15
3
2
3
54
70
201
161
11
2
6
105
61
73
300
201
2
50
34
143
185
82
2
4
9
26
2
107
180
79
114
102
148
60
4
179
17
36
11
201
48
231
15
21
7
118
29
120
30
3
45
208
42
275
52
13
9
16
13
15
19
16
12
163
0
165
221
6
23
57
15
124
16
23
423
135
27
51
13
156
3
175
93
5
1
59
45
198
67
6
294
321
88
18
30
32
16
3
281
10
9
16
297
25
132
52
28
119
9
40
3
61
3
83
59
110
41
59
2
196
103
3
368
58
195
25
29
101
25
1
56
9
194
15
1
64
4
136
99
111
109
29
16
93
63
200
63
16
24
16
3
3
47
17
217
29
10
43
31
13
287
54
8
241
30
12
16
169
153
2
114
4
26
11
80
40
33
63
68
3
31
53
8
35
30
0
132
125
179
4
264
7
6
37
60
9
33
77
20
14
146
6
98
28
172
240
77
49
4
76
49
70
32
32
2
3
103
124
49
1
4
407
1
1
29
218
226
57
85
232
50
38
46
7
87
31
398
59
2
64
77
5
34
2
96
32
78
86
26
44
23
92
67
50
50
1
67
3
10
21
296
13
30
138
2
98
42
0
171
433
186
1
1
65
130
0
11
2
278
2
17
43
126
33
15
52
112
4
87
121
93
150
0
79
346
134
33
21
87
1
3
10
176
27
184
27
236
87
215
164
7
174
0
25
19
20
273
113
221
104
2
15
56
7
93
1
14
32
1
275
314
484
50
1
20
367
31
105
21
4
103
336
298
80
114
45
17
15
179
78
60
89
5
6
94
37
324
2
1
89
12
163
164
10
102
121
259
23
18
12
1
152
1
13
11
136
23
1
4
81
141
78
162
12
6
0
182
378
2
262
2
58
113
1
13
129
187
63
5
62
326
95
9
269
186
181
3
14
88
1
116
135
2
378
5
30
93
91
39
13
162
63
25
223
20
19
90
27
35
2
38
208
188
123
65
219
7
151
10
4
0
152
190
87
29
60
6
7
5
2
3
82
0
82
82
80
6
47
3
67
9
29
11
21
13
127
121
120
279
16
46
215
207
2
90
94
58
50
113
2
104
29
12
1
37
70
136
135
8
65
230
0
11
190
21
1
87
60
244
34
160
77
145
93
10
34
0
40
39
169
217
26
92
50
40
142
3
113
4
6
1
7
19
1
12
64
247
1
124
110
16
26
175
31
45
37
4
17
302
123
282
0
41
12
57
466
26
41
160
133
47
79
104
15
143
11
14
5
1
10
185
15
36
228
245
28
79
3
70
0
97
30
188
1
249
61
19
4
2
99
12
1
133
183
3
7
77
266
20
30
9
24
421
315
13
143
24
102
89
65
225
7
58
16
96
79
147
116
16
97
4
2
60
0
3
32
380
12
198
27
5
0
128
2
121
336
43
43
136
49
169
12
104
170
109
44
231
123
73
37
83
131
50
392
179
3
57
55
62
25
495
35
2
21
37
146
27
19
22
52
0
60
9
265
97
3
60
4
14
0
122
43
111
246
9
11
3
216
73
48
32
109
32
33
25
158
87
87
53
118
81
260
31
19
14
10
37
4
0
80
2
427
28
10
1
102
15
10
116
64
8
68
4
32
115
154
243
14
8
34
43
55
15
172
17
73
85
121
211
31
13
83
61
68
73
33
23
13
9
45
91
56
72
130
3
69
81
4
8
111
43
31
9
51
67
7
169
18
36
84
2
47
38
22
50
136
305
209
12
5
193
5
9
32
5
12
92
51
7
1
95
2
86
170
62
32
23
41
11
49
125
275
68
14
318
21
77
17
39
92
35
255
0
3
5
55
81
17
56
245
24
48
34
30
60
31
63
6
28
54
18
1
162
44
20
15
2
0
83
7
172
19
171
67
9
78
93
70
27
111
79
35
183
162
5
2
8
13
5
60
150
189
156
19
169
1
20
276
0
33
31
40
22
40
76
244
0
92
112
18
1
40
36
7
69
4
211
168
63
29
51
35
99
0
45
163
7
202
88
164
15
14
47
9
134
82
18
144
1
167
123
10
47
253
3
192
14
70
32
204
51
7
0
2
134
171
27
79
18
6
155
5
23
2
23
37
22
89
107
10
20
121
24
42
19
6
166
23
9
159
492
137
39
41
82
73
2
18
68
32
2
94
368
44
80
25
102
7
64
3
1
25
36
18
352
6
165
34
1
9
47
13
11
5
8
68
23
33
201
117
185
1
332
17
31
75
138
42
9
30
77
50
7
64
19
1
267
27
0
4
76
8
12
6
7
3
66
391
108
47
22
7
68
1
56
11
97
18
27
106
5
19
129
63
311
260
21
12
500
0
1
386
165
34
111
6
104
0
65
24
61
101
195
381
145
303
7
292
118
82
24
299
6
54
8
115
8
5
5
4
322
13
32
50
0
17
48
376
8
10
234
63
49
16
2
6
39
150
26
120
34
12
0
36
101
163
157
101
109
192
15
54
3
8
6
15
80
29
24
27
18
13
100
130
28
160
65
75
1
14
1
172
329
35
20
306
221
14
52
81
19
194
198
29
67
26
12
66
373
186
19
127
24
29
45
20
8
8
1
46
340
6
8
57
94
270
48
8
163
65
180
25
33
14
52
136
3
39
11
296
110
89
3
129
2
41
27
56
66
251
81
107
26
242
322
26
306
41
2
244
61
31
20
89
26
64
2
0
124
1
3
96
36
158
24
9
85
216
393
32
266
0
120
79
44
184
31
18
17
1
73
186
1
41
156
29
167
28
32
4
15
285
98
111
9
75
159
17
8
129
30
199
101
9
47
48
85
43
1
21
36
20
35
9
2
27
60
39
382
34
78
14
90
118
79
34
58
155
9
32
8
61
101
24
74
4
7
0
14
221
47
124
140
118
172
1
294
76
83
45
2
55
90
93
50
201
15
27
44
10
22
5
61
10
22
118
53
164
441
76
42
50
64
74
1
74
330
247
260
5
6
8
95
23
14
8
162
109
3
140
145
58
7
296
112
239
23
375
21
10
46
31
2
55
58
81
33
145
101
23
13
60
41
5
48
22
146
34
2
5
137
20
281
1
23
25
267
61
221
221
29
342
98
279
171
5
7
89
430
1
46
266
2
4
2
43
337
9
110
218
26
16
15
271
236
250
