19
53
39
64
34
50
43
83
0
26
61
19
20
91
7
33
301
18
7
61
72
19
53
1
84
0
181
5
33
65
29
2
271
12
159
5
22
51
84
96
120
28
170
174
81
2
166
12
25
3
38
74
78
179
123
6
9
8
16
0
43
440
127
171
3
3
53
18
12
42
7
119
199
282
15
106
167
230
51
3
13
69
35
307
129
146
48
79
20
25
311
77
469
4
10
14
45
13
5
18
109
74
0
66
59
1
4
47
9
38
86
3
67
12
46
26
4
47
13
17
32
20
26
46
0
41
10
21
16
31
57
300
2
298
89
1
317
25
148
13
55
7
259
91
0
1
28
5
44
9
129
55
117
95
13
12
186
12
102
21
40
10
2
332
13
4
38
147
71
38
6
117
61
75
20
165
221
275
25
18
10
126
375
1
41
5
1
18
7
36
119
74
0
61
70
7
226
289
72
3
12
17
184
19
2
51
6
65
21
4
3
144
163
365
379
168
73
5
114
105
11
56
38
168
1
25
25
101
56
2
4
23
19
22
0
13
22
14
16
134
444
7
14
19
32
28
42
23
66
10
4
20
51
56
28
75
0
29
37
59
4
45
13
24
28
14
66
16
14
74
1
4
22
36
0
16
18
7
95
4
38
44
4
9
73
169
29
46
6
20
5
7
107
150
84
17
28
9
13
68
176
134
84
54
10
70
10
106
66
18
27
239
44
150
20
6
0
7
47
314
45
179
34
15
75
40
33
37
168
82
14
178
27
73
44
67
68
29
83
70
33
1
111
10
114
9
1
41
7
46
286
89
51
11
3
98
72
33
26
4
54
128
0
85
5
24
80
11
13
18
37
246
5
57
62
104
49
3
25
146
7
1
32
72
5
337
137
87
92
60
46
4
99
38
11
1
7
272
168
5
26
6
8
2
134
30
17
110
44
25
127
32
253
9
24
22
55
19
296
47
325
18
49
31
35
228
16
16
16
50
143
84
62
31
42
30
6
2
116
70
211
12
45
118
18
109
70
11
2
45
191
63
9
75
12
55
264
19
2
14
1
73
147
210
33
2
7
18
10
13
187
127
160
29
65
65
21
35
36
76
60
3
104
3
15
8
28
0
3
40
7
1
45
111
1
220
23
2
51
5
58
87
3
55
31
228
73
39
263
150
304
311
53
129
2
143
8
144
53
5
291
125
124
44
13
269
139
198
6
52
7
47
6
17
1
5
62
26
154
31
176
2
10
301
5
51
1
18
35
36
9
29
63
4
5
96
1
2
46
1
101
74
38
24
133
10
39
126
29
233
125
9
96
6
2
362
75
270
48
24
32
34
106
35
97
53
12
12
96
237
86
28
75
66
89
0
99
3
28
9
128
0
1
59
2
1
13
265
26
52
8
103
137
44
100
22
19
6
8
43
38
419
62
23
127
137
9
3
178
0
52
87
58
216
79
158
3
1
312
12
43
39
5
6
121
67
3
12
7
66
35
27
48
48
8
86
208
0
34
13
41
501
7
10
10
48
14
48
0
16
19
54
40
34
62
2
68
141
43
61
81
21
9
180
17
62
36
1
301
0
142
30
185
34
83
46
78
22
114
2
30
324
37
36
103
1
4
10
1
143
76
62
0
1
36
3
4
19
149
286
5
261
6
39
129
6
87
10
79
28
8
19
0
5
48
5
5
0
64
291
8
9
39
33
29
4
43
61
21
73
22
57
222
10
135
125
10
60
162
20
99
50
20
213
22
51
0
30
220
28
112
184
150
134
6
81
92
96
35
4
12
85
29
70
204
10
80
45
21
41
52
107
31
13
23
76
146
249
7
0
25
210
14
0
9
43
177
101
51
0
24
68
64
101
12
13
39
1
24
241
90
16
3
348
114
52
8
4
74
74
293
32
19
10
98
203
73
2
36
93
168
3
13
206
2
1
1
21
427
68
188
10
32
47
196
31
34
14
3
20
188
32
81
4
44
35
81
52
83
10
83
42
118
57
2
127
17
0
6
112
87
8
37
323
23
48
56
59
192
51
8
19
0
15
23
4
3
17
22
33
24
2
82
38
67
134
132
137
33
12
3
86
60
45
304
10
16
5
19
2
77
5
270
63
175
163
73
196
9
23
168
14
4
173
9
84
16
46
82
66
3
81
54
145
102
102
3
90
51
64
112
42
43
24
175
35
46
2
3
5
4
44
32
1
65
164
33
23
8
22
170
1
6
14
47
73
74
12
62
36
145
14
11
132
4
82
26
32
190
110
307
12
91
2
10
25
2
0
93
15
358
113
3
3
197
39
81
48
101
328
83
21
11
51
5
57
85
305
197
8
409
5
18
163
44
0
14
143
259
45
128
77
158
206
70
11
30
3
7
3
1
41
45
33
41
4
243
60
100
29
90
6
143
3
21
157
21
23
59
3
6
10
7
106
108
1
8
5
19
78
28
88
129
250
127
45
11
0
162
1
1
110
6
24
42
263
5
19
60
86
74
386
6
20
276
57
40
51
56
140
11
78
156
7
7
130
80
35
49
5
52
16
45
4
160
94
560
57
20
67
10
30
87
36
214
219
0
196
7
11
35
12
4
1
197
55
2
13
10
12
28
4
5
118
21
0
183
89
29
11
8
12
150
25
9
1
0
7
17
49
28
137
8
0
50
32
97
130
46
1
31
173
32
54
0
232
11
76
54
50
66
40
101
14
13
0
7
164
49
13
2
17
35
41
226
3
68
56
63
75
0
1
365
65
104
64
56
256
47
34
35
0
80
2
30
198
133
70
70
46
225
30
66
89
23
7
0
80
87
13
31
106
3
10
99
33
2
2
156
82
161
21
21
111
81
104
