41
53
11
0
1
22
57
27
0
1
7
0
24
10
20
2
31
1
41
0
2
7
3
8
3
0
22
3
21
2
30
7
62
13
15
21
0
4
3
5
1
69
5
36
19
13
17
3
20
29
0
58
17
15
71
2
15
16
18
3
4
23
6
0
6
13
20
3
93
10
33
9
1
3
1
2
7
11
6
2
10
12
11
8
19
22
0
32
1
2
4
22
12
44
42
1
35
43
6
18
16
8
77
63
42
4
1
0
14
43
55
17
1
24
0
20
6
16
9
11
31
17
1
26
10
29
2
0
36
0
4
20
3
6
22
30
22
16
11
11
2
21
59
0
1
10
17
2
3
7
14
19
0
0
17
97
46
1
79
24
70
8
21
22
73
17
1
38
6
66
1
74
6
9
69
4
14
8
0
7
106
4
0
32
0
1
4
13
11
27
46
44
13
25
26
8
0
69
83
69
63
8
1
3
16
44
10
8
25
1
45
7
55
34
8
13
5
2
18
52
28
2
0
15
22
10
17
2
4
6
1
34
2
5
1
48
23
5
3
5
6
57
20
48
82
9
8
65
65
19
13
2
8
7
27
30
5
3
31
16
3
1
7
9
28
16
0
10
13
2
20
8
3
11
33
10
0
15
19
1
30
13
7
0
29
0
2
4
26
0
2
16
9
2
22
19
2
3
1
10
59
78
1
3
15
3
9
41
36
2
5
27
26
0
10
23
8
13
32
8
0
38
22
8
7
11
10
65
8
34
2
13
5
7
88
16
51
14
36
2
50
3
17
0
3
2
1
0
56
2
36
8
3
5
24
55
9
21
15
5
38
13
13
11
9
9
0
12
19
1
6
61
14
2
3
2
28
14
18
22
5
15
5
53
15
1
72
9
12
89
50
12
19
43
3
1
6
3
22
11
33
1
19
15
5
10
2
30
10
0
1
4
24
23
18
1
22
56
9
0
8
4
13
49
3
79
9
1
3
1
11
20
0
24
5
11
0
37
19
48
2
5
2
20
37
2
19
4
0
7
7
6
20
44
0
15
92
54
38
3
7
9
4
4
1
2
50
23
17
23
7
13
30
39
2
8
11
93
64
0
88
13
7
23
25
55
5
13
11
6
2
8
13
14
28
20
67
52
122
37
54
6
6
19
107
6
3
14
1
25
37
15
130
7
35
2
11
89
3
28
5
8
14
28
60
10
0
19
6
0
32
17
11
9
44
11
12
14
111
31
2
94
73
33
4
55
2
5
0
3
6
1
11
4
0
5
15
22
57
11
2
31
48
42
25
3
5
6
6
0
49
35
10
7
4
3
69
32
54
3
27
24
21
40
4
16
5
4
23
3
3
1
31
22
19
20
28
13
1
4
13
60
12
21
14
3
36
10
43
94
23
2
2
11
6
90
2
76
35
6
3
15
9
14
1
0
69
0
47
1
20
7
16
5
4
2
6
5
6
5
73
3
21
3
155
1
7
32
11
1
5
70
1
3
61
69
6
16
2
38
24
28
26
11
6
6
6
12
20
1
1
16
7
1
53
32
17
21
0
0
9
18
4
77
1
3
16
12
132
6
2
77
21
61
35
43
5
6
6
8
3
23
2
17
63
9
3
24
39
21
37
13
0
19
46
20
3
38
37
36
18
6
31
5
29
1
44
6
2
5
3
5
0
10
14
5
10
24
3
18
35
5
0
3
2
44
18
8
12
8
13
38
11
10
13
28
75
2
1
23
10
3
4
75
13
10
9
4
2
11
12
5
1
9
12
10
11
8
17
4
5
19
1
84
1
42
13
0
43
45
2
1
0
8
5
20
0
1
4
8
20
38
8
3
4
98
3
2
2
11
2
47
4
8
34
6
17
16
36
3
66
6
54
67
34
0
11
2
1
14
50
17
3
4
25
17
0
10
15
54
7
40
41
1
1
89
43
1
12
16
2
11
3
30
29
15
88
14
3
11
24
26
4
1
7
5
57
12
8
20
15
6
13
34
9
15
2
6
9
49
1
24
41
1
1
1
13
7
4
0
2
14
79
3
8
25
44
7
21
2
6
18
141
41
1
8
42
25
2
14
2
58
36
7
51
2
43
6
2
1
0
1
6
52
10
8
10
67
0
3
24
15
11
58
16
3
52
1
20
111
11
2
43
0
85
0
21
16
2
5
24
13
20
5
20
2
4
3
31
4
33
35
2
5
95
12
7
38
31
0
3
2
28
13
4
0
1
51
9
7
9
7
2
1
6
44
4
38
14
32
0
12
4
49
48
24
11
30
1
2
55
1
9
21
26
1
6
38
6
28
61
6
23
6
19
28
2
72
7
36
2
3
26
10
2
14
4
13
6
30
3
1
3
1
19
0
17
11
7
3
38
13
20
35
0
23
30
31
15
30
40
4
2
20
3
3
34
9
87
16
124
52
51
18
0
34
56
1
13
19
3
21
12
28
24
14
7
2
6
18
4
3
15
2
1
12
40
2
2
20
35
91
11
23
2
5
9
4
21
2
1
8
18
0
7
31
4
33
0
94
84
0
12
74
27
8
11
8
9
52
41
1
0
3
78
2
107
2
10
95
2
20
7
4
20
34
14
16
31
5
2
38
16
6
21
17
28
43
6
31
28
5
5
11
16
8
30
3
50
0
0
25
8
109
38
14
1
3
2
2
15
1
38
49
18
9
2
5
8
1
9
5
3
1
17
126
5
6
5
5
36
2
3
5
24
4
8
6
11
3
7
2
18
16
44
21
3
0
0
3
4
0
2
1
6
1
7
26
19
12
0
17
16
7
38
0
10
33
16
5
5
45
3
19
30
49
49
17
25
5
4
5
6
6
3
97
10
1
16
15
0
1
18
18
26
0
1
66
15
1
13
12
3
16
12
32
58
5
28
7
111
3
5
8
20
35
5
1
22
2
2
76
83
41
2
10
12
2
8
79
28
25
2
29
38
7
7
17
9
37
10
10
38
4
24
19
6
12
1
9
7
18
67
2
22
7
12
32
13
14
93
52
33
14
6
53
1
20
23
25
18
1
67
1
0
59
72
1
30
2
6
12
26
32
11
20
12
23
98
10
6
0
83
11
11
1
4
21
21
19
2
23
57
39
2
13
22
6
15
2
19
10
1
3
1
36
4
4
16
5
10
51
20
21
26
114
42
3
4
8
12
17
144
6
25
139
1
4
11
0
2
21
7
6
3
0
6
73
25
44
83
69
7
18
6
14
5
3
45
1
0
59
14
9
83
6
6
34
8
60
29
20
6
48
12
9
40
8
12
7
2
27
3
1
3
19
3
1
34
36
11
17
5
1
52
8
23
25
35
6
76
1
15
15
101
0
32
33
7
69
12
15
5
1
8
23
30
2
10
28
4
6
0
15
19
31
11
93
0
2
50
6
0
11
45
21
17
6
61
18
9
36
147
11
2
26
6
24
29
0
4
4
4
8
17
4
25
20
51
2
17
1
16
14
3
0
31
2
17
4
38
3
0
13
21
36
3
0
20
14
23
108
18
5
36
3
1
0
8
107
16
41
15
0
38
10
4
4
28
2
46
13
14
0
5
73
19
11
24
36
8
1
93
20
0
1
7
62
0
4
4
2
23
108
11
1
3
10
9
10
10
85
20
6
0
23
3
64
117
2
1
1
15
12
28
82
11
2
1
0
7
95
39
13
5
22
7
51
4
8
79
53
5
42
64
2
9
3
32
0
1
25
47
9
18
34
45
6
12
4
31
16
1
16
41
14
2
20
55
65
13
14
20
3
8
74
31
3
2
106
9
44
59
34
25
66
23
30
2
13
23
43
34
74
44
10
7
1
1
7
46
27
12
11
6
7
86
111
28
3
15
78
10
28
12
8
10
14
46
73
24
15
6
0
24
6
41
6
17
13
3
72
10
77
11
1
72
2
42
42
19
6
0
48
65
80
14
87
26
5
13
32
8
13
50
63
2
50
10
37
29
53
2
38
27
8
16
10
1
0
6
3
7
29
39
27
102
5
7
13
3
41
0
57
12
14
47
7
21
4
4
4
26
74
4
0
6
16
17
1
45
40
7
48
1
0
0
5
23
37
6
49
14
36
30
23
3
0
5
0
77
15
13
25
4
34
16
61
20
7
1
67
29
2
13
3
17
24
4
2
11
1
4
0
6
4
1
22
15
2
40
6
29
107
1
10
9
3
23
11
19
20
76
8
10
46
6
11
7
20
2
11
9
6
10
0
4
7
4
0
1
46
23
5
1
4
23
60
28
32
20
8
43
28
29
19
51
17
11
3
1
7
11
50
7
6
0
11
14
5
75
2
25
12
24
57
32
47
17
9
31
59
29
17
7
74
89
30
18
70
9
4
4
23
79
1
1
15
4
2
13
13
13
31
37
28
0
7
32
35
39
1
86
54
8
7
0
3
33
67
2
1
16
3
5
12
99
31
23
3
12
21
73
10
5
22
17
11
9
46
1
21
66
35
61
26
10
103
8
13
9
16
0
0
36
80
5
2
2
84
1
9
4
2
8
15
2
3
0
20
12
14
4
13
9
12
10
23
44
86
55
8
14
9
2
11
67
1
11
4
12
4
13
10
46
41
25
0
0
10
35
8
7
13
47
5
13
6
17
9
88
3
2
25
70
4
2
25
7
59
74
9
3
0
17
16
2
49
2
2
69
30
6
61
27
76
0
23
9
6
17
3
6
5
2
1
10
41
43
4
9
0
22
58
45
1
16
8
70
43
4
11
2
28
48
3
61
6
13
4
8
124
16
51
17
38
1
16
4
2
2
4
7
78
4
5
12
5
1
11
4
19
3
8
9
15
1
2
28
19
4
42
9
8
35
3
23
11
14
9
1
6
24
54
55
6
0
31
47
14
1
14
6
9
59
6
28
12
11
23
49
2
6
5
5
6
19
3
37
12
0
22
4
8
9
14
8
18
4
92
15
67
8
21
9
30
1
11
27
42
9
2
6
39
1
114
9
8
0
13
2
14
4
4
14
41
27
52
24
18
20
23
24
4
31
14
0
39
36
23
48
8
1
1
2
46
0
2
8
12
1
9
7
8
5
42
76
41
22
0
3
91
32
9
87
83
18
18
34
23
4
1
46
44
24
11
8
76
38
11
3
8
39
50
1
9
3
20
1
15
23
18
10
27
18
24
19
0
61
10
6
45
2
30
12
1
53
27
45
18
0
8
11
24
9
44
53
4
46
2
18
55
15
1
1
17
54
27
2
33
8
4
3
0
10
22
2
3
52
49
4
4
4
9
9
0
48
58
22
4
19
3
12
57
8
28
32
16
52
13
10
14
35
10
12
15
54
18
79
73
138
10
147
79
3
15
15
10
30
10
34
26
22
2
12
12
2
51
23
25
2
1
4
14
54
15
29
71
8
1
0
6
3
6
57
85
2
3
26
67
18
0
1
55
3
25
14
3
7
11
7
3
11
22
5
19
44
17
15
3
3
7
76
40
3
35
13
42
11
17
11
64
7
20
0
0
5
1
7
27
1
0
3
69
0
9
1
9
9
11
51
53
18
23
3
3
62
62
14
79
11
8
17
0
17
5
27
116
45
11
8
8
6
15
88
5
15
12
9
24
12
69
5
3
32
20
1
3
1
11
18
12
70
53
38
2
0
13
18
3
9
63
32
21
7
25
1
7
17
4
8
51
7
4
12
1
0
36
37
23
61
20
3
12
5
1
82
0
1
2
4
3
4
0
1
1
47
11
59
2
5
17
5
8
3
37
72
36
1
5
40
36
5
7
27
7
65
23
6
9
56
16
1
2
85
7
2
14
0
9
6
52
0
9
6
1
33
37
10
5
13
8
1
34
7
66
11
4
32
20
4
14
1
3
5
30
3
11
35
23
1
30
2
23
6
23
6
2
2
33
24
78
17
10
61
19
4
20
24
74
2
24
7
32
4
9
13
2
3
5
62
37
69
18
62
28
8
40
35
20
18
40
14
11
40
6
1
33
3
3
2
24
5
18
6
12
15
39
11
14
6
6
42
2
12
18
2
44
29
4
82
0
0
45
2
21
54
7
9
40
13
77
36
81
7
1
17
17
2
2
2
8
62
18
0
32
24
0
6
10
11
58
6
6
5
0
8
41
9
40
2
7
11
85
0
49
4
15
12
5
2
42
4
19
55
17
0
11
20
32
13
5
13
1
17
0
0
96
1
12
2
12
1
28
0
42
13
21
1
9
17
0
3
9
12
15
43
16
1
12
26
22
1
2
4
0
4
10
47
1
10
2
21
5
0
5
82
9
1
57
33
26
38
26
1
25
2
6
30
5
2
18
4
0
25
37
2
104
9
80
13
25
15
29
38
28
7
51
1
5
11
0
3
23
29
25
23
6
16
11
7
6
2
26
24
9
15
38
61
6
2
22
40
1
6
19
17
22
0
3
57
47
60
0
0
1
18
10
142
38
1
16
9
17
25
29
3
6
3
7
3
8
56
38
11
9
20
1
4
3
3
102
84
0
21
14
23
2
10
32
17
34
24
8
0
13
40
24
14
5
1
20
13
3
24
0
20
3
4
7
10
39
6
0
21
14
11
24
13
9
74
14
23
21
0
8
77
78
12
6
52
28
36
1
70
6
3
8
24
10
3
14
21
16
20
24
57
66
22
33
2
4
15
1
23
66
22
9
18
7
84
14
13
16
2
2
36
70
8
24
6
103
0
19
32
9
34
9
63
2
1
3
17
106
6
3
7
1
59
25
6
5
13
16
22
6
9
2
28
1
14
47
30
23
0
17
12
83
17
150
5
3
12
10
0
12
4
3
22
6
34
4
4
3
6
14
28
18
7
1
1
7
7
7
7
4
2
10
56
7
0
35
2
12
17
8
14
15
4
53
30
96
3
0
14
16
15
11
31
9
0
8
1
75
33
9
4
22
1
14
59
20
28
1
6
108
5
4
3
14
0
47
24
15
5
1
5
1
47
64
0
18
20
35
26
0
45
26
9
16
14
8
4
5
0
15
3
3
45
10
7
4
40
2
5
21
20
1
19
8
57
8
67
2
9
2
13
11
1
49
10
0
2
6
6
2
35
8
16
85
1
61
31
12
0
55
10
21
11
95
33
1
15
5
80
3
16
0
25
5
7
72
4
24
62
52
12
2
82
10
20
15
1
34
31
0
2
0
103
19
12
0
112
14
29
22
38
0
16
27
7
3
9
0
3
3
8
35
13
1
18
3
17
58
18
6
8
2
44
32
32
23
41
4
87
67
63
3
3
4
13
40
0
5
44
21
29
49
17
0
4
5
3
90
13
23
15
0
10
12
6
1
57
32
2
98
2
5
8
12
44
10
16
6
48
9
21
1
14
6
21
50
20
71
17
2
22
3
30
53
11
0
31
70
28
53
1
11
10
0
0
5
59
17
28
7
3
46
6
16
49
69
1
17
7
1
20
6
6
0
30
5
1
15
13
119
33
1
2
9
6
27
7
19
31
24
44
3
9
6
6
0
8
21
7
4
101
26
3
9
27
8
54
35
43
43
3
28
36
4
60
9
0
5
50
15
3
7
13
49
28
40
1
41
1
16
94
10
65
8
23
9
57
9
13
60
4
3
17
6
1
13
13
8
18
22
10
0
10
20
56
19
17
30
30
9
3
21
9
46
9
3
11
11
10
27
35
12
14
1
12
22
5
10
22
4
28
1
7
7
4
1
8
9
65
2
26
14
1
1
16
72
2
110
12
13
28
18
6
42
3
17
95
4
19
6
12
23
6
2
31
39
13
11
15
3
10
2
0
12
15
27
21
14
36
12
2
16
3
44
2
1
7
38
25
19
30
1
47
2
0
4
5
103
43
13
14
0
0
4
2
22
35
1
18
49
81
13
3
59
29
51
32
12
0
11
36
4
29
1
9
2
46
15
77
76
21
10
8
9
7
6
30
20
5
19
26
29
3
13
2
50
35
20
4
30
42
8
17
2
46
5
3
79
4
1
3
14
7
6
9
7
20
4
21
19
44
5
17
0
9
5
0
46
2
53
0
32
19
10
64
41
4
33
2
26
6
29
26
1
1
11
4
32
59
19
53
6
44
20
18
30
5
6
0
1
1
58
26
16
100
26
0
1
28
1
39
13
101
63
5
24
23
0
3
30
16
25
43
6
34
24
3
12
2
18
61
38
11
6
47
24
12
44
12
3
4
7
10
25
0
32
10
36
4
2
17
22
22
11
3
6
12
2
5
0
46
0
36
4
10
6
1
88
67
0
3
34
34
14
24
4
37
41
5
4
4
22
16
16
7
34
4
7
4
1
2
4
12
1
17
7
7
0
4
4
31
12
7
15
68
33
6
10
14
49
120
1
3
50
7
22
8
44
10
81
34
3
20
1
1
16
8
26
32
7
4
1
1
7
24
31
3
25
12
16
6
44
19
3
46
4
14
23
0
3
0
1
33
33
10
3
30
28
21
45
13
2
108
11
13
4
3
42
25
32
44
6
5
2
14
14
0
0
94
13
13
43
10
38
19
6
36
11
11
8
5
19
50
8
74
32
0
11
10
18
56
16
0
12
11
29
32
10
25
8
0
0
14
15
39
0
6
5
7
24
38
34
8
2
51
0
0
27
59
27
12
25
98
11
7
0
45
19
7
25
19
35
3
1
2
46
22
19
12
23
14
27
8
9
7
41
30
21
13
65
19
14
25
8
6
45
21
2
6
5
98
12
22
1
9
1
0
4
3
0
8
15
0
5
7
21
47
6
1
13
1
6
1
7
9
37
10
2
13
45
1
15
0
51
3
20
3
77
32
18
0
13
0
4
5
40
2
6
13
13
5
5
60
3
13
72
90
2
36
20
20
66
25
20
6
70
31
12
0
3
0
2
16
3
147
5
7
11
2
28
27
0
33
13
3
4
10
48
77
33
5
1
8
24
0
9
60
9
9
14
10
32
5
18
67
5
57
4
30
17
30
1
8
4
78
8
10
37
7
31
2
2
3
5
5
24
42
9
10
10
7
6
5
17
3
14
41
17
3
14
27
4
0
10
57
31
29
7
1
14
16
66
12
67
4
30
13
6
44
20
13
11
14
54
2
40
8
20
4
7
42
2
86
1
45
22
30
38
39
69
34
24
33
28
47
7
6
13
14
0
46
8
0
19
2
51
2
18
20
1
18
7
58
0
7
21
38
4
4
6
0
18
2
2
7
27
0
0
4
28
12
7
61
7
2
20
21
9
0
4
17
16
26
0
41
0
5
36
8
17
11
13
10
26
1
50
3
22
0
10
68
7
1
33
44
49
14
2
50
55
6
0
100
3
23
42
2
10
9
40
19
46
53
1
9
9
4
11
6
18
17
31
2
1
23
22
17
5
21
0
8
34
34
1
1
5
57
17
102
3
10
5
7
3
13
1
25
30
8
5
6
39
8
56
4
1
57
5
3
88
17
11
2
2
140
0
12
70
15
31
27
7
33
39
43
0
73
45
73
7
15
50
5
10
10
1
5
2
23
32
20
8
13
2
5
40
104
2
83
67
19
0
5
2
60
31
16
12
10
53
67
3
9
13
1
10
10
18
8
2
2
14
3
10
19
0
6
4
5
8
17
7
29
3
2
22
16
11
1
52
41
11
26
2
19
16
23
5
1
116
9
36
2
3
3
11
68
18
3
7
22
2
21
3
40
5
13
50
19
7
81
19
41
3
10
5
1
13
24
117
7
2
18
0
5
13
17
10
22
13
8
1
24
11
12
8
13
10
28
75
4
3
19
7
30
5
19
33
1
5
0
7
56
32
21
17
9
24
48
19
7
0
2
4
3
23
41
16
23
19
37
3
3
1
28
19
10
66
63
11
31
7
3
28
0
7
32
6
2
9
1
6
25
33
3
0
9
5
12
2
25
8
31
30
2
21
9
5
11
46
13
15
4
0
9
42
1
3
70
41
11
86
24
4
0
20
8
17
3
21
9
11
24
48
61
0
12
1
14
5
18
7
18
16
36
28
1
10
39
10
6
11
70
1
0
8
22
7
41
25
12
1
10
28
14
29
17
27
14
16
6
8
0
4
4
8
11
57
7
2
14
30
9
5
40
0
0
33
7
28
31
21
54
67
37
31
2
45
8
2
1
1
1
51
38
1
14
17
69
51
54
69
30
60
9
9
1
12
9
65
15
5
6
29
6
11
3
61
6
28
57
3
8
16
11
11
110
51
2
50
8
0
1
44
36
3
26
9
135
29
13
19
6
1
98
23
2
25
2
1
2
16
8
12
5
20
4
22
2
8
22
49
41
136
32
23
1
6
3
15
5
4
21
42
1
25
23
5
1
55
0
11
1
3
20
8
1
31
4
29
48
7
111
142
14
23
45
11
12
3
11
15
14
15
64
8
0
8
35
56
5
2
12
4
0
1
26
0
16
22
18
32
25
14
47
89
3
27
3
40
6
40
27
14
23
24
51
32
0
13
13
40
4
13
43
9
8
20
9
5
36
50
2
19
4
16
7
47
73
145
4
24
34
77
7
41
22
25
4
3
6
5
31
13
19
12
16
4
8
3
5
29
58
13
30
6
28
13
14
19
0
16
0
1
2
11
6
8
2
37
49
6
1
32
23
1
9
28
3
60
2
46
1
8
27
0
14
0
5
17
1
0
39
14
5
1
1
0
5
21
5
5
0
0
7
48
23
4
45
58
1
4
30
27
19
9
3
5
1
1
11
30
13
2
9
12
7
3
3
88
40
8
36
30
20
0
24
2
0
13
16
43
8
21
11
2
56
14
0
4
24
28
85
53
6
0
0
1
7
1
15
12
6
103
20
5
39
5
19
28
0
25
6
24
7
19
43
1
0
6
7
10
17
5
10
8
13
1
1
1
37
0
4
86
14
43
16
2
0
4
3
6
15
1
10
8
5
1
0
2
9
5
3
15
9
0
1
15
37
14
13
14
43
3
0
7
34
20
0
3
42
10
25
7
4
3
18
18
9
10
15
7
37
0
2
21
5
9
7
15
21
17
37
27
1
12
0
42
30
8
49
43
9
129
18
3
16
8
6
10
55
55
69
10
42
5
2
3
29
9
50
66
35
12
4
86
58
31
43
17
14
3
6
15
9
31
74
6
39
0
27
17
8
14
22
10
21
1
3
2
11
74
9
1
120
38
1
9
15
35
1
10
19
5
0
12
0
10
34
31
5
117
7
8
8
0
0
1
42
32
2
57
2
2
4
6
26
9
25
18
31
69
36
12
11
1
4
4
4
101
34
15
4
81
7
36
0
11
36
97
17
59
21
2
31
21
94
1
14
2
59
5
9
2
2
56
5
4
47
24
3
11
1
14
24
22
6
5
13
2
3
7
1
14
56
8
22
15
96
26
26
17
92
1
44
5
48
8
5
0
16
11
89
10
11
14
12
37
18
26
13
2
117
4
4
14
46
17
14
16
2
7
1
0
29
8
1
30
37
9
17
14
90
19
9
22
19
7
2
0
1
14
3
66
49
33
29
1
0
16
46
12
6
12
2
4
3
1
18
0
99
12
30
17
7
37
2
72
91
12
1
10
4
42
9
1
73
5
4
20
15
3
10
7
30
1
1
89
114
32
0
27
6
52
17
4
51
28
3
5
23
6
53
5
36
6
65
17
33
9
0
12
8
10
27
7
3
9
4
22
44
19
0
12
4
0
0
10
5
3
19
1
0
3
9
21
16
11
15
1
13
4
2
1
15
50
10
3
50
0
6
0
3
6
64
8
4
39
9
1
4
9
24
55
3
17
1
1
55
7
7
7
1
15
9
13
22
4
21
30
7
9
2
23
12
20
49
7
0
4
94
37
5
12
27
9
28
3
5
1
3
5
2
41
17
9
35
19
39
64
3
30
3
26
30
22
0
5
22
35
3
36
0
16
31
36
20
12
0
0
9
94
22
0
10
0
19
49
41
43
9
3
28
3
3
0
2
80
19
31
5
1
46
7
4
11
36
8
0
0
21
10
41
30
62
4
3
24
3
3
10
64
25
35
45
11
9
8
5
7
2
109
5
5
0
13
10
3
52
54
6
36
103
4
27
20
6
142
18
3
24
73
25
3
25
1
0
0
10
3
27
33
47
12
11
38
48
15
3
2
1
25
8
0
2
8
110
15
0
1
76
3
17
11
4
34
1
52
3
12
1
1
2
16
26
9
17
76
2
2
8
0
19
21
72
57
78
2
6
6
1
0
9
14
78
22
21
23
80
43
2
114
0
18
55
18
24
75
9
44
4
26
59
0
12
4
48
4
9
1
11
101
8
7
18
8
68
96
2
0
2
84
7
7
0
0
22
1
13
3
0
9
19
34
1
5
3
6
31
16
24
11
6
4
1
5
20
10
30
48
7
21
86
26
58
6
1
0
15
63
1
39
2
25
2
23
1
1
16
76
19
53
13
1
52
73
6
3
32
53
8
3
15
24
37
1
22
32
3
1
54
25
2
10
24
13
17
14
20
48
20
2
6
11
59
0
1
6
28
42
0
64
0
71
57
37
6
1
2
2
2
32
26
6
5
7
18
7
3
12
22
51
1
93
41
48
3
4
0
15
1
17
76
21
14
22
14
67
4
9
25
7
9
15
14
7
5
24
15
29
17
104
5
65
5
10
51
34
34
29
18
9
46
23
61
8
29
0
4
9
0
15
0
2
14
3
19
62
5
34
9
58
7
29
55
26
18
11
1
18
78
42
0
8
89
2
27
43
42
3
0
65
56
23
16
10
1
39
2
1
3
31
18
1
2
15
13
3
7
7
20
32
23
115
15
9
4
4
58
16
14
7
1
28
4
1
12
29
3
111
4
2
28
44
6
2
39
10
5
26
21
29
5
58
6
73
22
14
10
49
14
30
7
1
7
22
7
11
6
7
23
29
3
42
0
5
45
5
13
25
68
0
22
1
1
3
93
8
39
55
2
16
0
10
1
32
39
4
5
36
6
3
1
2
4
0
18
10
50
2
33
1
10
19
34
55
2
0
29
0
15
8
6
0
1
44
2
59
0
22
37
30
4
10
28
16
13
34
1
58
5
8
17
32
3
16
14
9
69
14
6
54
3
8
84
3
4
17
26
112
10
2
8
15
12
1
4
0
5
41
37
56
20
21
23
22
1
38
17
1
26
8
13
35
0
3
5
53
12
52
13
53
15
42
15
14
44
3
31
12
14
8
1
52
4
3
5
5
49
0
3
3
8
4
1
3
3
9
0
3
22
34
28
7
34
35
12
18
22
26
4
6
26
4
47
26
9
11
16
0
5
16
1
10
0
24
32
2
18
25
42
8
15
23
42
23
2
17
16
3
33
106
10
0
14
31
24
33
12
5
1
3
22
21
0
28
1
2
16
12
3
35
4
6
13
46
11
9
7
26
20
10
35
21
35
1
1
4
5
0
18
1
61
2
14
28
4
12
4
90
10
4
2
1
0
14
13
6
4
60
5
52
45
62
12
5
1
1
39
29
63
26
15
15
12
27
24
21
2
2
79
55
29
37
51
28
92
6
2
56
15
16
16
63
6
3
38
6
2
36
9
4
1
0
38
2
5
24
58
3
24
9
4
42
12
25
1
15
24
73
37
28
26
40
0
7
7
36
4
8
5
5
36
26
11
0
59
1
0
6
13
7
7
35
128
1
2
33
20
39
3
21
10
11
25
4
7
33
10
0
23
17
3
18
0
7
1
16
7
60
19
5
10
17
9
20
7
5
4
13
19
15
3
34
2
3
4
7
4
28
0
40
21
0
40
37
88
7
5
4
8
96
41
11
3
0
4
33
15
22
26
95
39
5
19
27
2
41
37
113
0
21
1
8
5
9
2
93
25
52
0
52
18
13
17
30
24
50
1
0
3
9
6
0
6
1
38
10
2
0
13
18
13
12
52
22
22
48
4
11
81
1
12
14
5
61
29
46
4
2
69
19
16
3
40
30
11
36
42
64
11
40
15
17
2
3
30
5
3
13
55
2
8
0
5
9
33
9
9
79
50
5
16
10
72
12
8
19
10
0
2
4
24
53
1
31
77
3
2
3
15
1
9
8
7
3
49
13
2
2
40
9
16
8
68
10
1
0
3
6
0
12
1
35
17
71
2
12
16
7
19
66
68
15
7
81
34
0
45
7
1
96
9
10
0
6
12
19
10
48
1
1
28
86
21
6
12
1
67
15
8
4
3
12
94
8
13
101
9
22
21
2
24
11
3
13
11
25
16
18
8
23
39
5
0
3
7
2
30
18
68
1
28
33
13
25
1
20
5
11
35
10
8
5
70
5
48
21
20
23
4
30
55
3
30
12
9
53
2
9
54
6
23
75
27
24
45
16
39
0
2
0
11
23
12
0
11
2
7
2
1
4
4
11
14
3
46
78
40
31
20
26
6
8
9
7
21
3
1
1
24
3
1
5
19
13
40
36
58
12
9
2
32
30
14
3
7
3
10
21
6
7
8
20
21
1
3
4
15
59
4
14
8
19
20
1
17
0
4
4
22
8
7
1
26
27
58
27
2
29
56
0
11
9
3
31
6
32
37
2
2
44
2
18
0
1
1
14
63
12
18
1
15
8
4
4
7
0
2
5
10
9
6
17
11
14
9
15
3
69
4
8
15
39
12
26
2
0
59
36
6
10
19
0
17
12
0
7
20
8
3
4
97
12
16
1
1
115
127
10
35
15
32
66
11
31
3
14
39
20
43
2
1
69
2
9
37
10
45
1
1
2
6
31
14
1
8
9
32
43
22
1
9
52
6
22
27
3
2
9
19
10
1
51
23
10
32
17
3
19
68
0
43
35
3
11
73
76
37
20
3
5
2
26
59
2
5
20
1
27
10
35
1
13
89
0
83
15
53
75
5
62
10
22
68
25
2
1
12
15
2
34
6
0
14
77
9
35
