107
211
28
42
68
45
19
19
62
48
7
55
98
1
177
17
500
303
4
6
59
157
21
287
84
386
1
169
3
211
314
84
196
245
79
5
421
54
15
37
11
105
8
46
21
95
23
186
217
75
9
57
113
142
433
26
62
4
26
129
14
61
93
17
98
34
73
186
46
586
46
262
187
153
14
17
0
22
94
84
2
16
71
69
21
473
12
5
34
49
5
1
15
14
134
173
42
77
10
49
25
81
17
75
21
47
417
67
198
446
5
21
45
4
46
36
168
32
118
160
5
120
2
122
39
13
3
125
131
76
3
127
125
86
4
131
94
184
47
206
196
292
505
189
178
320
166
144
214
43
11
104
4
89
89
194
118
2
146
52
2
102
245
56
36
134
54
11
49
50
179
243
11
41
33
46
96
236
17
105
38
39
46
163
71
42
498
252
178
5
111
9
119
5
305
14
4
1
57
57
92
11
123
490
2
174
229
30
238
56
181
5
123
575
75
10
26
69
179
35
27
6
73
157
15
403
7
12
86
75
61
48
8
43
134
72
1
43
51
83
144
75
2
68
469
4
12
56
57
23
558
174
233
23
43
5
89
21
52
80
119
120
29
15
123
118
25
110
126
263
5
16
38
84
6
108
77
23
0
252
36
17
75
196
120
7
130
5
32
7
201
197
27
274
90
70
112
276
72
120
41
86
30
103
191
4
85
217
122
56
1
0
222
2
57
50
41
42
729
20
7
32
5
17
18
161
176
43
242
10
12
133
215
89
89
3
92
101
364
51
324
121
263
1
21
8
42
0
10
131
21
1
130
29
21
22
3
16
309
9
169
46
125
14
241
25
23
12
78
2
87
1
234
47
315
111
21
106
350
40
43
4
58
124
23
12
95
46
715
409
197
72
65
30
45
10
154
332
77
160
9
14
36
161
371
33
163
194
21
444
85
3
66
291
272
11
45
4
142
33
91
0
147
54
122
300
217
29
10
53
38
23
179
9
219
109
201
2
102
40
18
39
7
23
73
184
56
1
7
5
160
2
47
192
65
2
87
50
128
46
105
261
261
94
189
467
160
37
75
399
7
60
132
146
22
266
216
225
143
56
143
169
51
73
20
11
0
25
1
39
12
33
33
21
24
16
71
10
186
91
30
51
54
148
36
38
6
176
0
245
0
6
215
8
31
141
169
120
105
111
2
8
130
1
3
135
151
27
84
39
5
64
23
5
40
26
131
55
60
26
168
109
37
144
20
124
459
4
155
182
209
22
160
63
149
347
7
2
139
160
92
119
13
7
24
255
101
26
10
27
121
76
114
293
204
163
56
67
20
52
23
28
45
38
179
3
174
67
22
12
174
40
10
109
4
25
18
45
65
168
8
348
23
219
14
229
29
474
643
60
4
7
9
5
54
79
34
96
63
198
0
61
0
14
183
159
66
212
85
48
0
2
18
225
84
139
37
144
1
23
66
121
3
69
43
378
68
65
379
68
173
232
241
25
167
1
132
34
174
29
14
37
79
1
52
17
95
525
188
0
176
67
156
47
276
65
170
367
148
19
25
21
89
8
114
2
24
9
121
4
318
39
259
17
313
113
344
135
0
390
148
56
25
253
116
98
33
30
140
120
251
405
74
73
35
4
29
5
27
149
6
63
7
18
68
241
94
217
259
55
4
77
70
33
71
31
174
11
48
51
189
10
5
37
37
126
62
2
1
2
36
226
15
70
2
16
17
19
184
97
196
49
14
336
66
13
601
11
122
34
241
24
21
146
19
12
188
16
14
64
8
64
35
159
47
110
12
1
33
472
37
32
41
125
289
36
79
108
176
106
109
61
188
11
93
97
193
188
198
98
47
57
5
123
10
206
33
61
14
133
8
3
36
95
97
55
2
14
5
76
242
11
70
333
738
13
8
31
291
39
30
2
131
2
90
128
105
15
18
13
62
18
321
233
93
116
39
138
7
326
61
32
9
64
697
164
35
478
39
37
10
0
300
1
1
4
3
74
7
205
161
108
82
56
219
195
6
122
73
30
0
103
18
112
5
15
102
95
206
13
23
2
79
47
321
11
55
40
38
50
12
11
337
69
195
93
11
4
478
242
20
13
266
31
2
107
5
12
193
24
186
17
37
273
100
58
20
45
8
216
1
381
36
2
179
49
13
6
189
76
1
22
22
72
227
84
131
620
90
52
3
64
645
90
13
58
57
1
161
5
76
1
496
11
39
0
4
7
34
1
22
18
367
4
438
27
479
486
119
384
28
25
13
35
57
20
9
174
91
23
72
260
4
31
18
178
137
5
12
56
176
62
55
0
139
70
42
116
108
144
3
836
62
89
36
1
132
103
48
14
18
7
176
78
414
44
162
11
76
23
101
6
274
32
134
48
7
19
7
99
68
54
10
347
33
252
172
133
74
7
16
242
14
261
202
67
23
0
19
9
37
167
17
76
47
9
87
187
114
66
1
67
37
347
201
60
60
0
93
39
46
105
34
6
231
195
405
0
18
17
155
2
13
8
87
39
26
206
121
57
77
214
106
269
15
7
51
332
110
278
14
28
65
398
48
249
214
16
17
25
2
212
8
57
26
7
126
0
56
74
96
120
123
1
594
36
85
297
3
439
136
654
164
237
54
18
155
43
278
51
221
74
6
23
82
9
114
470
259
391
56
93
70
64
5
140
27
12
73
29
403
0
83
11
36
63
27
113
7
29
116
60
1
3
30
180
32
7
21
370
487
32
51
1
207
0
28
66
198
124
71
84
18
77
28
73
64
8
58
218
0
31
239
1
63
95
233
53
115
11
61
101
2
122
162
107
84
55
175
24
106
112
93
11
40
100
72
402
67
245
29
65
25
48
1
2
404
125
94
2
131
