39
1
56
6
10
24
5
45
18
10
17
1
22
137
157
22
5
175
7
53
89
59
26
7
26
2
88
1
50
117
19
22
83
70
23
41
12
0
8
38
5
60
272
16
28
63
42
105
61
10
1
100
90
15
47
214
14
10
13
82
119
18
358
7
32
132
22
32
16
35
102
19
7
45
182
8
45
3
93
119
127
141
30
74
14
17
11
20
6
57
2
8
130
159
1
51
12
254
3
47
266
55
0
14
1
1
159
11
21
109
9
93
29
0
16
61
19
162
1
6
5
148
7
15
62
121
49
107
14
30
4
34
6
1
19
3
51
2
162
3
182
71
35
122
3
47
134
20
169
42
95
61
206
3
83
30
16
114
21
31
23
92
3
109
83
85
33
137
12
172
99
123
66
183
43
28
58
189
24
54
3
22
55
236
39
23
192
107
32
20
4
59
6
32
13
0
166
24
197
18
107
38
6
51
10
21
66
13
27
3
127
52
3
0
74
6
116
27
46
336
74
58
126
131
103
59
65
14
89
194
2
88
54
242
74
23
90
8
21
6
32
3
48
34
14
110
75
17
31
20
12
220
67
12
46
188
70
31
98
23
7
22
21
69
9
48
139
272
50
6
49
94
75
45
47
6
45
35
30
28
195
11
2
85
7
4
19
10
55
305
152
95
37
3
91
0
26
199
74
24
103
42
1
6
42
17
8
154
13
36
8
4
28
383
47
1
4
0
43
3
384
206
4
28
40
119
53
47
16
2
69
122
35
6
3
71
2
151
42
88
5
47
26
23
22
96
5
32
84
60
48
12
19
163
51
85
61
45
5
17
173
0
48
19
2
37
230
1
49
32
0
53
19
59
23
13
46
363
29
30
20
21
151
78
7
6
3
54
23
237
87
171
93
17
85
30
31
27
339
28
66
46
131
205
22
150
36
19
267
0
139
36
10
146
107
5
16
270
41
68
1
23
13
265
10
51
7
89
54
180
45
90
19
81
10
1
2
10
13
64
67
185
228
4
150
5
129
12
103
0
44
46
60
7
4
116
4
3
39
8
31
33
11
93
5
26
48
227
3
120
24
41
19
145
21
53
2
6
8
47
18
7
9
55
121
6
225
18
6
47
14
26
17
18
18
7
17
8
15
140
177
11
6
5
48
24
141
220
19
180
13
3
59
0
46
307
20
76
1
18
37
144
21
307
324
184
116
177
14
18
100
167
48
161
12
38
12
2
44
3
200
104
83
15
124
45
159
230
8
55
16
97
47
2
44
21
21
13
5
114
60
58
8
16
73
43
153
42
167
32
41
22
53
69
14
111
0
122
167
61
1
5
62
19
16
45
2
392
4
2
2
59
42
13
3
47
100
88
27
39
85
11
94
32
130
113
43
232
11
2
2
72
92
0
6
9
260
6
6
30
19
12
9
1
10
3
19
6
284
55
110
35
4
6
216
1
19
66
10
127
30
54
9
28
99
31
289
54
28
215
89
154
4
8
113
18
47
130
12
7
8
1
18
88
60
85
45
12
4
77
10
9
18
89
10
133
0
43
304
48
19
33
63
24
80
93
15
37
15
44
2
1
49
202
1
62
54
39
178
28
92
14
84
43
63
274
1
45
124
91
149
34
22
76
78
317
33
10
1
35
192
80
184
8
2
89
41
12
19
22
4
69
10
171
96
13
64
54
113
1
27
151
111
74
137
163
167
4
108
2
144
17
72
40
8
25
1
61
38
10
52
1
104
56
353
163
0
24
2
2
5
107
40
175
12
16
134
58
43
10
120
23
184
16
0
31
29
7
44
113
0
158
26
156
35
0
7
8
0
148
163
26
138
118
10
113
58
201
30
68
20
69
8
11
153
34
30
32
50
1
18
8
92
82
26
84
112
7
207
33
38
0
64
49
48
53
265
159
105
16
141
25
16
28
10
17
303
53
23
6
23
35
69
230
27
71
83
122
37
233
126
10
33
7
7
5
8
32
76
1
34
8
3
192
14
25
26
46
4
0
10
247
72
2
9
0
102
6
9
3
9
44
64
61
210
163
111
112
71
125
225
57
102
181
31
58
3
3
2
192
53
3
26
44
13
35
183
14
17
34
35
52
91
56
24
12
23
4
119
10
94
50
50
147
42
108
37
5
70
35
96
106
290
241
49
23
25
3
6
202
103
39
19
79
4
12
34
39
92
56
25
21
17
11
76
42
11
6
103
98
32
153
180
23
103
56
34
2
10
108
24
72
11
174
220
57
90
16
27
40
17
45
250
0
1
49
5
6
14
45
11
19
93
7
86
82
10
168
60
6
58
17
29
50
50
286
71
42
2
91
191
17
7
88
115
5
27
159
7
10
140
19
5
18
5
4
17
168
4
10
30
238
16
3
132
6
10
50
32
41
4
2
153
137
445
129
267
117
14
32
210
54
3
2
2
72
108
86
91
2
27
30
23
49
86
44
85
63
93
1
31
48
4
1
0
11
98
199
60
29
177
30
74
10
119
94
7
29
1
65
36
13
358
218
16
18
11
16
11
9
31
101
4
124
3
30
17
120
24
287
22
31
32
229
7
104
59
2
34
30
7
0
3
3
194
125
12
26
9
95
10
16
2
42
51
94
28
10
21
42
8
1
125
0
3
2
78
38
1
126
363
388
45
8
115
158
5
2
35
17
101
31
8
168
12
167
1
6
10
4
31
31
72
12
55
266
13
10
4
18
30
83
3
0
15
198
29
124
26
56
6
46
30
49
4
92
4
88
2
1
51
174
2
13
1
11
1
149
0
6
91
19
10
30
81
118
88
31
186
8
27
16
72
49
88
131
3
1
23
50
7
228
22
43
87
59
4
121
287
51
227
3
16
88
100
72
51
76
1
38
97
10
221
15
3
40
63
62
11
22
85
172
71
130
166
8
161
22
156
44
6
58
5
126
1
58
105
54
7
88
179
0
32
203
271
86
9
35
8
138
32
0
30
1
80
45
265
371
107
17
11
18
0
2
40
35
9
5
32
47
229
14
69
133
0
103
155
4
11
26
12
42
106
2
62
4
87
0
4
26
83
17
65
141
150
9
2
77
3
0
42
1
11
28
2
178
3
89
9
0
21
0
124
0
223
7
3
10
108
2
7
46
53
22
9
3
61
35
65
98
240
0
110
28
78
3
0
114
13
1
161
181
125
25
55
172
21
17
5
74
133
117
123
0
120
20
105
2
7
10
25
258
14
246
50
161
13
26
216
52
29
2
23
31
97
6
214
188
16
73
21
12
46
5
67
64
1
9
26
81
107
173
4
137
25
296
19
33
11
0
122
127
7
2
12
9
32
3
35
7
7
54
95
33
86
86
139
364
1
62
5
8
8
46
307
0
176
14
69
5
54
7
80
29
173
50
34
23
98
14
2
182
2
106
178
71
21
113
129
53
104
143
27
3
23
109
1
44
34
76
324
26
8
19
7
51
24
59
25
466
152
5
0
104
8
164
25
4
27
8
93
6
0
4
50
35
9
21
54
299
55
94
36
29
123
6
292
20
2
21
6
39
43
164
9
38
83
40
46
342
57
36
5
33
73
124
55
28
54
21
202
134
12
2
36
72
9
12
26
9
1
136
118
151
20
17
40
8
15
95
17
12
198
7
103
32
12
134
50
0
44
2
182
28
33
4
10
92
45
2
33
173
49
99
8
14
86
86
191
154
3
2
12
136
178
26
72
222
15
9
81
3
40
286
1
3
17
28
0
9
45
24
235
75
101
84
79
4
166
29
177
8
19
19
1
5
86
29
84
205
204
119
26
73
1
143
203
27
86
39
62
27
0
19
72
191
31
19
68
6
49
14
3
29
6
25
29
10
4
4
129
104
5
3
0
343
27
84
162
11
52
11
0
30
92
3
1
30
13
64
2
102
85
31
22
281
96
76
62
76
6
45
46
13
66
120
7
0
22
32
94
17
41
24
115
59
168
35
12
37
62
209
150
57
27
23
163
16
25
57
54
4
96
59
97
7
2
171
4
4
241
4
5
61
70
14
7
13
126
10
11
1
49
184
55
57
32
316
6
72
25
0
134
153
33
0
42
2
71
6
5
41
47
90
204
267
12
45
10
302
2
99
33
3
1
2
272
40
53
44
3
20
134
0
109
54
13
218
137
21
48
0
98
36
28
20
20
18
133
17
10
82
138
31
89
118
29
5
11
72
3
4
51
97
77
55
8
354
60
52
180
95
101
31
9
139
12
22
238
9
303
52
36
165
67
150
197
7
76
14
175
109
15
47
94
47
39
19
80
2
37
159
58
9
33
9
45
116
5
80
0
34
27
64
64
31
27
36
22
39
22
48
53
35
24
133
1
0
133
28
13
81
32
23
39
28
8
67
196
7
15
3
97
204
9
142
5
37
85
20
3
71
48
2
13
4
30
144
43
1
73
30
50
129
14
31
64
30
1
10
55
2
72
1
104
13
26
0
75
8
2
35
11
79
101
111
238
6
68
2
138
93
28
8
160
36
4
18
4
29
55
3
8
7
123
3
103
46
45
5
39
176
39
4
68
21
86
10
9
7
2
1
1
7
23
11
17
65
4
131
32
36
7
125
12
218
274
87
2
60
202
5
68
266
183
163
3
10
3
50
33
6
240
2
0
141
10
1
115
3
15
126
139
22
121
9
31
36
73
0
126
306
36
0
30
8
41
35
23
1
35
19
5
49
349
1
7
14
233
17
81
7
57
3
18
62
10
3
101
188
15
45
32
5
332
112
3
26
79
0
23
1
38
42
33
145
3
8
2
89
4
208
11
34
33
3
184
29
22
120
88
0
11
40
36
73
74
7
210
159
94
12
0
4
8
3
12
32
15
192
31
100
13
24
117
10
20
11
63
9
0
5
277
5
38
30
6
255
16
0
2
9
51
127
102
82
4
11
0
174
1
3
18
100
155
161
0
112
34
94
82
0
97
15
70
21
37
1
23
56
2
69
1
239
159
2
38
44
46
103
18
31
6
132
13
17
187
229
67
44
12
18
71
0
202
57
215
63
79
54
163
16
100
13
210
142
244
11
176
69
116
75
143
24
13
63
82
8
23
26
18
36
92
30
19
16
236
40
77
28
43
77
169
128
73
94
264
164
52
32
10
25
1
142
64
8
0
7
189
6
13
11
105
0
1
128
26
18
146
8
196
61
33
138
7
34
17
31
9
20
2
59
5
43
8
46
19
5
92
22
21
68
15
67
163
64
209
59
133
5
3
48
41
4
7
73
38
97
4
0
27
45
39
12
49
45
291
1
25
24
55
6
52
75
32
1
3
0
241
29
16
5
58
0
0
9
1
22
158
38
36
12
3
4
0
20
150
101
107
3
208
138
59
258
60
28
0
23
84
13
25
28
29
70
98
50
144
6
286
7
4
55
5
0
23
13
2
236
5
1
69
2
3
6
8
84
55
165
22
132
136
55
74
42
23
6
251
51
0
40
4
67
20
109
31
52
6
1
67
51
39
67
88
37
24
0
75
36
1
27
40
153
1
101
21
5
4
151
28
23
38
75
85
22
229
39
1
206
0
225
39
53
65
10
52
12
72
26
5
6
112
54
63
30
4
12
27
56
7
45
253
16
0
24
28
51
3
7
0
5
0
113
61
6
103
81
21
85
14
38
6
16
3
66
44
17
115
57
12
12
251
143
32
13
70
22
102
1
3
29
157
0
5
112
27
5
33
215
14
23
7
22
0
96
60
31
1
0
7
9
39
314
117
122
1
118
16
298
60
96
0
126
8
115
10
11
2
400
33
13
129
189
40
53
67
37
52
22
112
20
1
11
3
7
87
162
206
34
20
6
16
21
16
47
171
136
73
171
113
48
13
4
122
12
42
39
19
3
105
10
13
32
3
54
11
68
29
70
38
100
36
31
8
77
48
91
37
31
97
4
85
1
12
0
9
18
8
6
208
157
69
37
176
53
125
55
91
2
36
21
4
194
30
1
72
22
21
58
35
15
43
23
110
12
139
7
16
41
1
220
5
7
19
137
133
38
8
62
9
12
11
70
34
75
20
49
62
142
191
18
104
5
58
1
21
0
34
14
186
236
32
26
0
18
195
5
0
90
166
111
78
36
17
52
71
54
146
11
206
19
80
4
64
2
0
4
2
17
62
60
11
13
195
163
113
2
0
125
36
102
195
4
1
7
2
28
154
22
0
3
115
24
76
31
21
38
51
27
0
4
26
2
44
32
131
43
368
9
82
175
77
61
25
37
269
37
79
7
17
62
113
106
30
2
99
21
9
0
49
41
514
211
60
101
53
191
1
49
0
3
6
151
131
57
8
7
6
38
12
18
64
3
59
11
58
12
13
76
208
101
5
2
0
45
52
122
136
237
4
140
94
184
72
14
87
5
145
4
56
75
16
51
3
74
107
84
1
7
234
24
65
34
27
4
66
66
29
187
76
140
0
11
2
12
2
13
18
266
14
4
59
58
5
33
0
122
49
149
15
3
23
18
13
101
40
216
234
96
66
273
43
111
0
0
22
164
82
13
73
68
118
36
110
20
37
84
99
8
15
20
3
92
13
70
2
26
58
34
1
157
199
31
74
14
14
55
84
56
209
68
5
4
0
10
9
1
29
114
146
38
49
4
57
298
6
37
40
76
68
7
83
0
141
227
44
74
155
34
4
6
53
4
61
301
89
79
43
14
19
146
104
113
79
6
305
8
0
41
12
2
150
4
215
28
35
11
22
129
77
55
5
2
186
45
20
2
48
4
35
49
39
80
169
7
79
1
393
58
55
47
35
3
21
57
136
0
43
23
1
13
31
114
5
87
13
1
156
174
13
80
4
49
283
64
13
3
227
53
12
134
250
173
34
40
108
38
191
200
170
10
33
59
56
0
77
27
40
24
49
2
0
157
0
10
11
3
42
253
58
129
42
9
9
44
165
1
0
336
37
38
46
26
30
3
33
161
28
22
51
0
1
12
50
28
52
80
44
77
4
126
6
8
67
254
45
32
173
79
159
133
14
75
151
173
85
79
0
34
16
72
19
2
0
38
28
1
188
54
4
4
105
93
5
4
136
90
2
24
388
235
103
23
45
88
24
153
3
63
1
108
230
47
248
20
20
236
77
205
179
63
1
72
31
130
154
89
29
74
1
23
165
66
5
41
1
8
56
26
44
63
25
50
6
3
11
81
83
31
61
2
12
89
119
79
25
99
8
52
85
70
50
9
31
11
36
310
161
186
114
48
49
29
32
40
19
19
6
4
87
59
11
99
3
115
30
115
68
71
46
47
72
86
46
20
8
150
20
16
51
20
90
44
59
62
28
2
3
21
39
91
50
4
57
182
3
72
11
2
28
65
1
24
5
82
65
45
151
0
26
1
137
25
5
104
2
15
48
34
182
0
183
72
47
114
205
46
53
2
3
193
117
0
238
311
22
167
276
1
8
15
253
351
20
5
17
4
146
56
12
307
55
71
11
0
137
13
13
40
138
2
69
179
49
275
15
2
13
81
5
53
306
0
27
96
79
19
17
86
212
31
303
99
9
3
51
1
158
116
30
105
44
32
14
138
188
34
76
5
29
67
152
26
221
116
0
20
35
120
46
13
83
7
0
60
28
5
59
11
11
58
12
87
21
23
25
204
12
3
59
12
11
19
16
14
86
5
155
30
75
4
28
239
7
250
7
0
9
18
131
221
20
19
36
115
17
0
6
97
11
263
7
5
189
229
74
33
0
2
108
33
45
0
29
26
116
7
34
65
3
11
106
78
29
244
8
4
70
50
32
20
27
2
259
0
20
93
232
55
63
92
47
26
221
5
4
16
218
9
21
75
4
137
48
27
6
161
102
125
226
61
22
23
3
46
22
35
179
42
3
204
327
187
43
11
23
3
60
43
70
19
11
173
7
26
31
22
7
133
25
3
28
2
198
159
9
69
7
19
192
74
11
42
21
10
134
51
13
45
4
7
0
40
64
39
60
5
48
10
128
37
236
92
285
80
263
207
7
2
96
10
66
71
99
0
129
220
340
2
4
12
6
1
103
94
60
24
199
63
7
4
12
10
69
95
134
21
1
117
78
15
21
25
3
14
79
50
9
17
6
86
27
285
294
15
1
5
19
63
12
9
21
128
19
34
70
30
69
91
16
18
12
31
1
24
42
170
22
128
110
7
198
12
18
167
77
226
250
71
53
107
1
18
10
146
17
23
85
10
25
51
22
80
45
192
126
71
201
8
409
5
14
75
6
261
66
33
105
136
2
60
95
41
14
188
169
30
3
16
1
14
15
4
4
231
211
84
14
258
49
84
77
101
103
56
0
18
37
32
121
35
21
1
4
8
25
224
3
0
100
36
293
2
2
18
83
19
65
1
240
42
34
15
44
16
22
0
0
167
2
187
4
96
338
0
16
20
132
18
174
322
213
62
12
109
23
10
5
69
30
26
1
1
28
34
6
17
3
4
4
26
2
16
26
13
27
209
158
17
231
23
28
97
3
61
84
38
63
12
7
56
17
94
121
4
51
1
86
126
8
192
12
92
276
18
12
11
0
17
0
47
11
39
57
38
131
3
106
34
103
6
4
67
10
28
7
47
0
105
2
21
65
53
2
79
81
0
15
2
8
0
51
7
0
16
9
195
114
387
148
78
7
44
9
5
53
8
51
5
14
21
14
24
49
0
16
13
21
38
93
20
2
2
15
49
11
13
8
351
39
8
159
211
73
116
8
53
58
264
108
48
25
31
23
38
33
11
90
40
220
5
10
22
13
0
84
233
7
331
49
34
284
209
170
109
17
5
90
5
4
22
3
125
0
67
39
205
333
2
20
89
103
128
390
141
21
127
16
0
76
0
177
13
30
33
21
66
20
11
97
4
40
0
51
68
304
8
15
3
6
24
157
241
1
22
4
135
43
28
13
304
40
232
143
172
95
7
17
2
11
52
60
201
18
84
25
7
310
3
113
2
267
97
78
5
10
78
3
86
3
2
33
0
6
19
84
82
9
2
18
42
69
66
109
68
111
5
75
134
45
35
73
13
201
20
7
126
176
0
109
15
32
11
102
6
61
2
77
98
122
0
13
34
26
11
8
69
143
47
11
11
78
43
117
80
2
85
13
72
19
9
136
88
156
71
59
222
11
100
25
3
3
97
34
277
108
38
90
21
4
193
31
6
8
21
57
39
83
23
110
73
58
50
10
15
29
404
21
6
29
164
45
254
27
117
104
17
124
98
27
2
77
13
5
175
35
3
6
14
134
2
225
21
4
23
26
203
82
101
100
58
215
30
257
23
203
80
31
160
131
14
65
124
182
29
32
210
24
4
47
8
15
30
400
78
70
25
148
29
37
231
42
5
2
7
188
4
45
73
124
53
18
222
21
2
1
40
215
148
36
2
89
9
146
2
4
144
145
2
28
4
172
27
114
14
35
2
15
21
47
75
36
4
98
244
83
38
161
5
66
20
8
2
138
8
32
114
239
2
90
161
1
18
4
31
0
4
142
3
26
21
72
45
53
4
2
46
309
58
0
31
29
33
23
56
394
22
7
36
111
131
138
170
117
3
76
21
29
135
11
5
178
197
81
4
57
23
38
17
13
2
15
14
15
6
20
111
3
1
46
49
40
177
1
3
4
18
98
17
3
262
10
6
31
1
244
35
22
7
55
262
89
17
1
27
13
248
106
32
70
3
9
116
114
18
45
1
0
84
24
35
17
74
147
56
38
8
5
70
35
337
41
17
143
10
22
2
176
7
33
0
164
7
66
7
52
10
6
25
2
2
16
2
1
23
45
35
15
58
32
44
13
8
6
29
8
169
93
146
2
13
2
49
4
196
22
24
0
12
40
94
15
18
20
15
44
75
23
52
2
1
35
154
111
14
4
32
52
65
23
0
4
8
61
22
15
7
26
47
75
16
95
78
9
31
0
33
20
8
11
45
73
188
1
126
29
17
42
8
79
16
2
88
0
69
88
83
1
26
220
6
62
9
96
198
35
23
6
0
12
4
46
67
130
73
106
4
14
49
49
77
148
19
7
31
58
21
172
29
57
1
37
7
12
0
113
104
13
4
13
92
208
42
28
6
47
31
129
15
70
0
31
261
133
5
11
3
50
157
142
62
0
5
72
76
99
12
14
54
100
83
493
50
4
2
108
0
59
7
11
35
4
51
20
120
3
91
3
27
0
229
3
44
149
52
20
22
197
30
9
7
161
144
13
21
101
4
50
3
294
6
118
20
84
26
71
4
17
61
220
3
3
2
98
88
122
303
14
3
24
97
36
5
11
12
89
25
8
13
9
61
25
17
0
2
125
122
25
1
4
0
38
156
25
30
11
13
37
113
52
52
35
10
30
43
31
17
30
294
17
58
1
92
81
19
5
37
9
13
108
55
18
245
160
26
10
76
78
104
175
14
63
1
19
61
3
14
352
3
60
171
29
6
41
59
2
213
10
11
27
22
2
30
7
347
5
23
173
189
0
75
81
16
24
72
221
195
166
99
26
0
6
77
47
126
14
23
220
94
22
59
118
207
57
27
34
66
96
29
27
9
90
132
33
17
23
48
8
278
5
53
90
11
17
12
5
127
9
44
8
1
133
126
39
11
78
66
179
84
8
78
394
22
55
390
19
30
5
6
1
278
57
124
81
79
61
19
2
33
1
14
8
32
1
