1936 3961
166 389
575 1806
404 689
570 573
1019 1796
1222 1738
553 1506
17 143
170 1363
867 1194
739 1015
924 1417
1845 1910
444 1029
1006 1109
246 1469
319 395
1488 1522
1729 1764
57 1575
472 864
859 1692
167 1567
1572 1641
95 667
483 806
1436 1681
621 1773
404 1476
164 1518
271 694
43 1684
275 1313
750 1063
347 748
156 812
280 1166
136 1137
141 1877
566 1575
522 1793
905 1452
78 1624
835 1159
67 1456
1388 1928
1219 1836
862 1208
326 382
276 742
18 1747
1034 1085
309 474
1049 1278
253 707
1368 1710
388 413
221 701
1013 1209
1370 1870
667 735
708 953
1027 1830
352 762
396 1275
500 1073
897 1298
146 1447
136 724
372 1139
454 866
977 1121
1159 1605
892 1448
533 1281
163 832
12 1669
451 1046
52 554
49 1246
994 1732
142 1714
430 536
941 1935
1651 1890
1365 1646
197 1896
74 765
578 740
1204 1733
1028 1225
429 1816
615 1087
157 1210
827 1106
954 1478
432 883
541 1030
1109 1512
433 1339
158 196
461 1469
737 1203
882 1508
955 1196
1750 1887
188 1818
818 1645
310 1777
19 560
510 1779
1063 1251
404 1466
1008 1494
869 1615
176 1711
166 790
1287 1563
653 1473
113 731
806 1368
1250 1256
756 1767
1185 1880
425 889
663 965
458 1126
49 990
103 1126
1265 1651
1219 1446
1598 1822
944 1929
421 1108
1432 1885
803 1414
592 1892
958 1175
783 1898
1302 1345
351 1115
1182 1421
600 1795
884 892
905 1419
1392 1522
954 1917
1109 1784
763 778
236 1488
993 1004
1037 1842
55 1286
67 1241
271 1795
963 1362
337 1165
369 1017
540 601
300 436
12 1384
288 295
70 80
51 902
153 352
632 1613
848 1066
59 226
1650 1900
69 1457
1244 1572
975 1898
1256 1606
878 1322
299 636
486 1614
1139 1598
881 1031
810 1800
1259 1312
409 1552
222 335
283 1449
461 1552
1068 1140
37 307
367 547
98 1715
1443 1639
1367 1842
722 748
1524 1922
178 1087
735 866
468 1016
55 1398
1018 1124
993 1160
1356 1480
913 1068
3 1125
39 557
97 577
212 1221
278 902
543 1829
1604 1784
969 1928
1443 1659
143 1871
331 349
1360 1460
694 1582
260 1040
567 1123
87 1104
359 549
800 1299
587 1509
479 1020
131 989
28 573
198 333
557 1303
196 704
103 1101
94 1407
409 1847
664 1512
1610 1771
565 1645
23 839
117 1521
627 1607
875 923
1216 1353
680 1578
829 1151
1301 1783
20 893
34 1048
161 818
1479 1685
653 1266
1155 1575
1190 1854
384 644
1652 1746
37 586
1228 1483
443 807
518 1206
444 838
269 1588
200 1622
350 1136
102 824
335 1320
825 985
1021 1091
125 1289
79 1481
1357 1891
143 1230
1787 1791
1140 1150
462 595
1731 1911
351 1648
99 794
386 1229
1257 1923
360 574
1749 1912
444 1384
590 1260
1136 1673
1117 1177
406 1665
1707 1886
572 870
705 1064
482 1314
503 601
205 1535
879 1075
371 719
1352 1853
488 1235
218 250
975 1256
94 1255
498 1882
847 1636
1115 1301
996 1855
550 586
534 1633
158 879
5 1534
172 252
393 1888
104 1166
131 253
1473 1520
1150 1311
1392 1933
194 1585
21 194
701 1030
37 401
66 780
88 1339
1812 1918
1008 1561
117 598
589 844
550 1865
1476 1543
1142 1585
43 973
611 912
30 639
1112 1583
1178 1186
49 1547
525 925
652 975
1867 1888
421 1631
581 924
37 212
390 1700
318 1733
1084 1603
1478 1601
41 1919
1054 1831
1400 1577
1530 1918
349 1663
502 1567
371 1267
408 1682
459 1498
381 1225
1037 1090
730 1437
384 965
703 1037
1611 1895
1647 1841
924 1798
496 1712
168 599
283 1686
345 510
237 558
37 685
877 1260
693 1726
1098 1744
930 1663
272 657
1013 1296
109 645
158 716
618 1784
761 1014
107 1017
1553 1620
466 1764
481 1014
831 1316
177 417
1225 1510
64 1383
723 1458
168 1263
1619 1651
264 1346
583 1272
325 458
330 1921
806 1425
1280 1793
771 1597
433 740
1791 1905
1047 1385
696 1708
104 788
679 1120
340 760
129 353
1791 1902
331 562
469 1933
344 1036
676 1180
693 1837
1573 1702
702 1260
1100 1479
422 1859
400 462
1403 1480
411 1301
1479 1908
73 362
305 652
25 928
862 1229
1502 1755
1324 1590
9 881
415 1490
1357 1626
1066 1538
220 587
469 870
1097 1117
1028 1170
1329 1779
1219 1269
50 1537
598 735
1339 1531
986 1552
436 893
901 1535
622 1637
645 1214
979 1836
268 1547
42 500
912 1329
163 1100
1740 1769
1382 1822
1327 1589
1330 1715
500 729
630 1079
239 1676
113 670
143 1623
1572 1835
1469 1892
1046 1141
339 1869
822 1574
153 1714
104 1769
1643 1819
1852 1917
674 1837
211 398
1060 1575
1031 1772
352 1071
755 1857
422 554
121 1923
138 783
570 1910
171 547
25 1158
865 1588
740 1294
52 960
1473 1854
640 1079
205 1228
93 1615
597 734
977 1642
1426 1929
10 1252
18 777
622 1055
117 1702
420 639
903 1201
1286 1627
1001 1919
395 1881
1629 1710
411 426
274 556
310 1031
334 656
119 1888
1319 1636
51 1843
182 1551
141 1268
387 1351
451 677
263 1036
1152 1190
22 27
601 1608
1311 1421
923 1717
340 1654
139 1799
384 1905
844 1716
1333 1451
23 976
279 806
176 1211
136 1928
505 694
585 794
234 289
172 1513
615 1198
494 1551
875 1933
1089 1617
294 1903
403 908
1031 1182
619 1828
1519 1560
291 1554
1638 1697
297 465
485 763
1320 1578
447 875
772 1239
498 1296
1468 1793
788 1377
634 1620
449 1615
920 1462
109 1697
1686 1899
1002 1683
1342 1730
1249 1721
1139 1684
917 1230
201 1054
180 386
629 1122
451 1176
1031 1566
155 1198
841 1850
332 1440
634 810
1249 1319
1028 1376
1079 1294
245 1346
447 846
98 317
50 571
357 1460
1539 1684
88 846
370 687
662 877
1045 1199
20 193
155 221
458 1115
69 1669
991 1804
582 1612
300 1394
558 1380
1108 1496
305 396
85 457
241 1641
580 849
596 1760
43 814
1588 1609
100 1457
1099 1486
265 1784
525 1846
1835 1917
1349 1420
282 1214
1656 1715
1154 1273
873 1410
232 1007
370 784
1089 1329
644 1378
918 1886
294 1755
557 1117
344 708
1141 1810
1453 1607
238 1230
982 1475
1221 1360
914 1065
152 1768
593 1676
1078 1294
495 499
195 389
10 572
121 193
839 1291
232 1557
1183 1274
1716 1927
257 1432
1142 1614
193 1903
206 1396
395 943
248 1706
472 487
1255 1397
1261 1878
847 979
155 445
240 757
299 1570
774 1263
877 1464
364 1222
128 763
180 797
66 1704
1090 1118
1140 1546
156 751
968 1829
634 1098
511 1111
819 1125
66 219
923 980
1326 1708
326 392
132 1144
165 1022
1451 1890
229 593
159 1155
1443 1557
328 1494
391 1385
672 1592
175 1884
1165 1927
124 239
91 682
532 1405
1133 1305
1001 1351
436 677
316 740
972 1445
1132 1319
731 1484
511 1325
119 1528
290 456
715 1670
152 1874
174 1394
920 1316
1407 1923
48 778
62 917
997 1605
432 825
607 1899
80 173
127 404
82 1547
1530 1757
70 1416
1548 1867
94 1001
455 1502
321 831
40 1673
109 669
486 550
168 695
199 547
546 1595
106 778
814 967
135 1914
1047 1493
802 1876
916 1573
289 1681
1512 1718
84 1509
1692 1810
693 930
428 703
894 1924
2 1001
679 1419
518 1858
307 1812
407 1894
786 1875
812 1878
315 953
245 1781
1220 1775
450 1653
602 1182
124 921
126 680
89 1201
898 1488
1834 1843
628 766
682 1017
552 1723
585 1378
987 1081
472 484
259 680
932 1898
1067 1205
614 1809
525 1135
484 992
995 1106
1115 1500
223 1242
825 1328
26 1736
1390 1723
472 745
53 1827
90 506
434 1921
226 1710
123 652
500 800
1037 1555
1657 1858
607 1534
814 1605
607 754
1267 1877
1032 1464
324 942
809 1889
1686 1894
581 1907
406 1139
238 1357
1074 1792
6 16
607 1500
435 1787
1 1214
646 1289
1132 1508
476 1803
664 1623
487 500
461 1925
414 576
683 1224
242 342
596 1810
1277 1508
1438 1727
610 1089
637 1504
300 1493
93 1764
372 1012
225 1714
28 1906
646 1431
799 1901
241 389
580 1701
1217 1375
643 1686
709 1055
869 1473
302 1263
850 996
930 1345
369 601
355 673
1354 1615
1080 1849
704 1284
223 843
1200 1385
1219 1328
861 884
987 1713
366 426
1247 1404
531 1722
420 1241
118 1188
163 1169
316 1739
1026 1229
406 1153
324 1882
1389 1399
876 1300
593 782
443 1804
91 909
550 1755
116 1071
84 1041
32 1434
954 1047
1 1010
1012 1500
202 581
1546 1560
455 1129
118 844
875 1141
241 1144
201 369
46 1286
844 1346
1610 1640
1186 1723
689 1920
540 1219
341 728
904 1420
782 1556
394 1176
1566 1882
780 1788
326 901
1497 1573
482 1310
384 1915
230 1912
16 454
220 1142
142 406
843 1789
303 917
297 1586
350 377
303 360
103 963
648 1585
340 1284
1181 1542
522 861
471 1143
121 759
530 759
296 1778
1053 1166
571 826
308 322
314 898
773 1360
438 874
970 1561
174 1878
361 895
456 924
590 1030
276 1785
530 1532
615 636
179 1614
40 1552
1236 1637
838 1475
1 497
931 1848
104 326
1313 1707
921 1677
676 1573
285 1013
270 771
63 1612
102 907
1263 1551
1155 1253
414 1296
790 1274
241 1242
982 1331
149 1028
46 98
1601 1839
390 1899
738 1494
374 841
52 1728
187 252
1509 1793
1767 1892
519 772
1128 1763
747 777
1366 1545
1168 1253
735 1377
1189 1683
150 275
646 831
292 768
384 901
9 1731
452 979
774 961
366 1380
356 1634
961 1342
914 1921
598 1880
304 356
82 876
557 1752
1166 1725
451 812
319 901
1414 1532
1167 1168
440 1634
113 847
159 767
1376 1556
323 966
559 1464
116 1237
64 1139
737 1861
447 1458
837 1304
383 1780
1192 1816
652 1814
377 640
768 1511
592 625
373 1590
358 1498
106 897
104 1688
1322 1587
1176 1403
347 1480
272 1389
155 1486
932 1464
179 708
96 1466
448 1577
1033 1165
720 1418
326 1355
297 866
160 830
495 667
1186 1312
719 1857
350 1370
434 852
1783 1795
1004 1083
302 1901
430 536
813 1381
755 1091
1036 1104
1253 1929
828 1271
92 503
1035 1350
69 1105
614 1837
288 1745
1077 1924
89 499
126 1147
485 1775
1157 1405
90 175
358 676
277 1131
992 1625
425 593
1616 1709
72 1627
397 1498
86 1685
707 1591
472 1215
877 1542
288 1798
1111 1656
1081 1852
378 1536
1256 1430
974 1872
1302 1817
1493 1636
678 1471
682 927
325 796
965 1422
119 1734
765 1216
354 1211
1204 1441
1511 1884
609 1915
320 1092
260 1718
1172 1221
708 1120
158 1878
314 481
380 1508
16 306
1056 1727
1034 1889
179 1717
430 980
1049 1534
302 1139
536 688
246 685
667 1532
266 1880
736 1483
572 1735
720 1172
698 1465
106 1107
486 1672
209 882
87 1138
69 773
58 1619
214 1252
179 689
1589 1911
112 1059
1096 1158
726 1653
1094 1607
451 692
589 1244
114 903
65 235
176 894
928 1609
1198 1693
550 1345
478 1818
1111 1708
129 1877
45 164
701 955
698 1179
862 1838
862 1215
152 1630
397 1638
1413 1870
847 1675
224 1808
252 1357
318 820
253 1540
1323 1341
1276 1722
1260 1268
36 1754
51 934
529 609
916 1342
456 1306
598 1719
1164 1345
69 561
1173 1413
335 377
92 1031
50 1077
1275 1672
844 853
841 1708
776 1122
858 1612
23 91
14 32
775 1909
456 651
320 605
120 1327
51 885
1345 1347
288 495
483 601
946 1753
428 1484
1135 1641
780 1798
396 1063
1442 1598
742 1561
61 1307
1804 1884
866 1930
633 1176
810 1013
1374 1760
153 509
506 1903
1109 1652
699 1405
75 1409
1205 1381
543 927
183 1318
444 1616
404 1133
1269 1668
358 1371
1457 1550
1571 1738
277 619
1576 1893
662 1690
358 1227
1595 1893
967 1788
1417 1634
112 851
621 1630
1086 1105
992 995
490 857
884 1868
343 1108
1474 1834
187 975
52 1446
1497 1637
1055 1816
1341 1461
424 676
75 221
1254 1383
8 1025
333 466
1037 1829
42 1591
564 1074
1435 1818
189 1011
864 1472
1105 1556
154 1714
333 1504
653 685
1003 1872
586 767
1556 1857
163 864
453 1754
118 1724
1313 1809
461 767
5 573
476 1665
1737 1885
177 1241
931 1563
1075 1494
656 1889
248 498
436 445
313 370
349 750
781 913
298 1607
58 1056
676 1278
440 689
1709 1787
252 1129
481 1532
99 831
1024 1780
782 1519
85 1242
783 1568
402 1919
355 1110
552 1887
49 1391
943 1004
637 1774
415 958
347 1423
597 1146
295 1467
735 1409
1150 1738
1533 1858
11 1831
609 686
1243 1550
390 401
269 885
765 1807
1030 1626
95 257
1617 1699
1057 1309
796 1220
362 1482
381 1164
487 869
676 968
758 1247
462 1799
80 474
634 885
864 1820
674 1628
162 992
190 780
442 1264
752 1517
1088 1896
681 1806
791 1638
787 1379
1150 1696
1258 1682
470 1054
1083 1167
1457 1737
898 1233
1152 1550
132 1191
1011 1710
560 702
973 1680
160 257
52 698
1376 1833
110 154
133 226
8 1057
489 887
1388 1482
154 354
935 1683
414 1008
566 1760
409 1545
1211 1597
129 629
920 1001
1060 1714
716 1792
904 1774
664 1555
96 476
711 1422
1318 1780
535 1578
911 1122
535 786
1094 1691
1287 1392
673 767
1085 1396
149 418
633 982
117 1889
1290 1599
783 1342
526 1907
609 1788
1353 1680
153 1201
442 1626
1591 1926
4 246
305 1673
558 832
442 1074
617 1372
555 1016
1237 1724
1443 1656
279 1634
615 956
1064 1573
591 860
329 1792
644 1737
339 1496
451 1391
195 617
98 1564
170 723
1715 1736
65 217
874 938
197 267
973 1484
140 411
1438 1564
852 1633
1570 1650
579 1119
65 1304
1126 1858
481 958
754 1245
48 246
1407 1411
1542 1754
144 704
30 606
1018 1211
1280 1582
1556 1736
328 987
872 991
20 211
331 1055
810 1076
265 1321
1045 1195
298 720
1179 1883
475 1560
834 1202
314 1606
1860 1864
1237 1920
74 1370
37 1175
1124 1860
18 1206
1222 1270
878 1242
1357 1934
309 1201
61 1429
1151 1570
506 1498
1124 1351
336 1719
643 1423
168 1431
980 1904
829 836
1053 1855
1469 1615
77 485
597 1926
747 1351
1117 1535
1148 1916
1270 1550
464 885
682 1302
1661 1878
1147 1723
769 863
920 1755
656 890
1174 1226
724 1110
1176 1893
181 1822
143 795
1353 1724
93 1336
1284 1572
40 1206
540 671
373 1560
281 350
795 1578
1624 1638
317 1891
62 1639
359 1720
71 1304
1054 1855
551 1110
542 1641
302 915
191 1142
578 1472
698 1851
773 1322
716 1563
1518 1754
95 996
11 125
783 882
1321 1810
979 1098
177 1819
265 1249
1167 1895
1140 1482
253 912
151 850
702 1819
737 1020
579 1667
1683 1784
129 218
192 1750
593 1514
653 1110
858 1023
1389 1434
899 1800
376 959
153 265
206 1201
926 1653
1682 1862
1610 1744
1588 1900
32 1723
1433 1531
1360 1500
744 1206
848 1154
601 1926
931 984
169 762
674 1525
508 1082
556 1084
1363 1745
981 1925
961 1602
878 1254
1373 1452
299 1653
613 715
828 1859
1234 1345
532 984
1338 1902
673 762
882 1726
1262 1499
1262 1653
285 332
545 1627
1392 1422
774 824
626 1693
459 1576
1376 1492
1013 1543
621 1164
716 1799
755 768
562 1913
15 687
1663 1887
164 1571
448 1836
1143 1145
964 1453
82 200
1247 1460
357 1112
35 973
961 1078
995 1515
78 1716
865 1506
129 1386
52 1083
423 1796
225 1068
618 1375
887 1780
665 1654
868 1108
387 580
518 1516
1551 1584
753 1107
409 1700
672 790
347 1499
3 323
374 803
1234 1510
1096 1204
1098 1780
394 437
222 647
693 1894
337 1267
458 1801
479 1410
280 423
27 354
111 222
367 518
309 438
416 790
1661 1851
661 1146
264 1251
547 1894
1082 1860
1286 1933
362 1255
399 1196
820 1274
35 91
405 1700
219 680
394 760
1209 1474
1020 1856
62 1675
571 1045
1067 1341
144 1024
471 1481
252 301
208 275
1076 1453
1502 1669
450 1633
199 1915
588 728
614 629
169 1145
511 1687
350 387
1199 1544
448 1539
1549 1678
1087 1419
30 138
347 656
15 1728
505 792
436 596
489 1742
889 1023
759 857
606 1731
859 1233
857 1364
509 835
829 1340
383 1227
808 1037
1108 1901
97 764
672 1665
789 1297
84 1114
941 1491
196 222
1276 1333
1761 1844
110 122
992 1027
408 788
275 948
834 1354
1279 1695
686 1108
511 1513
845 1396
991 1024
1262 1489
1090 1777
985 1828
763 1393
114 1012
1577 1583
1087 1160
68 184
1049 1791
833 1874
934 1040
485 1209
1276 1375
881 1828
737 1775
514 1673
360 1265
592 1640
1347 1645
737 862
862 1207
62 1099
1422 1453
1696 1835
341 1070
1099 1103
909 1707
187 1565
316 1197
356 1363
902 1743
740 1715
2 1280
1724 1896
1831 1935
1296 1628
136 837
1444 1879
686 1922
710 1068
1057 1401
1466 1744
467 1180
257 307
357 1049
1065 1630
94 1722
70 404
288 813
623 1246
935 1149
1597 1676
891 1477
867 1601
1132 1283
1040 1696
834 1007
686 789
114 158
345 1654
285 969
992 1016
1635 1651
1107 1602
1325 1366
1012 1547
322 613
1008 1837
61 1554
426 1060
352 1323
574 1872
420 527
612 770
82 740
863 1390
25 420
574 1101
1204 1353
345 1361
243 1372
1678 1711
1334 1497
618 1017
887 1414
1880 1885
625 1466
815 1108
232 505
277 1585
141 753
265 1876
365 1676
40 1886
699 1719
417 1661
280 582
1145 1769
1351 1897
1550 1710
147 1656
121 1231
720 969
892 1293
576 932
528 981
140 1072
362 1113
1264 1655
549 1682
462 1549
71 521
253 1292
434 1384
261 998
1077 1545
189 1502
571 1428
196 1614
432 547
483 1891
949 1557
376 669
965 1508
7 787
539 1657
91 575
1340 1361
425 1738
1258 1928
968 1056
923 1165
1238 1751
426 1729
244 792
28 398
536 1530
1039 1698
986 1438
165 1649
544 1086
140 1731
863 1026
94 95
122 1335
113 1628
1323 1897
514 1542
114 1782
198 769
1553 1695
900 919
1064 1205
1054 1379
38 388
884 1263
597 782
353 377
52 824
966 1351
464 1622
10 540
344 1661
112 992
415 1046
19 502
1439 1625
472 1670
104 1021
584 749
41 1653
285 1180
327 721
63 478
40 846
108 711
143 297
457 1733
18 1183
736 1268
1453 1759
1020 1400
392 824
1027 1467
696 1837
250 1761
182 1727
348 363
155 1487
61 433
1507 1527
684 970
347 1297
1574 1772
1216 1503
1437 1626
1045 1105
1093 1115
29 320
1096 1374
1014 1871
470 1404
458 771
514 1379
887 1431
564 723
500 1894
1351 1352
1295 1328
1373 1715
902 1162
728 949
1123 1472
857 1434
313 1729
943 1717
358 1708
753 1920
804 1424
505 1907
1318 1730
1516 1658
678 1608
1013 1851
550 1268
247 574
219 743
282 1671
660 1211
573 1034
1196 1217
654 1193
52 1177
418 482
1146 1561
623 841
746 1336
731 749
944 1601
376 987
1822 1911
125 1697
412 627
1395 1600
257 757
559 1813
74 1276
187 1129
1036 1057
1550 1607
419 721
32 1587
456 1437
200 1843
680 1390
730 1893
1135 1192
603 1188
1194 1364
420 1063
509 800
106 1089
666 1224
1486 1579
90 1441
825 1702
415 1200
669 1608
650 944
545 1392
752 1809
518 1519
576 1105
106 614
908 1175
187 471
297 1842
735 1239
1201 1752
1126 1537
1110 1795
913 1879
889 1408
841 1893
896 1542
1138 1934
227 1870
253 533
170 369
912 1747
845 975
487 1002
1003 1320
507 605
238 1375
1224 1457
782 789
313 1027
476 1423
182 1341
101 1642
672 765
1251 1542
141 534
18 1406
306 1476
989 1641
223 1894
1 1773
554 1252
406 1058
468 698
923 1144
345 1139
250 343
386 868
462 1458
1162 1442
824 1377
259 1719
215 1890
81 782
216 1293
74 212
608 1680
1081 1625
1241 1933
133 955 1759 1763
1469 1893 1899 1932
414 1641 1789 1797
1230 1448 1741 1842
1400 1709 1771 1918
1287 1394 1618 1689
986 1057 1486 1518
112 1629 1664 1922
1249 1708 1779 1857
565 667 1065 1626
133 1808 1922 1927
609 1755 1805 1870
87 1257 1314 1917
182 883 1574 1929
1649 1926 1930 1930
403 1415 1508 1549
261 694 1062 1423
599 785 1422 1778
754 1222 1253 1594
1537 1908 1914 1933
1494 1935 1936 1936
933 1643 1855 1906
219 331 1072 1907
177 1210 1624 1701
514 1279 1376 1934
857 1237 1544 1935
772 1437 1687 1734
1173 1579 1584 1781
472 1221 1384 1586
923 1233 1309 1506
140 572 710 1451
48 1080 1205 1757
419 421 1399 1680
188 1157 1665 1789
571 1045 1137 1575
944 1089 1560 1891
54 188 296 713
198 429 440 1177
927 1634 1648 1808
164 1820 1891 1895
277 1658 1751 1782
1249 1658 1720 1902
481 1785 1811 1889
1095 1913 1918 1930
368 1741 1750 1789
880 1669 1743 1755
768 1023 1069 1292
375 477 1364 1559
391 1626 1699 1900
345 1355 1577 1823
384 402 509 678
510 1262 1342 1480
1344 1814 1829 1865
19 743 1092 1424
994 1513 1889 1894
922 1059 1146 1733
521 669 1615 1884
821 1714 1851 1884
74 344 846 1431
3 145 649 1435
107 1184 1278 1849
1022 1108 1176 1740
877 925 1141 1514
868 1135 1669 1802
1040 1082 1737 1854
392 765 877 1135
380 927 996 1631
405 535 712 1866
107 156 214 1691
912 1191 1530 1871
134 1398 1571 1581
769 1541 1647 1765
605 1210 1221 1718
516 943 1067 1904
189 1485 1601 1837
869 1766 1886 1901
293 1129 1276 1793
504 1896 1903 1928
868 1347 1384 1604
860 1547 1703 1715
1173 1237 1436 1439
41 977 1382 1685
301 1255 1502 1750
121 1024 1355 1485
144 803 848 1423
939 1620 1658 1737
179 289 330 888
1060 1719 1871 1875
241 1347 1352 1635
297 1781 1792 1805
590 1754 1812 1887
1087 1229 1624 1679
930 1274 1650 1750
78 1495 1707 1791
172 287 1240 1620
1338 1405 1647 1845
60 667 957 1397
321 980 1124 1615
1172 1915 1930 1931
433 897 1131 1567
419 1090 1311 1498
224 1562 1694 1931
598 647 1236 1440
429 755 1307 1362
459 992 1175 1667
132 453 834 1030
259 814 1725 1851
212 843 1246 1410
816 1360 1366 1447
1151 1604 1705 1780
125 282 869 1906
64 358 390 965
799 964 1226 1821
734 1561 1678 1804
1440 1784 1845 1891
216 1430 1510 1752
1150 1797 1832 1897
155 1295 1427 1719
110 1074 1084 1884
1120 1862 1931 1934
665 1734 1821 1864
66 1046 1172 1429
654 1556 1679 1920
1143 1719 1884 1887
441 676 1121 1782
540 618 839 851
918 1233 1302 1474
811 956 1077 1205
16 1219 1447 1472
543 1572 1820 1829
563 844 1393 1742
394 1519 1554 1926
1705 1838 1842 1887
261 1180 1400 1719
666 1677 1862 1873
73 850 1036 1407
239 1554 1607 1880
1019 1529 1863 1934
591 616 1004 1773
370 1398 1453 1775
1477 1928 1929 1931
783 1343 1347 1929
20 194 1200 1320
121 1743 1833 1884
1518 1547 1612 1750
75 799 1252 1389
316 1452 1528 1560
323 774 1631 1643
311 1619 1702 1896
765 1018 1801 1891
785 1874 1879 1930
927 1698 1755 1762
525 1556 1606 1855
126 177 364 606
299 779 1379 1576
1124 1256 1316 1752
850 1799 1882 1910
248 610 1220 1743
573 1601 1826 1912
767 1860 1874 1928
309 707 1011 1028
6 1414 1542 1615
140 485 648 1210
16 290 1264 1613
65 1864 1871 1931
442 1457 1574 1720
80 429 1102 1333
742 895 1529 1538
1562 1874 1879 1910
351 987 1797 1825
491 881 1514 1548
399 648 815 1193
1139 1309 1397 1667
541 1505 1632 1664
149 1418 1427 1556
161 1087 1153 1523
131 186 491 1728
1548 1701 1755 1906
198 934 1226 1703
1492 1717 1790 1867
863 1537 1605 1671
401 424 1642 1917
1448 1629 1673 1734
943 951 1056 1468
78 1801 1870 1886
996 1728 1884 1901
972 1149 1543 1671
575 1658 1754 1786
633 1719 1752 1795
1733 1808 1852 1891
360 806 1016 1544
1158 1508 1680 1912
1836 1909 1924 1936
192 1293 1561 1727
326 1488 1742 1899
140 560 610 1663
234 374 855 1212
430 825 839 1678
855 1188 1646 1747
1672 1877 1922 1927
924 1719 1909 1929
1464 1529 1608 1894
1763 1780 1787 1790
502 1710 1821 1906
280 1233 1476 1872
37 1071 1397 1418
1678 1864 1925 1935
1083 1349 1545 1651
749 1715 1763 1883
212 463 679 1290
726 968 1119 1776
1266 1641 1790 1885
1026 1315 1702 1798
426 1255 1550 1809
1100 1706 1767 1886
269 692 1087 1385
282 991 1382 1760
171 476 661 835
1006 1765 1839 1874
525 1325 1571 1862
576 1071 1156 1779
292 1398 1902 1913
470 775 1242 1843
973 1680 1901 1914
1039 1362 1442 1826
220 940 1306 1680
205 802 1600 1837
1 444 1099 1586
917 1535 1623 1743
1069 1416 1473 1694
366 1433 1711 1806
729 1107 1150 1566
841 959 1142 1904
10 103 738 937
874 1007 1627 1926
505 1443 1473 1773
1585 1854 1891 1903
373 598 1010 1059
389 408 770 1527
121 915 1041 1626
6 1008 1421 1521
641 1558 1710 1716
822 1448 1614 1687
801 1782 1840 1921
632 731 1255 1892
1117 1866 1871 1885
440 605 659 1376
330 713 1241 1602
1103 1848 1865 1910
751 1901 1908 1931
121 458 464 512
860 1160 1195 1328
1495 1545 1602 1812
429 1075 1627 1890
492 1860 1901 1915
505 1191 1216 1306
1008 1492 1595 1668
187 1378 1421 1752
344 1754 1780 1904
198 1491 1811 1933
36 259 878 1194
842 1621 1679 1896
353 652 1162 1556
1190 1711 1714 1792
388 406 673 1817
1297 1841 1860 1865
537 642 1487 1668
124 1530 1818 1885
1604 1627 1872 1872
630 1149 1527 1905
1314 1687 1698 1870
35 836 1199 1707
287 1564 1650 1918
372 1684 1735 1933
402 1507 1682 1711
245 910 1237 1240
461 492 1196 1602
176 1250 1519 1763
496 1197 1393 1693
524 1678 1696 1837
215 987 1210 1386
603 1227 1266 1315
933 1091 1557 1638
776 1804 1838 1858
1284 1747 1837 1889
1480 1835 1843 1898
1391 1540 1728 1776
1222 1428 1699 1843
226 1477 1526 1904
1267 1838 1848 1875
836 1778 1866 1892
142 1217 1301 1592
384 1449 1560 1661
9 1496 1755 1770
809 1583 1874 1883
80 1229 1244 1729
625 696 1387 1585
1239 1327 1563 1919
476 1561 1603 1748
396 1460 1698 1755
697 1820 1834 1898
1179 1833 1886 1924
765 887 1250 1662
507 1776 1830 1885
759 1578 1584 1585
690 886 1260 1438
872 1502 1546 1575
1166 1533 1585 1646
687 1543 1559 1777
90 1398 1544 1902
291 726 762 1567
724 1843 1862 1896
273 1449 1721 1723
285 1796 1873 1903
751 1636 1879 1890
320 663 1219 1660
1004 1150 1193 1361
594 1507 1686 1795
918 1626 1628 1700
1457 1663 1725 1770
1151 1231 1280 1677
165 1900 1924 1935
405 496 1277 1334
243 1770 1820 1861
638 1723 1832 1896
3 1372 1457 1931
1607 1927 1930 1932
792 970 1045 1370
235 481 1010 1316
148 1067 1122 1817
241 1199 1502 1757
553 1870 1899 1901
992 1440 1700 1843
13 1778 1783 1811
1552 1918 1927 1931
272 1312 1386 1796
40 213 446 799
692 1247 1428 1537
988 1112 1426 1739
1649 1714 1730 1811
916 1579 1588 1706
1019 1601 1634 1718
1719 1830 1841 1906
942 1056 1175 1333
91 101 1303 1712
245 1905 1926 1935
24 432 1006 1883
523 885 1169 1393
1148 1413 1426 1619
836 1353 1414 1580
321 582 1566 1695
248 1582 1679 1866
314 1379 1575 1602
297 982 1638 1848
456 1437 1609 1820
1559 1929 1931 1936
223 1314 1361 1704
939 1040 1358 1483
1720 1800 1877 1888
1087 1693 1730 1908
192 650 713 1346
180 1495 1722 1779
711 1663 1692 1793
488 923 1384 1706
176 795 917 1534
325 1671 1703 1746
864 1480 1498 1740
449 1706 1726 1836
692 694 888 1109
299 708 1319 1759
329 668 1048 1172
61 1813 1868 1871
112 1135 1228 1835
1584 1925 1930 1934
430 617 865 1641
1421 1857 1902 1905
600 1509 1806 1917
314 541 638 1092
46 1561 1675 1909
166 1386 1713 1735
475 948 1254 1585
484 702 943 1318
12 1220 1420 1924
132 484 924 1073
858 1441 1687 1834
367 864 1119 1873
142 1228 1710 1825
1343 1882 1916 1934
196 1931 1932 1934
701 723 1007 1865
15 342 441 929
73 669 876 1791
566 1234 1622 1712
95 437 474 1522
901 1611 1658 1917
488 1589 1803 1824
696 1071 1184 1603
408 477 1126 1335
1041 1071 1271 1396
896 1132 1309 1348
58 618 1263 1423
522 752 1056 1400
1506 1873 1906 1907
252 887 1639 1936
554 1429 1430 1585
864 1105 1615 1838
1598 1792 1833 1888
364 522 1692 1772
754 1024 1687 1904
1358 1761 1810 1816
977 1547 1831 1875
363 1574 1672 1822
256 954 1490 1924
1686 1863 1891 1919
1646 1747 1806 1865
1217 1443 1461 1640
221 1885 1893 1895
242 1268 1572 1662
887 898 1199 1875
1047 1414 1671 1763
224 1112 1188 1664
623 796 1132 1657
366 1194 1367 1869
311 1588 1687 1730
635 962 1166 1607
1205 1865 1871 1909
680 1123 1367 1419
363 545 947 1033
1495 1919 1931 1936
759 1018 1393 1825
178 1712 1833 1907
1660 1803 1815 1825
854 869 883 1310
454 1178 1823 1902
748 772 1128 1199
1463 1915 1917 1928
335 1137 1712 1833
222 1743 1870 1915
378 884 992 1447
285 290 1524 1682
88 1127 1413 1771
667 1798 1825 1927
1145 1456 1662 1747
592 656 1111 1921
1020 1586 1772 1921
2 22 1619 1792
976 1109 1483 1869
333 1311 1487 1679
1008 1567 1750 1875
171 1043 1381 1721
1046 1134 1328 1624
369 623 1095 1552
1255 1918 1924 1926
531 1317 1328 1603
1154 1655 1854 1869
177 425 755 1923
150 1844 1851 1886
337 1586 1692 1928
354 1005 1276 1809
1093 1121 1375 1562
686 715 1594 1914
1369 1885 1930 1932
282 294 609 983
425 472 871 1706
921 1353 1565 1638
590 1558 1604 1928
485 682 1202 1420
240 1373 1582 1690
1797 1811 1827 1935
654 1119 1361 1865
436 1270 1278 1888
419 671 1153 1483
168 1230 1553 1894
469 1471 1541 1733
859 1376 1412 1801
1501 1619 1671 1675
222 888 1821 1855
91 1309 1495 1745
478 742 1013 1654
30 534 1069 1916
129 270 969 1178
1280 1586 1589 1746
14 152 263 1484
101 1631 1683 1849
331 1180 1524 1644
1109 1214 1437 1577
577 859 1228 1732
2 570 799 1606
543 615 1904 1913
1023 1419 1437 1849
273 1303 1660 1834
611 1648 1738 1867
1009 1571 1643 1857
241 1285 1416 1490
841 1107 1530 1904
7 905 1075 1545
1201 1692 1740 1892
2 1663 1745 1843
1063 1755 1774 1934
215 712 1235 1312
379 1901 1908 1921
1188 1921 1925 1934
1473 1808 1815 1901
7 1856 1888 1888
66 227 544 617
245 1720 1730 1875
1211 1637 1725 1764
175 445 757 1220
109 1250 1326 1714
1332 1836 1879 1889
95 227 953 1911
888 1286 1885 1914
62 1185 1879 1901
49 479 1151 1260
396 885 1034 1819
423 958 1356 1563
40 1225 1562 1852
1641 1796 1865 1927
778 1829 1860 1897
1285 1641 1719 1806
304 365 666 947
447 1513 1539 1877
510 639 1675 1762
401 1168 1541 1778
38 1756 1820 1869
849 1420 1492 1693
490 1145 1557 1643
897 1394 1691 1824
1441 1507 1548 1710
1514 1814 1871 1918
936 979 1329 1361
360 848 1180 1208
696 1856 1858 1902
1128 1422 1573 1761
387 1770 1822 1898
573 1269 1429 1642
1394 1743 1803 1854
867 1339 1590 1929
513 725 1108 1910
865 1563 1635 1689
236 348 415 1242
1056 1501 1572 1740
69 1552 1595 1697
1053 1109 1628 1919
592 1692 1717 1808
105 603 987 1386
183 308 1424 1561
989 1386 1823 1907
1472 1486 1799 1899
916 1911 1925 1925
673 1841 1893 1919
92 1554 1658 1875
313 1302 1595 1782
496 1019 1026 1039
989 1036 1241 1313
1109 1808 1837 1843
1090 1766 1800 1893
1176 1525 1552 1636
457 881 1241 1648
1013 1072 1887 1888
1683 1857 1884 1934
662 1575 1699 1925
1457 1844 1857 1859
499 1587 1631 1698
1215 1676 1725 1729
900 1142 1462 1701
1201 1236 1851 1874
995 1089 1094 1429
246 336 633 1554
962 1641 1731 1755
1736 1841 1891 1929
453 1053 1729 1779
1357 1862 1877 1886
69 1310 1579 1607
287 1084 1209 1758
1384 1592 1638 1926
648 1479 1533 1916
750 1128 1259 1663
296 1680 1818 1834
220 1495 1696 1767
1581 1695 1848 1849
1179 1698 1730 1738
109 1757 1786 1788
846 1003 1181 1317
142 482 1345 1412
170 410 1216 1406
659 1903 1905 1921
450 1268 1661 1710
804 1855 1890 1904
535 785 980 1385
152 1626 1886 1934
325 1435 1679 1850
262 693 1622 1717
429 648 1156 1526
684 1409 1543 1643
1565 1718 1774 1877
405 952 1741 1790
154 1854 1861 1870
938 1701 1864 1884
349 803 1281 1454
397 1505 1657 1766
121 244 265 337
1222 1575 1840 1929
813 1396 1611 1792
1675 1906 1907 1909
594 1026 1225 1350
636 1813 1828 1918
27 131 1632 1833
1521 1812 1839 1918
1681 1782 1851 1868
989 1694 1800 1847
1112 1529 1748 1805
67 1761 1770 1857
82 1804 1863 1883
1292 1882 1886 1889
157 1616 1628 1936
1777 1807 1808 1825
1789 1898 1919 1928
243 517 1027 1237
946 1771 1843 1934
539 677 931 1300
706 1239 1843 1898
1189 1736 1782 1932
672 1893 1902 1927
360 974 1109 1833
118 696 1176 1649
134 1355 1413 1749
1260 1534 1697 1863
25 791 1286 1640
823 1863 1868 1888
136 1005 1557 1589
521 867 1125 1169
135 1107 1446 1628
1730 1805 1912 1933
553 1685 1784 1796
80 594 1119 1381
957 1325 1750 1771
46 1213 1314 1409
491 1516 1589 1930
807 1777 1781 1785
121 862 1213 1652
162 628 739 1141
630 1789 1793 1893
1357 1544 1652 1845
456 689 788 1845
1104 1534 1741 1741
277 1835 1865 1876
719 1322 1450 1546
848 1458 1766 1871
832 934 1048 1864
401 853 1922 1932
780 1305 1458 1724
1114 1490 1520 1535
91 869 1131 1151
798 1396 1528 1784
20 262 765 1527
820 879 1155 1236
1136 1726 1772 1918
1093 1200 1548 1905
530 1091 1360 1454
293 1067 1287 1679
1150 1739 1812 1834
1473 1498 1514 1678
513 663 1432 1586
759 1728 1830 1839
86 960 1023 1088
63 998 1319 1861
220 392 555 1795
622 1002 1167 1508
792 1636 1863 1917
1244 1619 1782 1791
566 893 1154 1869
521 1463 1754 1813
469 826 1292 1344
1464 1767 1842 1859
940 1235 1459 1736
1397 1663 1667 1806
282 1353 1558 1708
1328 1540 1662 1770
1210 1480 1786 1872
871 1610 1854 1875
1156 1437 1731 1838
678 802 911 1675
999 1530 1700 1833
337 1883 1887 1898
89 1418 1573 1905
98 939 1038 1680
1130 1617 1775 1926
82 1863 1908 1917
259 334 1117 1778
213 1434 1832 1888
1327 1854 1901 1936
777 788 1031 1704
842 1147 1220 1785
975 1835 1854 1907
494 1869 1904 1907
122 218 310 956
208 1012 1290 1490
970 1158 1169 1683
694 1690 1871 1903
232 1234 1488 1900
378 1106 1280 1733
927 1795 1915 1924
1177 1897 1903 1904
372 796 1170 1442
979 1099 1200 1789
56 1631 1687 1708
632 666 813 1643
748 933 1589 1809
238 1840 1888 1925
834 1080 1159 1709
38 1405 1572 1936
822 1471 1758 1919
932 1891 1907 1928
181 209 1166 1239
288 645 672 1917
672 1668 1713 1836
290 1330 1352 1874
494 1050 1155 1548
994 1490 1745 1929
705 802 1159 1240
718 1003 1212 1514
877 1783 1788 1821
262 1767 1892 1914
152 154 292 1652
390 1525 1839 1907
1296 1826 1904 1936
797 1656 1717 1835
1165 1723 1795 1839
810 1861 1922 1936
218 1094 1395 1515
114 1859 1924 1935
66 1724 1803 1885
157 588 890 1360
139 929 943 1236
1046 1567 1593 1691
154 1370 1485 1775
456 592 707 1595
274 1750 1779 1920
842 1472 1565 1707
826 1399 1587 1759
927 1221 1245 1380
607 1611 1750 1768
1033 1813 1853 1920
1139 1297 1367 1598
966 1528 1825 1931
575 1698 1700 1919
229 1400 1768 1935
1404 1511 1661 1745
115 1477 1668 1808
777 1092 1520 1571
440 1046 1063 1301
903 1902 1904 1917
478 1242 1587 1788
15 59 849 1637
1016 1289 1609 1685
465 702 1487 1568
699 1294 1689 1745
793 1389 1598 1869
1301 1394 1562 1642
875 1683 1766 1835
820 1902 1909 1928
723 1772 1794 1897
1281 1457 1667 1861
441 1170 1320 1395
1199 1436 1457 1614
1444 1574 1596 1885
410 1802 1859 1936
1245 1562 1622 1847
26 905 1111 1565
157 291 1187 1848
1210 1326 1548 1568
1395 1506 1698 1753
92 370 955 1619
259 1468 1572 1913
724 1291 1644 1902
1191 1213 1281 1410
538 973 1449 1710
879 1111 1753 1785
107 1050 1608 1632
504 1021 1418 1562
1434 1446 1508 1919
1041 1742 1769 1803
547 1405 1756 1795
1078 1111 1711 1896
538 673 854 1235
598 1927 1932 1932
63 445 902 1437
591 954 1105 1244
895 1348 1353 1737
343 695 1003 1918
1233 1666 1688 1713
96 1375 1529 1632
850 1854 1856 1932
149 381 927 1919
712 1450 1594 1786
1308 1555 1731 1881
788 1434 1634 1763
511 1504 1773 1806
867 1017 1140 1765
440 1352 1453 1784
1242 1303 1423 1852
1090 1365 1453 1722
50 177 592 1909
1273 1599 1673 1930
1293 1880 1911 1928
444 1907 1916 1933
783 1743 1805 1843
496 1364 1454 1798
297 1812 1823 1883
353 1262 1329 1661
233 536 939 1586
564 586 587 1822
487 1197 1297 1306
818 930 1107 1615
300 1342 1440 1792
532 1884 1888 1911
729 742 1261 1500
810 1406 1568 1901
1171 1529 1820 1935
448 817 931 1369
881 1381 1770 1795
1496 1874 1891 1906
1066 1154 1494 1642
524 1673 1844 1919
3 472 774 933
1663 1726 1755 1819
862 1420 1427 1777
229 266 1546 1825
665 1681 1728 1847
33 188 745 1504
720 850 858 1514
948 1413 1482 1614
939 1448 1473 1752
699 1590 1663 1898
225 315 364 1290
466 1290 1577 1726
52 588 663 1310
884 1695 1786 1895
1216 1310 1804 1844
1505 1632 1905 1910
253 455 693 1864
25 1079 1230 1685
651 1104 1556 1597
896 1094 1740 1847
215 1221 1349 1353
106 1540 1778 1823
1243 1590 1775 1789
81 1925 1930 1934
14 146 689 1558
279 1487 1733 1735
930 1520 1816 1881
1526 1568 1780 1907
679 1204 1454 1682
215 721 933 1561
1027 1386 1529 1919
122 714 1006 1583
193 821 848 940
388 1749 1883 1897
153 1458 1685 1856
1012 1433 1537 1643
1252 1288 1844 1878
5 572 1320 1518
1097 1162 1268 1724
990 1179 1236 1567
1463 1635 1831 1870
160 1369 1620 1837
1217 1485 1777 1797
914 1836 1880 1899
414 741 957 1241
412 760 1174 1888
412 1630 1851 1868
89 1769 1829 1880
1033 1359 1443 1644
1051 1553 1700 1705
7 1131 1225 1512
1058 1250 1603 1726
157 1673 1690 1695
313 1894 1898 1898
1306 1491 1754 1866
122 1375 1399 1675
58 842 1017 1876
148 1135 1594 1887
438 869 1235 1445
447 1083 1295 1936
232 1372 1594 1881
113 1478 1856 1931
686 1853 1914 1936
357 601 1627 1894
1082 1345 1618 1664
1589 1602 1666 1834
1559 1919 1922 1925
1436 1844 1889 1897
1394 1470 1693 1877
893 1647 1691 1839
178 556 1268 1869
429 1541 1834 1893
208 1242 1494 1610
793 1583 1585 1794
424 1731 1758 1781
682 1297 1586 1616
778 1177 1533 1862
759 1653 1720 1910
200 1738 1809 1879
1516 1593 1737 1781
461 1232 1420 1770
170 1104 1400 1584
1075 1457 1697 1779
799 1868 1869 1876
1359 1856 1875 1909
144 248 683 1029
648 806 878 1847
1358 1780 1857 1906
276 720 1426 1639
1163 1429 1757 1848
490 1750 1776 1842
116 1358 1757 1873
387 414 430 1042
397 546 1517 1759
158 546 1076 1316
288 640 1312 1687
1009 1600 1609 1688
895 1403 1440 1745
607 895 1783 1790
788 1141 1510 1838
910 1000 1133 1367
1397 1758 1797 1920
1052 1370 1792 1800
45 83 333 1614
107 1904 1924 1925
380 1565 1701 1926
486 949 1388 1574
918 1589 1828 1901
1413 1421 1512 1527
455 1919 1924 1934
90 133 184 838
961 1412 1628 1902
169 865 1044 1254
1442 1681 1832 1848
1718 1908 1913 1929
1340 1660 1771 1901
757 946 1202 1910
31 1668 1798 1877
738 1192 1216 1275
789 1194 1295 1866
1372 1525 1620 1708
1250 1253 1293 1309
800 1712 1746 1805
1465 1589 1693 1922
535 1389 1496 1749
1653 1741 1825 1856
1501 1560 1837 1935
659 775 1316 1448
568 1518 1571 1924
212 1265 1594 1708
317 1296 1417 1493
570 822 1153 1287
1661 1798 1805 1816
547 1497 1683 1814
602 1862 1896 1923
125 1340 1605 1892
513 1011 1557 1772
764 1238 1535 1890
140 701 1280 1620
454 1229 1837 1918
242 1323 1514 1528
533 1548 1743 1852
485 1277 1369 1440
1581 1909 1918 1927
120 1911 1917 1922
1287 1862 1881 1912
936 1187 1562 1578
426 888 920 1147
594 1386 1478 1596
451 1620 1842 1862
236 488 1333 1806
911 1623 1769 1835
699 1161 1485 1774
376 1388 1402 1746
1082 1356 1492 1536
268 1370 1553 1781
1437 1511 1903 1934
130 851 1375 1462
1633 1743 1774 1836
403 713 830 1354
1409 1837 1881 1888
990 1197 1396 1837
498 1902 1911 1912
999 1213 1324 1857
69 497 1671 1819
13 1443 1653 1838
17 402 1343 1933
1519 1867 1892 1916
8 553 1310 1892
890 1072 1736 1897
321 636 1063 1831
1292 1807 1850 1899
975 1130 1153 1924
506 618 645 648
577 1748 1816 1830
1031 1370 1389 1631
377 1346 1530 1557
1005 1275 1744 1763
1090 1097 1482 1871
77 828 904 1688
426 428 1006 1823
688 1244 1781 1820
859 1116 1368 1433
1013 1330 1344 1454
337 1446 1461 1714
711 1827 1834 1839
184 586 899 1675
52 816 845 917
922 1919 1929 1931
860 1229 1428 1731
906 1128 1129 1548
633 1499 1654 1813
963 1632 1705 1874
260 1716 1723 1744
592 910 969 1537
825 1104 1207 1314
1069 1100 1101 1716
903 1225 1664 1803
1812 1832 1835 1840
785 973 1001 1843
195 359 487 825
451 1746 1806 1881
1875 1880 1882 1898
711 1155 1551 1872
255 378 1475 1690
1098 1911 1914 1928
523 1924 1925 1930
511 1197 1473 1524
1179 1552 1693 1830
447 1839 1858 1895
1175 1696 1850 1919
1262 1557 1635 1673
468 604 763 1079
1029 1761 1767 1890
449 1116 1324 1726
456 723 735 1399
552 1851 1857 1891
929 1676 1722 1930
1541 1932 1934 1936
1380 1410 1605 1719
152 1678 1907 1931
780 1070 1511 1540
699 1165 1306 1764
547 1403 1587 1934
1236 1459 1520 1602
1 717 872 1523
921 1704 1752 1789
794 1860 1865 1913
797 1615 1699 1709
62 1707 1819 1900
1029 1683 1723 1906
1084 1554 1783 1895
1150 1863 1896 1930
1278 1386 1606 1780
1232 1679 1854 1919
638 1042 1046 1556
537 1245 1508 1545
113 1841 1870 1908
302 1196 1633 1636
1033 1733 1779 1787
250 929 1259 1878
251 1850 1908 1925
961 1915 1930 1934
1016 1019 1145 1665
28 1910 1923 1929
1527 1564 1761 1928
200 901 960 1536
1266 1822 1899 1907
534 816 830 1212
857 1130 1586 1932
446 1483 1568 1619
986 1649 1774 1788
668 1240 1283 1626
1104 1816 1902 1925
94 462 793 1340
319 1539 1556 1556
1216 1294 1472 1512
328 725 1489 1542
34 1852 1885 1935
71 527 893 1650
406 1262 1359 1440
935 1071 1557 1690
85 414 1090 1636
571 713 753 1908
297 1249 1499 1674
769 1027 1369 1560
24 554 764 1523
67 1624 1745 1908
920 1792 1808 1923
68 223 1187 1334
299 576 788 1656
865 1545 1600 1791
1075 1123 1773 1870
935 1575 1701 1881
308 1087 1491 1596
434 981 1103 1460
948 1371 1545 1709
99 1537 1589 1799
715 1706 1766 1823
1188 1356 1434 1500
667 1084 1744 1841
946 1640 1710 1731
771 1570 1595 1670
316 1843 1846 1847
436 1729 1769 1841
152 595 1400 1663
1419 1454 1547 1895
369 829 957 1889
1003 1374 1649 1816
860 1582 1687 1768
1194 1564 1841 1863
1305 1613 1771 1773
581 1001 1142 1297
459 1785 1885 1923
354 1646 1922 1936
258 1847 1849 1918
312 1151 1594 1846
1460 1896 1915 1932
133 354 1228 1423
835 1093 1166 1733
620 1387 1506 1935
696 946 1253 1822
27 489 956 1166
406 1159 1279 1691
783 1346 1553 1757
144 1612 1696 1786
292 1747 1754 1875
711 1034 1674 1850
484 815 876 1214
523 1747 1838 1929
511 886 987 1027
259 1668 1696 1742
680 1439 1686 1739
1152 1802 1902 1910
662 1317 1554 1792
872 938 1178 1460
621 645 735 1129
75 1098 1182 1190
355 642 1699 1931
702 1821 1830 1852
483 1425 1454 1851
307 1321 1422 1739
66 1210 1444 1536
367 1770 1794 1798
203 1525 1907 1916
540 1846 1856 1905
456 1228 1362 1648
939 1029 1573 1602
284 1836 1853 1936
1020 1699 1811 1933
353 1836 1912 1914
933 1771 1785 1883
390 1036 1361 1837
505 793 846 1410
807 1884 1886 1892
1177 1492 1515 1670
47 308 1040 1712
1409 1655 1689 1729
43 1795 1805 1827
7 1310 1597 1622
1246 1747 1749 1906
235 1521 1538 1688
1104 1849 1901 1922
817 1882 1890 1918
141 203 794 1216
268 1286 1297 1706
488 1391 1412 1882
917 1233 1293 1779
903 1374 1499 1613
837 1636 1793 1911
1291 1736 1818 1901
1174 1177 1428 1521
318 1338 1422 1822
286 1911 1915 1918
28 585 995 1154
67 468 904 1242
885 1288 1529 1790
831 1576 1810 1892
101 991 1011 1262
96 683 1618 1620
465 1673 1812 1863
371 1099 1499 1585
809 1253 1395 1455
414 1692 1817 1858
865 1894 1916 1931
381 1796 1871 1892
66 688 1506 1591
115 329 1089 1195
1449 1541 1638 1838
519 1248 1292 1746
857 1416 1456 1576
337 1908 1919 1923
379 1293 1845 1930
1659 1893 1907 1923
370 1479 1645 1923
106 343 561 679
951 1451 1515 1856
80 113 394 1390
123 617 1168 1411
199 919 1180 1738
330 441 731 1725
381 674 832 1786
457 1304 1331 1402
363 434 983 1181
874 1303 1493 1496
1562 1621 1660 1832
863 1664 1896 1908
1016 1201 1494 1707
586 736 766 1383
653 822 1131 1205
515 1285 1425 1899
450 1703 1815 1905
1037 1165 1387 1905
1608 1912 1918 1918
676 1444 1487 1617
387 1667 1700 1835
1603 1929 1930 1935
485 600 1387 1531
516 1765 1776 1782
667 1322 1714 1764
298 1546 1594 1935
812 1813 1893 1897
198 1195 1600 1733
642 1367 1546 1706
73 1372 1420 1441
151 1237 1692 1777
55 615 1363 1397
36 783 1503 1671
1196 1709 1778 1896
521 879 1227 1434
574 616 690 870
1038 1117 1146 1457
650 1005 1375 1454
960 1326 1769 1875
1259 1698 1855 1876
680 1241 1495 1885
1363 1927 1929 1932
302 971 1704 1784
379 1218 1268 1330
1823 1899 1905 1908
203 1364 1512 1619
693 1223 1296 1362
715 1202 1266 1724
354 1860 1875 1877
105 1447 1488 1881
1016 1419 1564 1631
649 1361 1365 1604
863 1266 1508 1580
770 946 1372 1793
753 1729 1918 1918
548 829 1111 1779
365 1731 1811 1858
159 855 1320 1321
779 1094 1315 1634
104 457 514 949
882 902 909 1155
1052 1303 1484 1623
1107 1636 1735 1851
793 883 1260 1621
153 1142 1406 1556
849 1478 1663 1807
1148 1887 1895 1916
229 1482 1581 1705
674 706 810 1331
702 1836 1863 1923
1196 1711 1723 1920
46 1436 1553 1726
728 816 1036 1897
160 1777 1837 1876
1095 1611 1655 1817
99 485 1535 1633
1083 1219 1337 1788
130 1773 1898 1916
1177 1258 1310 1713
1518 1576 1596 1813
274 1515 1643 1705
1050 1721 1864 1930
712 1247 1376 1658
119 841 1559 1830
152 340 1564 1794
442 857 1330 1886
305 1914 1922 1929
1300 1922 1926 1932
880 1693 1725 1917
1386 1698 1786 1787
725 1768 1784 1845
810 937 1283 1671
333 1630 1698 1860
594 1155 1328 1745
861 1124 1247 1491
195 1225 1371 1491
231 1882 1891 1901
446 1203 1239 1869
474 1014 1653 1847
1144 1857 1921 1935
1177 1729 1904 1920
312 447 1145 1934
226 1626 1684 1768
271 1803 1859 1891
211 451 1145 1447
248 440 807 1754
390 1875 1879 1922
1603 1825 1899 1903
331 998 1077 1788
1010 1609 1643 1912
7 10 281 442
38 1141 1176 1231
638 1355 1845 1878
1085 1929 1933 1936
1576 1838 1897 1910
667 913 1500 1545
914 1755 1833 1872
378 573 1336 1524
853 925 1498 1571
428 1640 1764 1804
108 1584 1878 1910
559 902 1364 1861
14 674 759 1668
16 841 844 1242
299 1312 1327 1881
460 842 1007 1254
736 1525 1784 1899
1772 1877 1883 1928
716 783 900 908
255 1133 1678 1781
170 1743 1774 1780
466 1207 1643 1702
519 1234 1621 1904
190 1458 1529 1814
1814 1868 1914 1921
881 1420 1648 1804
168 1420 1579 1915
30 461 1440 1919
886 1084 1279 1287
1051 1704 1713 1766
163 711 1501 1557
594 1038 1436 1927
387 1397 1680 1710
775 1634 1879 1918
394 1799 1801 1857
1397 1630 1807 1834
328 1432 1861 1915
1323 1710 1831 1866
1178 1466 1495 1625
334 362 578 1617
1493 1550 1738 1933
1083 1676 1709 1712
466 1291 1354 1583
494 1392 1822 1829
112 1459 1580 1919
384 1172 1264 1326
790 1077 1309 1345
448 1251 1739 1860
224 1248 1413 1700
723 1643 1781 1920
949 1086 1137 1297
520 966 1212 1286
1174 1430 1509 1879
155 1371 1572 1737
450 1381 1440 1765
888 1584 1724 1880
1065 1573 1776 1901
200 841 849 915
578 795 991 1619
288 1020 1177 1732
301 344 697 792
313 1587 1809 1869
878 1887 1904 1933
1875 1890 1923 1933
1251 1402 1458 1707
21 1460 1512 1884
138 820 831 1052
864 1820 1836 1930
771 947 1196 1819
814 1352 1353 1599
408 1898 1905 1912
204 1915 1925 1931
591 1660 1707 1719
565 833 876 1929
799 1707 1738 1817
348 1923 1927 1932
1620 1790 1917 1934
1625 1776 1834 1870
667 1375 1478 1729
663 1662 1750 1932
1013 1126 1156 1485
799 1779 1879 1883
1493 1602 1764 1867
240 684 922 1176
350 886 1696 1842
1011 1842 1876 1878
381 817 961 1554
199 1070 1093 1539
1511 1529 1628 1774
356 1081 1275 1653
274 527 1344 1693
115 203 586 1296
828 1448 1486 1739
134 1850 1886 1928
69 333 613 1677
858 1558 1751 1848
638 1309 1504 1570
569 1871 1925 1927
413 894 1088 1410
815 1336 1705 1872
118 484 551 740
296 845 1134 1894
694 906 1724 1899
32 707 1587 1852
152 1467 1571 1781
10 415 715 1278
59 359 1631 1857
210 1935 1936 1936
439 1829 1928 1931
879 1260 1447 1905
975 1475 1528 1876
786 1690 1708 1709
1475 1932 1934 1934
483 1283 1536 1636
303 1617 1727 1778
170 1146 1272 1283
879 1436 1495 1695
476 652 1802 1837
702 1554 1691 1898
1248 1557 1671 1679
746 1728 1803 1895
463 1412 1804 1930
293 1188 1335 1392
368 671 748 863
465 1634 1686 1869
1105 1225 1729 1736
637 1573 1621 1865
518 1783 1862 1891
22 1055 1396 1788
1311 1684 1871 1885
1413 1488 1702 1739
709 1922 1933 1936
766 1516 1702 1907
638 851 1378 1564
320 843 1555 1865
222 595 774 1821
589 1854 1892 1928
760 1861 1863 1911
466 830 1196 1678
148 1182 1264 1882
314 1064 1216 1336
200 1447 1488 1717
413 1495 1886 1918
569 1603 1897 1904
1246 1916 1923 1929
893 1206 1493 1493
1356 1656 1786 1893
722 1343 1501 1896
395 1085 1637 1685
1106 1527 1718 1815
87 854 1022 1320
149 1728 1741 1788
1276 1637 1645 1897
128 1301 1828 1842
206 1716 1755 1828
1599 1771 1801 1928
225 281 728 1527
1454 1824 1907 1934
133 867 1300 1636
1 1808 1908 1924
163 560 597 1125
724 1402 1858 1898
549 1638 1689 1742
1429 1505 1541 1869
707 1094 1233 1705
741 1369 1513 1882
764 1915 1923 1925
915 1904 1914 1919
638 1921 1923 1926
286 1375 1500 1755
749 1223 1457 1589
236 1124 1290 1869
353 479 537 1358
758 1470 1552 1856
326 1670 1697 1780
704 896 1281 1388
181 1588 1633 1659
1009 1011 1293 1367
84 191 762 1351
669 1541 1597 1761
962 995 1584 1667
1154 1511 1557 1672
804 912 1462 1635
1056 1167 1656 1721
177 1788 1825 1906
1018 1350 1465 1544
704 922 1039 1639
433 798 1339 1700
431 1176 1456 1721
685 1835 1855 1902
1214 1517 1525 1820
549 669 881 1363
1133 1310 1437 1799
1490 1750 1756 1837
228 396 1314 1512
765 1716 1760 1865
407 1165 1489 1611
227 386 660 1591
315 1505 1529 1879
4 1683 1720 1740
276 534 868 1039
148 1154 1655 1737
58 257 352 1109
472 759 929 1119
191 1671 1802 1927
972 1069 1840 1858
92 1305 1546 1773
237 1509 1596 1726
63 1898 1904 1925
57 70 154 256
1005 1411 1617 1895
1612 1842 1925 1935
1201 1330 1474 1858
322 817 1400 1743
1601 1634 1715 1847
737 1230 1564 1852
165 1013 1710 1786
318 1769 1776 1855
305 1667 1870 1932
1607 1758 1760 1936
69 543 585 618
1095 1505 1507 1893
973 1211 1305 1841
760 948 1080 1173
1101 1797 1802 1819
1493 1496 1860 1921
200 475 1485 1833
79 880 1006 1061
1358 1909 1926 1935
245 1201 1481 1798
548 928 1390 1552
322 1741 1857 1895
1561 1563 1592 1746
638 1237 1453 1557
1400 1841 1857 1865
1613 1898 1919 1924
171 1925 1926 1935
138 1636 1692 1814
1000 1846 1912 1928
183 1386 1444 1682
1678 1737 1809 1854
14 1582 1599 1746
1347 1431 1603 1889
706 1059 1348 1849
691 1133 1323 1715
1132 1672 1753 1891
1083 1734 1750 1868
1246 1900 1912 1915
50 194 281 975
819 1093 1715 1874
1077 1514 1759 1830
176 785 890 1769
695 1065 1345 1483
352 441 575 1012
1695 1834 1874 1905
452 1867 1889 1909
528 675 1706 1860
470 1310 1694 1801
390 1678 1865 1923
464 1546 1640 1907
1309 1822 1888 1902
1270 1536 1701 1891
1211 1400 1496 1658
337 476 1320 1553
674 987 1478 1627
745 1121 1408 1827
1658 1841 1847 1933
517 1168 1544 1682
1219 1899 1907 1925
1856 1862 1904 1933
18 1684 1778 1872
1126 1691 1760 1821
1252 1336 1790 1801
11 448 481 1710
298 1065 1368 1835
515 1376 1559 1841
1697 1865 1874 1893
197 563 1383 1566
180 381 434 543
100 546 555 1128
458 1596 1643 1871
686 1038 1355 1861
724 829 1268 1769
68 1437 1522 1669
28 795 1349 1362
743 852 1060 1123
24 1716 1769 1804
502 1150 1527 1858
89 1286 1299 1780
844 1807 1843 1874
1541 1816 1854 1898
309 1522 1524 1743
496 1702 1705 1895
995 1684 1906 1919
562 1165 1226 1795
735 1135 1350 1685
51 178 1509 1572
185 200 1432 1569
1111 1358 1454 1631
738 1507 1548 1750
7 1358 1414 1545
720 1478 1655 1847
478 1352 1490 1758
898 1419 1421 1755
322 1447 1879 1884
598 1652 1829 1882
335 1677 1782 1933
329 949 1198 1433
809 1759 1807 1840
914 1239 1276 1932
252 1806 1827 1902
348 1213 1516 1889
486 1366 1450 1615
962 1487 1795 1864
1223 1879 1895 1920
7 674 1615 1635
701 1483 1672 1722
744 1548 1723 1900
138 307 873 999
875 1051 1083 1783
628 1061 1082 1598
1147 1189 1284 1860
807 1059 1122 1922
880 913 1002 1482
1091 1664 1702 1742
430 1164 1465 1593
731 1717 1727 1784
220 620 824 935
508 940 1275 1799
185 992 1142 1362
1037 1310 1745 1840
1468 1870 1909 1918
128 836 1111 1483
30 180 726 1317
755 934 1366 1840
1594 1903 1915 1932
252 683 1091 1868
1239 1709 1762 1850
753 1735 1759 1803
61 1093 1192 1655
1596 1599 1822 1831
665 1651 1761 1777
29 1571 1619 1656
278 1478 1710 1918
304 622 979 1122
1340 1730 1778 1801
315 1129 1485 1775
267 1429 1514 1883
1073 1527 1605 1806
1695 1815 1879 1912
771 1339 1412 1802
354 1138 1444 1525
1121 1126 1236 1288
1072 1817 1846 1855
103 1591 1650 1848
1023 1453 1703 1725
669 1853 1874 1924
380 764 1049 1100
335 1423 1828 1841
998 1443 1445 1626
1362 1663 1709 1895
654 732 1315 1791
51 823 1319 1587
321 1023 1483 1694
434 1639 1649 1868
242 1115 1524 1591
1061 1260 1667 1815
1412 1492 1831 1934
267 498 586 660
1273 1704 1821 1893
581 747 1137 1899
615 1147 1415 1781
468 857 1050 1329
1709 1873 1881 1904
1403 1848 1873 1879
794 1407 1700 1930
463 847 1216 1375
764 1384 1552 1915
521 558 883 1364
781 1779 1908 1911
482 1716 1807 1840
252 599 951 1383
1740 1934 1935 1936
644 785 1424 1606
474 944 1621 1666
599 1292 1458 1862
1269 1503 1561 1628
319 1645 1807 1912
1690 1866 1890 1894
967 1308 1599 1906
1267 1898 1906 1920
413 662 798 1070
1405 1476 1612 1868
876 1386 1388 1822
1099 1456 1595 1882
1067 1800 1807 1845
1492 1786 1857 1877
128 1087 1325 1571
1730 1881 1908 1919
1127 1330 1374 1584
863 1243 1252 1611
899 1145 1781 1870
42 464 923 1640
644 1530 1691 1851
383 1615 1702 1761
1036 1638 1657 1695
1575 1581 1622 1900
1261 1649 1814 1905
656 1706 1745 1784
465 819 1408 1547
442 1239 1348 1931
319 1164 1228 1252
618 1502 1692 1788
245 359 420 1299
1512 1909 1915 1921
259 980 1008 1780
134 1382 1556 1617
471 1395 1644 1709
1721 1863 1879 1908
457 1477 1546 1618
1557 1902 1916 1927
115 1693 1735 1930
76 83 557 795
486 1396 1485 1641
712 1673 1737 1850
1376 1932 1935 1936
674 1672 1870 1877
697 1066 1251 1700
893 1608 1717 1781
238 389 855 1563
1486 1520 1749 1790
63 489 1549 1550
955 1797 1802 1831
4 1209 1299 1918
374 950 1000 1390
786 832 953 1421
759 1869 1881 1884
716 1059 1384 1712
146 1452 1795 1877
990 1203 1380 1685
310 1190 1460 1842
755 835 942 1133
396 1930 1933 1933
717 1596 1602 1848
891 954 1010 1793
519 1371 1681 1786
1665 1882 1894 1896
529 571 1355 1531
497 616 1138 1418
92 595 1664 1760
859 1497 1641 1779
626 1053 1497 1527
1500 1823 1872 1898
718 877 1678 1791
484 1167 1281 1331
274 904 1097 1875
1211 1437 1872 1911
249 287 1231 1397
243 1200 1491 1781
1112 1256 1604 1894
377 558 589 1738
559 670 1091 1494
543 1315 1387 1878
749 1794 1825 1861
678 1234 1304 1653
494 1677 1850 1915
1270 1850 1863 1913
264 1898 1919 1934
1302 1477 1676 1686
1474 1775 1843 1877
270 1620 1759 1880
291 714 1296 1757
720 1524 1726 1893
1076 1862 1870 1904
1248 1590 1675 1855
733 1715 1854 1875
1349 1884 1907 1924
193 791 1065 1388
669 1109 1142 1201
847 1184 1609 1901
1059 1070 1245 1372
412 1931 1934 1936
53 1358 1495 1541
1148 1423 1527 1785
509 1902 1928 1929
947 1048 1050 1666
659 1169 1632 1657
68 230 421 496
1000 1339 1803 1884
597 920 1193 1792
598 793 857 1192
19 327 836 1082
706 1348 1790 1848
1239 1460 1800 1927
331 1204 1399 1624
153 320 1291 1916
279 1497 1685 1781
1065 1841 1845 1879
1151 1706 1765 1911
1491 1688 1769 1899
778 1336 1565 1685
1421 1530 1619 1677
838 902 1170 1244
924 948 1145 1389
1152 1521 1580 1713
780 1863 1888 1894
788 1597 1789 1803
964 1369 1911 1914
307 1372 1493 1831
1081 1152 1478 1779
219 1365 1575 1629
580 618 1667 1766
124 1742 1774 1817
1283 1321 1593 1933
5 841 1585 1771
555 1353 1670 1898
212 525 784 1613
1097 1293 1476 1913
523 903 1370 1554
510 1651 1730 1909
165 758 1019 1476
294 807 1071 1916
1757 1897 1909 1912
1336 1451 1637 1930
179 972 1522 1710
953 1866 1898 1923
160 824 1151 1817
84 874 1225 1414
814 1441 1592 1610
983 1240 1260 1834
797 1769 1877 1934
648 1090 1130 1708
387 1230 1301 1725
37 604 1379 1749
1040 1765 1785 1800
481 1726 1866 1872
353 1632 1761 1779
1253 1650 1717 1743
1609 1926 1932 1933
723 1166 1247 1912
589 1237 1506 1662
89 1236 1304 1400
611 895 1384 1670
1029 1338 1467 1497
797 1332 1359 1379
637 1688 1695 1856
274 1550 1571 1631
1030 1591 1635 1879
623 1566 1616 1691
257 1723 1823 1875
492 1300 1667 1911
416 1489 1672 1772
184 1430 1629 1639
1619 1649 1753 1831
125 908 935 1604
1057 1155 1367 1415
244 1857 1866 1927
851 1684 1861 1921
118 1191 1758 1801
492 632 863 1819
503 681 1227 1299
210 644 1220 1271
534 1494 1633 1785
143 615 936 1340
504 576 801 1008
836 1444 1550 1635
6 1271 1338 1529
8 22 349 677
776 947 1087 1429
1344 1815 1816 1840
923 1228 1275 1846
31 97 861 888
14 1019 1043 1576
1088 1604 1701 1747
107 396 1043 1275
530 1488 1866 1909
803 1196 1224 1931
653 1423 1491 1701
320 1539 1543 1558
1495 1700 1715 1808
476 999 1657 1886
615 1397 1580 1843
846 1498 1773 1915
311 1126 1714 1780
189 1287 1523 1773
1101 1383 1563 1927
961 1003 1231 1466
32 1364 1492 1788
834 1365 1520 1607
1435 1605 1661 1727
418 1200 1606 1639
203 1736 1767 1878
1880 1911 1918 1931
217 384 1758 1925
792 1681 1697 1823
108 183 1162 1607
1103 1880 1886 1922
955 1444 1680 1718
1459 1908 1911 1926
1053 1749 1862 1918
308 413 1131 1933
285 671 1193 1218
1034 1342 1450 1582
85 895 1254 1559
895 1300 1381 1911
1359 1645 1669 1788
481 1755 1837 1878
142 337 1008 1477
936 1749 1827 1862
424 1187 1248 1920
1006 1492 1645 1765
145 882 1432 1590
1452 1456 1469 1842
618 1468 1537 1797
615 1672 1834 1906
462 1798 1836 1837
65 756 1032 1215
763 1353 1527 1638
192 1463 1502 1693
919 1063 1222 1453
83 1929 1934 1934
1057 1731 1752 1782
554 1548 1552 1818
440 1853 1903 1915
648 795 1728 1774
135 819 932 1228
847 1048 1119 1223
791 1068 1129 1360
1127 1157 1858 1859
188 347 971 1734
524 1260 1368 1835
626 1707 1710 1802
658 1112 1655 1820
801 1457 1676 1933
1348 1796 1869 1893
8 411 772 1210
1487 1609 1830 1891
420 1584 1610 1911
542 687 757 1689
656 1856 1861 1922
978 1206 1834 1928
836 1185 1221 1899
471 1919 1935 1935
476 1438 1563 1710
904 1918 1919 1935
419 1901 1905 1908
1553 1598 1892 1896
351 1234 1445 1653
43 400 1120 1872
1683 1787 1925 1930
113 1187 1273 1350
308 507 1035 1451
120 999 1595 1669
242 1761 1777 1856
60 236 729 1376
181 1094 1441 1703
1033 1131 1704 1802
1431 1781 1839 1850
470 613 1239 1604
130 1807 1862 1927
464 1473 1781 1813
159 800 1498 1647
149 320 1338 1612
537 959 1859 1864
1833 1920 1930 1932
994 1541 1887 1915
1491 1738 1805 1909
682 1751 1862 1928
911 1026 1117 1229
1489 1797 1851 1884
496 1884 1923 1930
531 868 1827 1860
402 883 1472 1729
1110 1174 1534 1626
415 1608 1714 1903
103 1785 1787 1906
646 1216 1537 1838
1259 1390 1391 1653
453 1495 1551 1684
783 1062 1438 1862
626 988 1024 1313
253 1147 1353 1895
724 1870 1879 1928
1006 1319 1370 1770
1281 1285 1637 1860
46 847 902 1257
170 263 587 1875
103 1234 1521 1647
1008 1232 1322 1365
701 1816 1826 1860
74 1053 1113 1207
2 1500 1592 1848
1127 1444 1486 1700
772 1652 1738 1907
1407 1819 1854 1905
1311 1537 1673 1701
802 1376 1589 1857
808 968 1464 1723
656 1909 1919 1929
409 1292 1445 1650
292 633 706 1320
913 1046 1096 1151
838 927 1486 1517
377 1598 1661 1877
610 748 1237 1320
1314 1690 1753 1836
268 1837 1863 1888
116 1236 1485 1789
343 1572 1758 1904
525 1545 1686 1710
832 1366 1588 1866
162 1719 1812 1910
96 1082 1705 1842
1351 1928 1934 1934
82 955 1195 1567
312 1183 1615 1763
492 1309 1316 1386
68 795 877 1833
1546 1862 1888 1910
1166 1364 1386 1611
315 1598 1651 1743
1313 1643 1686 1753
2 924 1079 1207
1275 1616 1695 1758
794 824 1097 1189
1195 1845 1854 1858
1223 1338 1844 1904
1263 1526 1734 1811
472 799 820 1935
521 1820 1841 1872
82 1098 1296 1932
539 1176 1426 1585
109 1203 1373 1453
351 618 1085 1092
1614 1740 1823 1893
397 810 1051 1523
791 1513 1531 1771
1501 1511 1565 1624
911 1500 1702 1768
426 1490 1568 1784
192 1670 1726 1741
793 1021 1058 1890
662 1053 1070 1308
91 1896 1898 1919
299 1635 1686 1757
229 229 887 1229
150 261 1095 1271
969 1407 1594 1898
113 148 951 1398
808 895 972 1241
629 1806 1833 1870
1435 1781 1925 1932
202 1732 1813 1867
694 1909 1921 1921
1193 1325 1691 1791
559 1280 1320 1805
699 1644 1670 1797
351 1041 1400 1427
820 1935 1936 1936
316 1626 1671 1743
287 1219 1393 1532
418 585 1091 1651
710 1706 1746 1880
569 1284 1354 1798
208 975 1439 1637
783 1429 1520 1724
2 781 901 1769
5 148 593 1818
673 1141 1200 1672
41 260 1097 1204
566 1326 1568 1930
984 1706 1718 1798
506 1034 1583 1820
422 921 1376 1533
665 1001 1143 1679
1020 1020 1263 1510
482 586 1177 1894
98 550 722 1355
474 1476 1680 1750
797 1023 1583 1927
120 349 424 1166
154 1472 1627 1712
837 1668 1741 1919
730 1497 1501 1711
1354 1454 1677 1811
387 1677 1755 1872
671 1721 1741 1868
425 515 881 1780
11 1491 1818 1852
10 789 1055 1883
1238 1816 1912 1915
378 1210 1655 1917
1251 1351 1650 1726
20 851 1171 1877
755 1148 1529 1632
967 1934 1935 1936
204 1139 1611 1871
155 453 585 976
264 1780 1879 1923
969 1073 1631 1909
1371 1921 1928 1933
409 1396 1703 1766
803 1616 1629 1632
1287 1397 1546 1611
1187 1492 1585 1873
151 343 453 1266
329 1880 1889 1936
473 1862 1879 1927
232 812 1036 1653
974 1910 1924 1930
948 1732 1837 1889
710 1025 1205 1551
1226 1531 1753 1831
1057 1721 1802 1928
754 1655 1743 1918
361 439 995 1302
447 517 1443 1812
409 1300 1391 1395
316 1333 1711 1727
1398 1790 1855 1932
415 602 755 1479
481 667 836 1777
533 587 990 1922
834 1288 1407 1468
1069 1135 1322 1766
1256 1583 1773 1779
254 314 865 1210
1103 1165 1654 1720
1473 1726 1878 1917
852 912 1308 1733
96 1881 1924 1925
612 1037 1063 1466
791 910 1167 1649
623 1259 1386 1403
1606 1758 1835 1854
744 748 828 1183
597 1623 1636 1703
43 581 1335 1374
315 1013 1695 1824
1892 1922 1927 1936
529 723 1117 1710
908 1538 1688 1906
809 1515 1713 1735
494 584 1124 1390
1303 1840 1858 1926
1044 1896 1902 1920
604 1016 1229 1764
598 1775 1856 1869
819 833 1133 1603
846 1796 1854 1900
5 1370 1461 1702
183 1301 1350 1534
1048 1170 1206 1372
1191 1499 1839 1852
1126 1204 1445 1750
1018 1888 1904 1904
75 921 1245 1259
951 1485 1528 1779
1066 1179 1243 1714
902 1331 1367 1935
774 1124 1765 1803
160 1524 1613 1725
610 1334 1534 1815
121 1481 1542 1713
431 1859 1907 1917
87 497 1635 1894
141 494 985 1611
607 1377 1422 1741
284 1379 1475 1620
1230 1447 1632 1838
211 1539 1799 1900
100 1317 1466 1835
658 1061 1377 1875
182 1559 1565 1890
1454 1516 1567 1632
1483 1508 1669 1900
449 1506 1631 1665
527 567 689 1662
1450 1755 1910 1911
1309 1642 1677 1808
1156 1747 1818 1887
566 1145 1646 1915
136 1874 1894 1934
1344 1655 1741 1894
104 1527 1581 1756
1190 1617 1703 1919
870 1709 1787 1923
725 1168 1481 1652
259 888 940 1830
1488 1629 1746 1915
873 1713 1790 1855
454 1066 1522 1872
467 1528 1838 1871
401 1785 1816 1889
317 1758 1809 1879
934 982 1270 1598
1135 1287 1582 1797
597 1176 1490 1919
973 1140 1421 1818
679 764 1201 1493
818 1739 1831 1896
1183 1623 1702 1919
456 866 1788 1911
780 1761 1774 1775
321 703 865 1382
1440 1678 1685 1842
862 911 1282 1759
67 183 676 1759
713 1861 1893 1918
710 919 991 1585
127 1344 1529 1809
300 897 1512 1890
419 1278 1479 1842
28 1244 1443 1501
50 1717 1736 1802
125 544 623 1560
757 1890 1903 1904
1128 1344 1416 1650
608 1837 1850 1892
135 1426 1718 1786
338 408 886 1646
167 1172 1564 1623
726 746 783 1725
797 1675 1738 1792
821 949 1194 1784
89 1583 1765 1836
823 988 1197 1679
1064 1165 1606 1683
112 1027 1488 1757
842 1632 1731 1789
859 1075 1575 1648
74 559 1132 1484
1026 1607 1810 1832
1077 1472 1476 1787
1705 1924 1930 1933
379 1896 1905 1915
521 1713 1775 1832
570 1301 1612 1882
80 1621 1659 1904
444 508 728 1511
811 1076 1687 1742
538 1621 1774 1863
975 1167 1324 1661
669 1847 1926 1928
1345 1718 1786 1797
483 737 1273 1808
1172 1377 1387 1417
248 1228 1493 1500
834 1363 1449 1821
518 1880 1896 1897
322 737 1171 1718
211 1886 1895 1907
54 295 505 1449
94 1642 1787 1847
290 1386 1542 1653
1351 1652 1673 1824
22 880 976 1307
683 816 1133 1666
544 1475 1550 1783
85 247 415 1455
775 1060 1440 1447
249 437 582 1510
682 1428 1772 1919
539 1277 1580 1927
468 1354 1749 1772
922 1628 1804 1878
320 686 864 1638
864 1343 1371 1610
154 1565 1613 1720
538 955 1181 1758
1314 1585 1687 1858
275 1568 1719 1934
470 695 798 1362
132 378 460 516
37 411 1671 1798
65 398 571 600
1484 1916 1927 1930
563 1442 1509 1764
239 1254 1666 1776
1127 1471 1734 1756
400 486 690 1728
1015 1797 1902 1902
1089 1442 1540 1691
316 1538 1702 1774
675 1418 1501 1922
330 1646 1762 1895
555 689 1286 1451
1030 1798 1885 1920
484 1244 1731 1777
1068 1662 1706 1914
1160 1814 1852 1889
1491 1798 1856 1914
677 902 1138 1352
458 1070 1392 1516
1132 1455 1582 1763
504 1289 1505 1897
319 1511 1701 1856
276 909 1082 1433
751 1619 1625 1804
202 1538 1590 1627
366 1569 1665 1804
88 1276 1305 1766
913 1049 1729 1853
1074 1542 1849 1899
370 534 953 1602
62 217 266 450
35 1100 1849 1888
113 488 1082 1097
779 1555 1682 1701
1348 1881 1913 1915
22 1789 1819 1888
253 1566 1633 1675
800 1416 1529 1912
446 1399 1714 1725
1174 1225 1239 1881
290 1681 1697 1826
1608 1665 1895 1898
1254 1516 1683 1753
1014 1054 1445 1718
31 1726 1754 1758
574 1396 1657 1766
356 619 1661 1689
1235 1570 1749 1811
1305 1446 1563 1619
360 1069 1110 1589
848 1236 1437 1602
395 1001 1369 1891
365 429 653 857
301 991 1216 1233
50 617 626 1260
1100 1565 1574 1577
937 1332 1379 1570
747 1131 1157 1677
29 1880 1884 1934
512 1048 1326 1463
106 479 889 1078
959 1362 1540 1595
838 1220 1301 1343
196 778 987 1557
243 341 423 1415
588 1020 1592 1827
261 1219 1505 1554
427 1291 1888 1923
396 647 945 1669
1495 1692 1772 1804
564 1482 1777 1934
237 1328 1388 1605
466 1614 1701 1797
813 1810 1883 1901
1473 1891 1910 1913
1268 1863 1899 1911
627 1285 1541 1866
1140 1935 1936 1936
1248 1880 1903 1925
916 1339 1626 1668
1136 1658 1741 1907
1571 1622 1649 1758
428 1018 1618 1785
1683 1760 1855 1933
109 1019 1208 1860
418 536 927 1849
195 1674 1733 1815
276 605 1009 1287
923 929 1089 1681
1637 1928 1929 1936
98 771 1027 1159
204 541 609 1662
756 981 1106 1621
104 1095 1146 1585
404 1866 1905 1913
1365 1521 1548 1686
1037 1269 1489 1602
273 451 1197 1347
731 1307 1323 1539
629 889 1298 1830
1579 1638 1779 1832
254 732 1050 1451
198 1053 1600 1712
949 1041 1347 1809
95 1816 1872 1936
8 130 1184 1653
646 1481 1822 1885
767 1633 1858 1867
216 945 1275 1314
1005 1885 1901 1925
816 1789 1809 1859
433 1349 1413 1505
1442 1801 1831 1852
1399 1438 1495 1824
447 616 1290 1386
40 904 1788 1834
401 1172 1459 1930
1424 1696 1723 1916
261 1218 1333 1726
614 1038 1104 1275
209 736 855 1905
567 1144 1313 1376
837 1418 1748 1760
866 1648 1699 1700
9 1805 1898 1921
650 937 1556 1870
959 1250 1321 1348
1588 1842 1888 1932
1406 1544 1627 1922
1594 1658 1803 1924
412 1912 1920 1930
355 730 744 1214
539 1069 1271 1532
1058 1334 1715 1851
668 1728 1741 1868
924 1842 1873 1924
405 435 624 1018
667 1740 1819 1894
1343 1646 1673 1836
1200 1729 1815 1833
327 328 707 1420
774 1842 1847 1889
703 1146 1337 1822
7 1651 1684 1777
389 1745 1778 1854
410 1826 1831 1851
686 1796 1802 1847
8 730 1445 1900
1430 1900 1915 1934
1747 1883 1897 1936
520 740 1329 1781
666 826 1285 1921
8 235 1291 1650
627 1755 1802 1851
521 1184 1305 1412
166 1356 1915 1928
664 1474 1556 1713
1049 1447 1657 1936
1114 1608 1748 1894
997 1639 1681 1784
129 1127 1402 1597
672 786 966 1369
1177 1429 1765 1853
793 1240 1759 1851
382 496 568 1669
344 1833 1885 1886
1452 1690 1888 1910
1307 1567 1570 1658
553 1618 1820 1909
127 1841 1844 1861
702 1457 1586 1724
1278 1582 1709 1856
1557 1578 1632 1664
252 1172 1313 1353
131 905 1085 1760
1604 1666 1866 1929
270 707 801 1641
1282 1789 1812 1829
389 784 799 1821
657 1047 1121 1309
962 1204 1489 1813
1089 1716 1804 1875
913 1652 1818 1855
586 614 807 1168
480 1125 1444 1721
192 312 371 1748
670 738 1380 1578
611 764 1109 1268
773 1611 1800 1870
960 1335 1665 1903
889 1760 1917 1935
531 1521 1736 1922
974 1235 1647 1669
1634 1842 1849 1865
13 1885 1902 1908
19 497 1435 1628
830 1803 1806 1905
844 1826 1858 1874
292 1451 1851 1894
327 1929 1934 1934
1714 1846 1927 1935
1167 1247 1394 1469
1500 1512 1564 1568
289 1328 1451 1778
1578 1836 1881 1905
70 979 1152 1465
1127 1926 1935 1936
1421 1550 1621 1756
1057 1503 1521 1680
579 963 1058 1815
61 1151 1538 1764
524 980 1463 1663
98 132 453 596
1376 1585 1589 1765
33 245 613 1468
451 757 826 1796
67 589 989 1378
730 1791 1862 1907
388 1240 1332 1546
124 1895 1905 1909
983 1933 1935 1935
172 1877 1882 1926
294 693 730 977
64 1897 1905 1926
634 1864 1923 1925
1269 1709 1747 1833
735 1416 1505 1733
106 279 878 1877
1406 1613 1667 1673
76 1314 1542 1858
351 1064 1483 1815
775 1177 1427 1632
139 1347 1700 1760
494 1585 1788 1878
1513 1902 1911 1922
51 1713 1727 1766
1311 1512 1650 1666
113 1307 1815 1862
221 1058 1440 1909
386 1902 1907 1916
234 288 750 1387
545 973 1160 1211
197 1650 1672 1730
814 1008 1044 1149
557 1918 1933 1934
249 1820 1853 1911
494 1044 1125 1745
447 1065 1183 1848
321 448 597 827
822 1888 1909 1936
584 1083 1331 1933
1360 1624 1714 1888
98 132 966 1724
307 566 666 1363
1438 1440 1664 1702
808 1216 1733 1928
749 1429 1473 1648
935 1142 1679 1797
251 1438 1521 1542
385 1751 1770 1891
473 995 1468 1803
517 817 986 1839
898 1035 1370 1495
319 1130 1151 1639
262 1690 1829 1929
836 1671 1891 1911
206 415 916 1584
171 576 708 1159
331 524 1114 1287
1207 1372 1520 1532
135 491 795 1602
418 1395 1462 1890
229 464 619 879
645 1533 1569 1720
815 1042 1088 1527
109 1562 1649 1783
54 1874 1891 1915
883 1677 1763 1804
266 849 1681 1689
669 1092 1093 1845
56 857 881 1929
1066 1540 1837 1872
632 1044 1075 1685
406 941 990 1336
846 1309 1625 1857
165 1645 1910 1912
774 1465 1477 1535
505 1117 1124 1529
257 829 914 1791
46 397 1683 1874
1308 1572 1781 1798
183 735 963 1192
257 1586 1677 1701
792 998 1232 1658
56 140 591 1776
725 919 1094 1826
1327 1802 1813 1850
1845 1892 1907 1910
1129 1532 1769 1848
476 1739 1783 1930
723 1526 1703 1780
458 855 1250 1863
266 930 1020 1707
294 1847 1908 1910
165 1329 1508 1883
1013 1539 1648 1683
1346 1453 1511 1903
46 1767 1810 1855
19 1001 1324 1343
460 512 1097 1491
1124 1332 1757 1792
18 1107 1443 1803
754 981 1036 1130
1183 1792 1795 1909
536 1546 1600 1919
1005 1005 1159 1491
652 1541 1550 1917
642 1461 1787 1919
159 1081 1678 1816
236 754 1684 1693
1162 1619 1762 1910
165 1829 1880 1931
1389 1933 1935 1936
618 786 1337 1737
37 158 226 276
52 342 729 1822
1106 1863 1893 1909
959 1680 1816 1879
71 1206 1836 1902
916 953 1550 1795
843 1908 1909 1917
817 1876 1888 1898
40 1192 1283 1517
170 1609 1736 1891
1432 1921 1930 1932
1609 1909 1910 1917
511 1183 1351 1576
433 572 613 1046
772 1891 1893 1895
229 918 1212 1558
966 1661 1744 1887
1179 1276 1756 1871
1571 1812 1813 1878
1441 1461 1554 1905
479 1660 1901 1936
329 1266 1566 1922
548 910 1182 1866
919 936 1348 1838
191 1198 1255 1577
682 1159 1280 1742
915 1706 1768 1863
211 1573 1816 1917
95 564 1389 1424
1289 1829 1881 1902
87 713 1371 1602
1217 1305 1307 1763
229 672 1072 1075
589 1147 1423 1929
383 495 815 1305
1000 1395 1468 1897
1814 1822 1848 1919
1311 1337 1478 1561
706 1510 1707 1928
94 838 1089 1352
454 685 1034 1341
767 1202 1471 1584
64 696 995 1865
127 1314 1339 1656
703 1824 1875 1921
137 853 880 1812
600 871 1651 1803
1416 1580 1592 1917
457 1577 1746 1799
1318 1812 1832 1845
248 265 1077 1335
220 593 1639 1874
43 611 1506 1549
479 1057 1141 1482
1092 1142 1370 1590
486 832 965 1728
546 1086 1542 1786
22 279 566 1799
204 918 1287 1766
212 1284 1494 1836
301 441 450 1547
384 1510 1525 1537
1080 1392 1777 1866
219 810 1312 1342
244 266 936 1009
522 1416 1459 1821
116 1241 1404 1480
1002 1021 1236 1584
765 823 883 1073
1003 1762 1916 1924
1073 1624 1729 1750
826 869 1196 1784
700 1287 1291 1707
289 465 1063 1534
1724 1904 1908 1921
1306 1402 1450 1539
232 405 928 948
437 1413 1451 1874
697 1055 1182 1362
23 328 554 1594
1450 1480 1689 1808
645 1757 1840 1883
9 1263 1430 1493
23 1143 1278 1899
414 1258 1272 1433
836 862 1018 1564
145 1832 1835 1881
918 1640 1745 1754
191 661 669 1492
591 1066 1294 1848
115 1267 1801 1806
1235 1878 1890 1936
518 1007 1866 1911
1325 1653 1658 1936
1010 1659 1802 1807
867 997 1457 1819
962 1887 1893 1917
131 561 861 1152
257 528 1678 1816
118 711 834 1381
1417 1839 1882 1923
686 750 878 976
481 1458 1495 1714
398 574 1208 1680
129 1209 1658 1771
356 1351 1416 1811
701 1687 1883 1897
576 896 1656 1718
41 1546 1726 1732
1284 1561 1588 1752
228 1397 1539 1869
210 604 1127 1377
294 1324 1341 1838
309 1641 1651 1814
1519 1728 1764 1870
971 1260 1353 1507
1217 1614 1850 1857
1337 1909 1922 1934
186 1716 1936 1936
326 1500 1832 1880
177 870 1322 1399
1003 1651 1817 1902
1605 1710 1847 1848
6 1028 1304 1791
380 1142 1600 1861
787 1471 1491 1771
1185 1874 1900 1932
388 1895 1904 1922
1342 1454 1667 1768
193 1485 1809 1836
1630 1655 1696 1737
527 1541 1625 1878
1240 1599 1602 1775
106 517 1317 1890
219 1289 1742 1880
543 1475 1816 1850
976 1349 1386 1447
864 977 1181 1925
1654 1801 1866 1908
615 785 1657 1750
1223 1641 1667 1921
9 187 626 1456
531 774 1461 1685
1330 1666 1679 1921
1349 1728 1827 1849
1226 1256 1702 1913
769 1912 1913 1929
843 1923 1930 1931
598 1793 1800 1860
337 362 629 1720
61 1248 1422 1819
340 724 746 944
1199 1927 1931 1933
1494 1904 1920 1921
535 1160 1295 1493
119 266 290 551
670 811 1488 1672
1204 1639 1722 1729
404 1065 1118 1305
290 987 1091 1226
58 1532 1711 1731
1630 1744 1821 1894
130 1782 1819 1901
1109 1689 1851 1926
177 493 617 1405
1026 1219 1673 1716
1187 1790 1867 1903
719 1146 1423 1686
704 1820 1838 1884
833 1774 1843 1914
166 1926 1931 1936
665 895 1007 1112
1276 1913 1930 1933
21 621 1305 1490
813 1142 1747 1764
1576 1738 1749 1816
129 610 669 718
332 1397 1472 1754
302 880 1424 1622
230 1901 1903 1907
147 812 1072 1198
857 1928 1931 1935
247 1860 1919 1925
297 1085 1659 1900
336 1433 1520 1750
1024 1649 1746 1901
825 1847 1906 1917
340 828 1172 1235
1025 1105 1493 1533
1581 1909 1913 1925
435 1867 1896 1931
45 1315 1367 1684
1276 1515 1537 1652
970 1721 1777 1909
886 1559 1696 1897
438 1351 1414 1614
525 1550 1653 1880
253 391 879 1054
200 1535 1587 1740
516 1666 1723 1825
418 1838 1885 1925
499 1606 1788 1836
247 746 1254 1312
525 666 1344 1879
730 861 1344 1545
1511 1898 1928 1933
1031 1927 1934 1936
1047 1494 1695 1880
1223 1914 1918 1923
202 247 1287 1388
468 1210 1218 1352
1069 1702 1901 1906
48 465 874 1245
1523 1715 1730 1805
597 737 987 1055
1068 1601 1669 1734
1386 1811 1845 1866
282 1851 1878 1917
1207 1473 1528 1712
1733 1772 1784 1812
161 689 854 1326
146 339 1042 1775
710 1857 1904 1913
44 1415 1449 1510
642 1266 1459 1799
1306 1698 1707 1903
692 1310 1562 1818
17 172 1644 1888
1125 1499 1626 1901
539 1825 1922 1930
526 1017 1358 1599
959 1853 1888 1927
121 940 1724 1798
50 308 358 945
1218 1790 1853 1900
1892 1925 1928 1929
1606 1762 1829 1843
383 1611 1719 1784
179 1830 1865 1895
654 1821 1845 1854
1592 1890 1915 1929
1077 1133 1478 1718
813 1215 1508 1810
259 663 998 1417
439 1021 1245 1370
920 961 1342 1439
212 1898 1906 1918
61 319 348 591
807 1520 1716 1930
142 903 1019 1219
239 1154 1313 1713
645 1638 1751 1753
77 373 510 613
1073 1436 1747 1750
520 1106 1638 1671
441 1180 1274 1730
231 1689 1735 1777
599 1148 1478 1771
1257 1870 1887 1924
225 811 1202 1918
536 1146 1269 1515
41 824 1317 1732
1117 1844 1892 1909
990 1841 1850 1891
142 936 1334 1661
558 989 1362 1724
1731 1788 1794 1878
58 556 1081 1219
493 1213 1543 1661
1011 1921 1931 1933
456 986 1737 1774
1461 1768 1775 1828
218 903 1669 1869
561 653 1135 1538
1045 1537 1538 1902
100 816 1114 1500
121 1058 1117 1408
1190 1384 1697 1872
71 1379 1750 1833
96 1385 1396 1411
552 957 1075 1362
957 1841 1877 1935
1554 1663 1804 1872
289 870 1283 1660
279 1686 1704 1909
283 1570 1576 1791
241 922 978 1159
1151 1831 1918 1927
211 775 828 1195
295 1658 1875 1922
814 1280 1574 1887
667 961 1087 1392
937 1067 1270 1826
1222 1734 1778 1900
1027 1881 1882 1907
43 1134 1140 1553
773 1715 1787 1829
934 1323 1426 1777
900 1590 1800 1932
395 1859 1897 1917
49 420 642 1036
399 729 1019 1892
53 773 909 1660
1121 1841 1902 1933
220 1525 1725 1821
1328 1638 1678 1849
1407 1540 1548 1742
1335 1869 1904 1922
575 873 1008 1565
1075 1877 1915 1921
118 1255 1322 1554
143 1042 1200 1850
382 1208 1579 1921
612 1044 1509 1852
633 1324 1383 1760
888 1301 1414 1557
426 1016 1517 1708
879 1730 1827 1915
405 792 1168 1473
805 843 883 1186
1242 1806 1831 1876
925 1563 1576 1717
1405 1694 1765 1870
1091 1650 1765 1881
884 939 1674 1848
417 1284 1311 1475
529 1061 1129 1796
773 1495 1593 1599
1632 1652 1729 1761
707 977 1156 1499
481 1739 1815 1860
1404 1703 1741 1750
1234 1685 1711 1805
150 1014 1323 1418
1179 1231 1496 1779
308 551 602 1752
76 1897 1922 1925
8 108 783 1177
1428 1460 1645 1722
795 1695 1835 1836
723 1240 1575 1673
796 1807 1827 1898
280 1255 1392 1484
660 1355 1424 1807
474 575 1596 1722
132 1657 1690 1867
566 1622 1663 1878
135 455 656 1007
1543 1620 1804 1872
483 1616 1668 1779
459 460 582 1562
1644 1722 1903 1936
366 867 1091 1177
749 972 998 1298
1526 1582 1590 1877
1846 1888 1922 1934
1831 1858 1888 1914
301 452 799 1728
106 162 1000 1671
455 771 1668 1897
1216 1917 1925 1934
897 1031 1237 1867
677 1030 1256 1405
438 1174 1820 1862
110 435 1351 1515
515 1112 1178 1864
1139 1367 1479 1650
108 1439 1501 1743
746 1056 1475 1910
729 1633 1760 1879
280 700 907 1765
1756 1767 1838 1903
655 1113 1169 1208
681 1925 1931 1933
842 1377 1672 1905
1117 1217 1394 1571
542 1708 1712 1761
143 1767 1802 1874
812 1785 1791 1914
1150 1312 1534 1592
202 336 1248 1731
469 1522 1661 1869
710 1277 1411 1594
958 1318 1538 1670
449 1843 1903 1911
234 638 1178 1780
950 1793 1818 1892
737 1237 1350 1748
197 318 645 927
1394 1606 1780 1800
874 1009 1389 1931
927 950 1122 1202
19 1783 1800 1924
1024 1025 1575 1706
654 1284 1400 1813
536 1517 1609 1656
95 1876 1888 1900
946 1155 1293 1462
429 570 1921 1932
186 732 796 1533
848 1434 1650 1845
5 922 1400 1642
1761 1850 1853 1865
1019 1731 1738 1899
1258 1768 1871 1881
31 1520 1821 1927
741 1650 1656 1752
1017 1659 1706 1855
425 1023 1052 1157
17 1791 1832 1835
842 1908 1911 1925
184 1322 1452 1462
316 1679 1805 1824
555 1160 1317 1729
149 393 797 1723
64 309 489 1725
70 1157 1256 1657
762 1390 1783 1849
225 273 1076 1116
38 532 1044 1585
129 1855 1863 1871
848 1598 1869 1877
135 369 597 651
398 1926 1935 1935
933 1569 1724 1724
443 1592 1689 1753
1014 1676 1856 1910
320 1167 1653 1736
121 1258 1332 1823
1057 1829 1839 1883
18 1824 1828 1906
1326 1473 1653 1862
855 1457 1833 1860
81 1465 1536 1587
57 1816 1844 1905
673 861 1294 1389
299 1266 1488 1879
389 957 1153 1613
1771 1804 1897 1910
1547 1682 1816 1935
276 1298 1705 1806
704 1084 1407 1880
828 1747 1766 1799
533 1415 1564 1775
331 707 808 1314
510 709 1452 1575
325 1682 1815 1889
645 1572 1670 1701
573 1822 1922 1924
623 1809 1901 1903
909 997 1668 1699
599 1720 1893 1904
989 1901 1917 1922
459 1181 1509 1936
359 1271 1520 1644
1262 1533 1689 1693
69 278 1016 1025
194 1343 1808 1833
902 1667 1685 1797
239 1122 1673 1891
286 585 636 1684
1260 1675 1828 1866
377 1180 1218 1694
383 1906 1913 1931
815 1069 1368 1805
713 1252 1302 1839
178 1677 1765 1791
1414 1715 1793 1858
119 1155 1410 1481
299 536 904 1684
766 1457 1851 1919
600 939 1274 1646
359 1644 1731 1791
492 1690 1815 1822
333 1576 1829 1847
741 1334 1778 1892
478 728 1360 1364
295 316 1341 1673
1449 1475 1766 1902
135 384 538 1859
365 1237 1528 1749
389 932 988 1640
1501 1573 1770 1857
205 483 1311 1464
693 995 1546 1778
1107 1902 1915 1921
526 1706 1773 1789
314 1165 1202 1580
266 818 856 867
103 1437 1480 1539
780 1454 1733 1931
1582 1665 1755 1851
1445 1665 1669 1934
335 1045 1081 1503
1295 1925 1929 1932
1177 1186 1306 1523
345 1753 1853 1912
367 934 1142 1385
586 1162 1607 1662
1340 1502 1613 1834
1226 1317 1411 1419
626 1576 1672 1804
555 1299 1333 1605
762 1796 1807 1814
592 1876 1883 1920
562 1369 1614 1733
627 1599 1653 1698
545 1277 1325 1648
214 744 1055 1260
287 1522 1534 1655
198 1428 1530 1573
154 1216 1449 1689
149 1579 1606 1633
393 1465 1582 1835
1406 1638 1728 1806
719 754 1126 1638
1206 1778 1854 1885
228 1055 1401 1846
114 451 531 1714
1060 1933 1934 1936
1017 1180 1360 1630
162 813 894 1368
20 164 564 1576
464 1024 1585 1742
74 1883 1908 1930
31 1761 1786 1902
1146 1903 1924 1926
805 1689 1734 1855
1070 1592 1673 1712
137 1234 1245 1469
56 1346 1381 1863
42 1689 1841 1896
1622 1776 1784 1806
730 1704 1752 1890
459 1744 1774 1864
567 682 974 1060
358 1323 1515 1544
629 1609 1620 1834
29 749 1012 1902
768 1114 1214 1553
321 1877 1917 1920
215 1469 1552 1686
1000 1812 1822 1853
440 1103 1310 1443
982 1620 1709 1734
157 1529 1676 1800
74 546 996 1165
816 1541 1578 1887
389 1653 1685 1864
1324 1704 1879 1881
945 1781 1798 1892
1100 1115 1282 1783
35 471 1091 1171
592 1472 1571 1919
106 1738 1753 1870
374 1415 1557 1884
168 779 942 1865
503 932 1188 1793
248 567 1524 1853
558 896 1559 1752
991 1164 1361 1482
404 1611 1842 1859
179 1900 1914 1934
1372 1379 1640 1920
249 1333 1382 1831
188 594 1167 1596
109 159 648 1075
134 803 1458 1545
97 624 1678 1733
643 1069 1129 1238
926 1295 1474 1776
286 878 936 1652
363 1531 1575 1740
1578 1764 1844 1907
960 1254 1430 1501
77 774 1171 1511
683 1874 1884 1892
8 1792 1890 1923
1327 1890 1897 1936
879 1160 1591 1714
1286 1847 1861 1868
267 1015 1181 1930
1530 1587 1745 1815
1025 1466 1886 1919
878 1702 1841 1897
1195 1497 1736 1873
346 1608 1609 1774
643 1380 1619 1910
564 1200 1243 1503
40 1544 1745 1801
155 1273 1278 1561
171 639 746 1804
1535 1649 1820 1898
184 1567 1631 1751
1720 1802 1847 1901
559 1168 1190 1395
167 1269 1435 1619
126 929 1883 1912
1493 1907 1933 1934
401 915 1120 1165
379 404 452 1561
1107 1537 1897 1935
536 1106 1392 1596
251 1119 1370 1868
564 752 825 857
521 1259 1334 1808
101 877 1117 1762
1095 1892 1905 1927
337 1366 1724 1920
503 1894 1905 1910
1182 1377 1437 1788
1064 1635 1672 1850
1047 1349 1386 1781
20 1723 1857 1902
1039 1719 1850 1873
363 412 1531 1666
194 1342 1374 1426
901 1883 1886 1933
1123 1524 1691 1885
1201 1864 1871 1918
336 635 1270 1283
278 1265 1753 1824
200 329 336 673
14 637 1264 1376
700 1656 1735 1866
119 1612 1747 1792
996 1234 1403 1503
1099 1168 1194 1511
412 1281 1528 1673
1270 1817 1830 1911
246 1602 1657 1743
664 1526 1871 1903
1020 1276 1445 1467
767 1171 1649 1769
299 1680 1733 1787
973 1475 1748 1765
928 1612 1636 1758
996 1224 1321 1900
1325 1572 1748 1785
136 435 681 1731
1061 1381 1570 1830
1308 1513 1699 1893
302 317 343 1408
699 1160 1885 1899
1864 1934 1935 1936
170 1857 1905 1921
1202 1542 1793 1911
60 648 655 690
24 426 601 675
241 1718 1752 1760
1590 1931 1935 1936
34 1935 1936 1936
872 1432 1717 1810
980 1632 1643 1679
817 1553 1696 1936
1126 1209 1570 1888
1186 1637 1670 1903
1066 1443 1487 1675
545 1782 1790 1797
1512 1728 1773 1824
775 1831 1839 1935
891 1024 1273 1363
1079 1590 1689 1766
1001 1460 1532 1714
101 1121 1196 1581
483 1376 1639 1738
88 608 708 1056
258 1286 1363 1685
1556 1921 1926 1931
237 1723 1792 1934
465 1570 1729 1891
509 515 633 1434
148 592 827 1913
1439 1814 1837 1861
1183 1297 1389 1541
1190 1281 1494 1556
1118 1744 1763 1872
519 1704 1862 1892
380 876 1591 1821
1165 1689 1695 1903
508 943 1271 1688
1605 1819 1896 1915
1613 1714 1779 1891
1035 1760 1850 1895
1385 1725 1729 1835
129 264 882 1427
1735 1743 1755 1926
541 1510 1708 1744
215 1548 1799 1833
337 1294 1821 1882
1790 1845 1863 1879
665 719 748 1226
194 812 1071 1830
929 1029 1056 1135
1348 1505 1547 1866
262 1901 1903 1912
37 1039 1132 1855
46 1711 1884 1896
1232 1833 1837 1900
374 1612 1807 1935
536 1018 1173 1642
816 1422 1492 1840
929 1245 1418 1682
1167 1669 1726 1752
1102 1198 1611 1897
69 252 734 789
687 1174 1654 1836
557 949 1435 1467
1017 1657 1663 1712
651 658 818 1804
318 390 1610 1880
750 1082 1554 1699
1419 1659 1665 1732
305 354 1414 1532
718 1317 1405 1667
874 1369 1533 1723
838 1483 1684 1722
1107 1370 1390 1796
10 1157 1171 1628
350 1017 1546 1914
534 1575 1581 1717
122 823 1513 1556
1048 1595 1680 1760
436 882 1248 1929
1165 1861 1874 1886
190 1562 1710 1895
1014 1533 1769 1840
495 970 1248 1454
236 651 790 945
107 893 967 1708
546 1275 1642 1849
260 1009 1547 1703
205 761 1178 1599
901 1321 1445 1853
768 1814 1829 1884
210 592 1343 1692
571 656 1361 1680
893 1663 1849 1861
727 1622 1647 1855
1410 1606 1850 1917
415 997 1199 1450
187 761 1216 1704
509 1724 1752 1911
989 1624 1706 1843
468 1169 1344 1527
826 874 1335 1434
464 599 982 1070
786 916 1163 1178
60 1869 1874 1908
1863 1871 1898 1920
177 1472 1482 1893
355 586 1166 1476
784 995 1044 1134
189 467 625 1732
222 403 838 1040
743 1755 1815 1866
50 253 581 936
137 543 1393 1702
94 946 1704 1776
266 469 523 705
415 1457 1557 1627
571 778 918 1143
570 1852 1920 1936
991 1558 1649 1888
740 1190 1405 1665
1174 1679 1689 1915
285 1663 1814 1819
340 1777 1903 1936
321 1898 1909 1927
218 366 1413 1437
151 1531 1628 1879
1106 1542 1622 1649
31 1445 1474 1838
406 896 1143 1801
7 896 951 1861
260 1801 1845 1848
495 696 1077 1842
688 1461 1512 1861
1216 1633 1686 1778
1042 1347 1393 1800
710 1274 1285 1815
538 1791 1809 1881
418 1926 1928 1933
1197 1265 1710 1820
14 720 908 1171
315 779 838 1567
265 1106 1571 1582
411 1860 1908 1922
1014 1684 1693 1895
219 1559 1799 1827
395 1343 1346 1609
849 1867 1883 1913
378 954 1165 1595
263 774 1748 1838
323 776 1685 1694
985 1009 1105 1405
594 623 656 1740
1207 1367 1485 1736
305 1240 1285 1669
557 948 1441 1564
613 1605 1842 1872
1671 1726 1879 1928
1019 1733 1758 1767
700 1557 1703 1731
1519 1645 1691 1693
470 630 1130 1513
137 1241 1427 1555
839 1501 1609 1792
369 453 878 1151
951 1191 1577 1816
151 1681 1791 1921
563 719 1405 1877
714 1747 1882 1884
1666 1912 1918 1926
384 1376 1509 1672
580 1658 1818 1836
657 1041 1266 1661
1467 1869 1886 1899
22 1934 1936 1936
753 1489 1554 1733
89 1194 1886 1909
1307 1734 1785 1824
1147 1769 1831 1905
498 1832 1848 1884
396 1931 1932 1934
362 1766 1874 1930
840 1464 1544 1679
987 1255 1605 1814
193 921 1129 1546
965 1332 1657 1844
987 1197 1330 1569
884 1188 1799 1822
1258 1578 1691 1710
893 1717 1844 1878
1221 1389 1579 1922
292 604 1028 1424
477 1836 1879 1919
1432 1504 1554 1793
290 1443 1800 1928
197 1818 1869 1872
316 1889 1901 1927
383 581 632 1715
276 1330 1902 1920
784 988 1327 1505
267 885 1046 1898
430 1005 1230 1539
1111 1213 1526 1681
414 1304 1685 1780
203 1057 1391 1936
601 889 1513 1520
52 856 1065 1607
199 707 943 1263
4 83 855 1229
1229 1249 1442 1734
177 957 1032 1302
1640 1819 1825 1875
657 1374 1424 1908
1002 1810 1836 1887
1906 1917 1923 1926
1543 1932 1933 1933
269 1200 1478 1720
31 1603 1644 1659
359 1919 1920 1926
193 1222 1595 1878
1005 1735 1828 1844
1054 1666 1845 1864
609 654 957 1274
1448 1904 1905 1925
105 804 1745 1878
951 1174 1543 1831
1556 1647 1648 1667
852 1128 1221 1568
461 1553 1565 1565
1246 1709 1740 1790
955 1352 1492 1581
530 1771 1881 1921
768 768 1672 1880
657 1544 1556 1613
1169 1606 1772 1772
519 1066 1722 1806
1107 1767 1835 1933
1340 1885 1898 1898
433 1886 1905 1921
1263 1343 1610 1839
840 1045 1503 1812
183 968 1615 1672
233 1303 1882 1927
1101 1466 1563 1646
426 761 959 1248
1098 1402 1621 1633
1002 1555 1722 1816
1138 1732 1759 1800
849 1173 1183 1439
76 1844 1893 1935
173 1876 1883 1889
700 969 1154 1923
672 1675 1844 1877
149 1451 1484 1524
342 368 515 1383
1330 1829 1844 1899
772 1361 1496 1824
625 1762 1784 1811
161 1108 1215 1557
532 1154 1633 1694
1074 1362 1593 1928
934 1095 1352 1895
9 1919 1923 1925
1014 1380 1820 1900
598 1532 1558 1760
532 1162 1703 1724
365 1493 1567 1647
403 1451 1736 1902
91 1674 1756 1799
944 1782 1817 1919
86 464 1047 1214
1604 1694 1858 1930
150 1231 1501 1583
952 1715 1815 1879
1348 1797 1804 1809
631 1868 1873 1900
197 574 580 915
991 1299 1328 1699
296 1076 1550 1909
84 848 1045 1717
1771 1900 1913 1918
185 733 1088 1649
822 961 1000 1111
424 458 784 862
1725 1772 1836 1882
1054 1512 1522 1584
1104 1663 1736 1831
186 1842 1853 1933
14 435 1477 1757
617 1849 1921 1933
318 1523 1762 1819
477 971 1714 1934
468 847 879 1759
1256 1434 1506 1751
786 1106 1257 1838
1244 1430 1626 1763
891 1328 1649 1829
800 844 1365 1803
388 598 829 1760
1353 1787 1870 1911
2 1202 1493 1790
244 1463 1557 1706
234 1467 1716 1879
24 1701 1856 1865
675 1352 1802 1877
179 1484 1711 1916
1288 1609 1750 1864
400 1827 1900 1918
814 1217 1603 1731
637 673 1242 1472
813 1701 1822 1835
312 494 831 1513
643 1014 1545 1591
907 1256 1668 1698
187 231 831 922
598 1028 1407 1509
876 1853 1918 1922
570 1579 1591 1901
1300 1621 1811 1823
432 906 1106 1761
474 1321 1846 1907
1458 1920 1927 1935
32 993 1361 1682
23 438 733 749
164 300 1013 1884
351 576 692 1145
1081 1138 1165 1485
1248 1597 1617 1642
807 1281 1550 1801
51 1023 1038 1321
3 1509 1702 1710
74 561 959 1554
339 1709 1781 1837
965 1645 1740 1825
102 528 1275 1763
751 1114 1468 1823
208 913 1154 1394
1617 1666 1793 1806
1596 1647 1706 1844
1555 1707 1714 1865
1274 1777 1866 1870
41 607 747 895
107 829 1367 1475
32 586 1664 1776
981 1709 1780 1933
1666 1897 1911 1920
52 543 1212 1913
387 1878 1879 1902
422 1304 1556 1697
546 655 1081 1370
1789 1830 1853 1919
56 1306 1560 1804
112 278 476 712
1672 1869 1916 1919
791 1433 1562 1569
571 1400 1444 1570
156 808 1567 1675
1321 1628 1777 1815
56 758 956 1281
107 611 640 1115
454 711 981 1106
717 1081 1189 1385
179 193 1057 1255
706 978 1281 1394
700 1676 1702 1926
820 973 1024 1684
218 1394 1482 1840
704 1649 1696 1783
914 925 1290 1683
1728 1863 1907 1928
226 1473 1748 1923
856 1496 1614 1739
513 1168 1305 1675
1581 1707 1743 1905
1418 1876 1922 1936
1098 1336 1647 1753
1095 1693 1832 1841
200 1818 1885 1898
1479 1509 1563 1781
1204 1860 1924 1926
593 1340 1405 1913
68 1149 1678 1843
1437 1790 1867 1919
543 963 1624 1731
1446 1766 1886 1915
56 612 1006 1738
542 1407 1425 1485
1638 1902 1917 1936
726 1526 1707 1901
1325 1721 1878 1920
1138 1770 1818 1860
740 1799 1815 1872
124 1593 1690 1901
380 1411 1451 1483
1757 1933 1934 1936
814 1487 1506 1762
178 673 945 1094
66 700 801 967
151 1095 1610 1783
139 888 1426 1617
413 1253 1393 1854
780 956 1464 1926
660 717 1246 1534
566 921 1156 1684
211 842 1096 1215
1440 1626 1712 1934
711 743 793 1322
916 1867 1881 1913
114 1464 1851 1885
863 1091 1428 1646
610 1846 1860 1871
540 1648 1816 1857
1172 1807 1898 1917
669 1156 1467 1694
579 632 1034 1743
728 1397 1605 1854
1486 1801 1835 1926
574 1866 1916 1935
138 1872 1885 1928
30 1636 1863 1894
479 1536 1761 1893
878 1006 1166 1563
105 753 1064 1091
986 996 1010 1366
157 1399 1434 1802
791 1722 1730 1927
255 1838 1843 1860
93 1235 1593 1837
1872 1902 1924 1926
191 560 1792 1932
887 1538 1684 1710
1110 1675 1761 1836
593 1362 1557 1889
440 1735 1853 1919
932 1698 1717 1793
1365 1586 1632 1713
1521 1745 1908 1908
51 1825 1827 1846
1537 1683 1750 1786
43 1093 1715 1894
136 334 773 1666
729 822 953 1114
425 1425 1741 1826
339 1708 1795 1804
816 1276 1543 1872
58 1665 1765 1822
108 706 981 1728
220 858 931 1019
183 1439 1480 1586
211 335 515 709
875 1210 1427 1882
433 1064 1253 1538
912 1084 1156 1825
162 692 1053 1423
716 1338 1446 1703
443 1310 1441 1928
781 1463 1533 1623
809 851 1748 1895
1324 1759 1795 1853
882 1284 1665 1714
7 603 782 1399
188 1840 1885 1898
1359 1585 1643 1858
1063 1186 1374 1639
844 1306 1686 1746
792 1291 1409 1523
816 1044 1162 1916
210 1759 1785 1836
757 855 1059 1605
169 370 702 1653
97 612 1047 1597
566 600 1574 1594
319 498 666 711
1214 1586 1830 1931
1371 1877 1880 1931
394 1489 1698 1792
208 945 1186 1279
619 739 1109 1112
1171 1412 1431 1930
55 558 934 1479
468 985 1585 1623
1024 1592 1639 1917
361 1435 1734 1874
826 1230 1393 1695
1040 1692 1773 1790
695 1688 1857 1871
212 954 1666 1776
1012 1354 1540 1746
345 1498 1587 1920
267 1928 1929 1931
1499 1612 1712 1858
271 897 1359 1889
85 113 221 1429
51 482 510 1150
791 1528 1537 1758
891 1226 1572 1804
94 1274 1744 1864
37 994 1161 1451
523 936 1388 1559
591 894 899 1336
512 1050 1453 1493
203 1334 1691 1921
91 1265 1381 1661
77 1117 1321 1581
506 597 1368 1863
631 644 1178 1424
1795 1840 1855 1921
149 466 595 1222
771 1348 1395 1575
92 948 1073 1193
97 1877 1916 1919
794 1457 1672 1884
676 929 1404 1466
910 1667 1868 1882
1004 1719 1720 1756
207 969 1184 1670
1155 1314 1485 1495
1422 1904 1930 1934
971 1055 1187 1339
210 1910 1917 1932
1382 1922 1924 1927
39 111 1329 1846
522 1577 1878 1895
41 1398 1455 1458
695 1718 1883 1911
41 533 733 929
939 1753 1875 1927
613 1159 1698 1934
975 1199 1363 1539
134 625 828 1814
191 402 1167 1446
806 1933 1934 1934
770 1049 1106 1854
1522 1669 1801 1894
694 1892 1903 1926
1040 1193 1689 1780
1197 1705 1806 1850
38 105 1108 1356
654 1732 1835 1875
373 1797 1814 1922
434 784 820 1287
975 1586 1631 1646
170 249 504 1338
584 697 1247 1506
1248 1476 1577 1598
623 1039 1530 1692
1540 1547 1612 1878
554 1088 1816 1892
1339 1928 1935 1935
29 877 924 1050
479 1209 1258 1611
757 761 1667 1897
1244 1274 1566 1804
729 736 1342 1692
1221 1836 1844 1899
487 1428 1737 1848
373 445 1746 1784
1007 1553 1750 1778
787 1121 1415 1430
867 1297 1441 1584
265 894 1374 1896
677 1753 1869 1887
495 638 1289 1799
141 1296 1413 1690
319 1006 1503 1609
57 201 1537 1641
346 1820 1855 1859
820 1857 1902 1931
1566 1727 1728 1786
1599 1871 1895 1910
1703 1882 1917 1934
12 1318 1347 1802
113 1010 1341 1439
1175 1426 1445 1496
1107 1374 1443 1509
49 1740 1751 1790
58 1326 1432 1523
733 1222 1698 1757
193 291 662 1774
740 1357 1763 1798
162 466 797 1028
873 1600 1741 1797
22 1210 1528 1772
297 580 760 1329
119 1082 1453 1835
971 1312 1541 1876
510 1372 1497 1758
797 1391 1498 1895
142 466 1611 1651
379 1002 1024 1264
192 1211 1374 1760
1102 1565 1680 1915
847 1279 1634 1850
441 507 1195 1667
563 1830 1832 1914
1517 1586 1665 1758
60 531 627 772
118 1278 1593 1856
876 1076 1495 1501
941 973 1012 1195
828 1349 1534 1838
392 502 668 1019
839 1358 1757 1934
149 1498 1904 1904
184 1498 1563 1695
440 1822 1902 1906
242 1802 1877 1930
1046 1890 1892 1902
684 1028 1399 1444
826 1649 1726 1786
1050 1680 1807 1835
569 906 1010 1783
343 1055 1388 1402
587 664 996 1701
100 731 928 1073
126 1642 1703 1752
459 761 1480 1498
91 1273 1557 1911
1127 1496 1567 1608
276 490 529 1039
205 1392 1393 1879
322 1029 1335 1530
167 1122 1320 1727
1168 1641 1711 1905
331 1647 1654 1686
1060 1734 1846 1880
1203 1931 1934 1934
303 316 1565 1579
1029 1039 1523 1783
704 883 1404 1764
357 1082 1811 1923
932 1190 1387 1765
796 1309 1348 1710
85 1332 1681 1899
451 934 1013 1553
465 1798 1884 1916
673 1496 1592 1837
1405 1798 1816 1874
1084 1190 1282 1683
301 1128 1609 1752
915 1518 1743 1901
631 1733 1843 1867
1136 1681 1843 1865
63 80 1235 1377
335 719 947 1479
623 1465 1618 1755
716 1004 1288 1427
622 1862 1902 1923
734 1597 1867 1913
1028 1287 1315 1606
1277 1607 1809 1889
674 1043 1471 1675
148 808 1532 1928
365 576 1679 1792
140 1874 1909 1915
490 620 1216 1518
818 1710 1717 1752
714 1609 1891 1919
396 1720 1755 1769
1716 1730 1809 1832
114 968 1253 1438
1243 1366 1649 1933
374 885 949 1389
576 1887 1919 1935
147 1085 1606 1734
255 932 1380 1515
374 957 1249 1368
175 438 1619 1740
1008 1504 1605 1918
27 1695 1705 1758
285 492 500 1338
98 1001 1307 1509
82 1426 1548 1755
381 499 1415 1872
499 515 542 1688
334 413 779 938
1039 1263 1458 1655
62 578 871 1375
522 1602 1693 1785
102 1646 1816 1825
1542 1703 1782 1880
930 1316 1339 1394
827 975 1645 1909
317 712 1502 1580
342 932 1006 1923
186 1481 1538 1619
279 693 1385 1477
105 983 1144 1172
1035 1719 1904 1908
472 630 850 1704
1498 1877 1882 1915
760 1160 1437 1517
1094 1391 1725 1895
276 1078 1598 1837
1266 1541 1563 1648
821 1189 1287 1871
709 1704 1756 1822
1518 1684 1726 1871
768 1714 1762 1773
657 728 1045 1328
1234 1573 1638 1809
130 1224 1292 1878
1235 1484 1797 1831
571 642 1280 1481
645 1675 1841 1853
496 1640 1791 1872
79 547 851 882
707 1367 1423 1518
