1115 4693
468 650
12 309
1047 1078
613 625
221 706
253 729
209 1019
598 917
155 457
374 483
120 252
328 341
255 477
581 790
26 831
678 912
178 264
232 396
90 280
51 470
190 462
162 1049
655 963
273 719
571 743
130 621
518 725
553 553
956 1032
418 729
566 567
683 836
590 920
165 573
365 768
211 1047
246 445
317 346
443 532
197 847
217 770
409 441
545 1101
33 733
166 695
61 984
163 893
294 625
128 926
227 393
335 583
293 541
449 810
1011 1059
69 901
627 932
769 1048
279 993
787 799
254 754
755 791
128 636
339 937
369 903
712 985
275 663
364 592
522 1104
725 1105
118 487
112 728
266 963
323 698
274 719
157 210
235 461
63 604
762 1016
385 954
696 697
1062 1101
981 1047
122 884
594 753
562 841
355 532
423 851
169 564
339 987
197 277
172 554
558 1026
533 563
447 856
76 220
929 1075
787 1074
463 716
264 455
986 1014
98 498
171 398
239 346
116 485
720 721
257 396
310 776
201 319
156 1065
1015 1101
389 629
645 851
33 891
146 829
673 865
91 478
170 680
883 926
301 709
266 1076
467 782
228 549
125 737
407 769
313 969
68 587
185 568
174 897
271 914
387 832
53 693
411 839
209 363
333 692
406 831
495 580
182 646
744 1007
563 765
358 444
44 1021
9 385
13 832
121 882
600 1110
36 832
462 668
5 978
307 334
255 620
74 1026
544 997
37 1020
113 215
8 916
797 921
26 409
1019 1059
287 835
501 843
119 475
13 256
464 1069
32 906
102 640
124 442
168 447
9 1084
204 939
490 501
516 973
364 791
304 761
532 726
114 1037
55 664
125 1035
187 562
157 595
27 1006
727 872
523 567
326 790
128 897
79 101
431 577
214 1070
25 1084
1 1019
963 1025
157 809
62 942
161 746
273 318
369 616
592 994
712 1091
343 370
35 356
133 654
236 473
210 589
295 1042
354 1055
285 1065
616 882
28 240
69 952
679 787
614 704
634 929
755 1108
298 757
210 816
660 782
556 914
116 695
725 990
305 929
101 599
453 938
109 468
435 623
358 825
161 276
365 400
126 817
432 711
126 774
11 862
178 187
95 201
360 449
4 883
218 814
860 1097
104 1111
398 411
280 335
506 667
122 988
295 341
86 546
46 894
543 673
303 610
399 531
331 970
1063 1086
335 805
321 416
389 454
637 1058
509 959
226 385
846 982
409 794
148 569
402 784
962 999
311 829
439 1069
792 812
317 496
73 577
344 560
472 515
304 355
438 581
265 1015
937 939
273 879
623 745
499 555
162 175
306 855
287 991
409 1032
258 1039
264 350
350 457
457 810
1032 1101
235 868
686 777
117 259
637 740
553 786
423 870
496 595
379 1031
517 948
233 840
449 709
864 942
182 715
209 341
33 357
441 703
6 455
798 825
474 486
323 496
906 1050
938 1068
149 789
612 973
131 1066
556 611
398 542
39 1023
865 896
363 866
207 739
297 1075
561 795
102 829
187 582
26 679
188 220
595 863
566 1105
611 927
124 212
180 779
851 927
319 790
488 933
939 972
933 1114
122 912
811 1095
821 1019
175 244
120 1006
843 1092
151 545
958 1092
85 267
481 791
436 743
31 468
374 893
218 544
507 786
71 639
1001 1087
212 553
69 895
287 591
233 303
432 841
323 997
767 908
895 1008
582 742
75 167
124 176
262 689
276 508
809 890
461 973
14 1007
172 707
430 462
245 863
290 987
87 358
423 798
54 412
4 7
30 268
356 855
460 496
33 750
668 1050
269 345
449 466
401 720
359 389
728 831
226 785
165 343
654 952
640 738
117 775
92 686
546 905
495 724
160 866
162 1075
90 683
599 956
354 1074
80 1096
721 805
168 1025
790 1090
284 770
424 453
388 686
500 979
1007 1114
320 460
587 976
300 1093
212 559
402 558
78 1093
14 948
420 678
18 246
345 1003
410 801
183 264
186 1064
466 750
835 1087
76 1007
743 958
392 1077
318 558
668 851
588 914
808 1030
441 598
449 847
574 748
44 984
741 984
465 1023
480 807
611 716
23 780
248 395
219 480
380 848
12 261
32 929
694 1081
325 987
290 363
14 658
469 937
843 1029
270 713
748 1095
73 908
71 478
762 970
683 1033
874 877
311 928
796 931
40 641
476 1017
426 865
580 1003
514 891
284 433
235 262
102 1018
517 899
102 381
466 904
185 369
40 207
589 722
328 349
496 582
126 790
90 898
85 213
561 645
464 556
236 451
212 1111
18 534
850 950
180 263
492 652
469 525
94 490
129 354
560 564
49 265
115 1076
119 183
283 845
162 1042
469 670
290 649
517 1001
624 1094
556 807
89 836
13 112
427 456
223 307
244 842
606 1054
308 479
520 589
783 852
276 454
242 403
354 1076
434 898
635 1027
509 747
167 632
143 852
321 558
75 430
308 862
777 1019
610 817
7 898
839 848
338 1108
224 662
149 1006
2 705
188 1082
163 546
312 973
826 1101
721 1075
768 899
101 1102
438 932
48 875
569 956
101 996
727 923
210 773
423 858
156 972
525 669
748 873
357 743
401 987
711 858
114 438
698 972
535 961
157 585
20 1050
93 695
65 195
588 1088
562 572
460 1092
52 511
620 781
190 324
953 1033
458 644
344 499
3 353
46 590
215 490
797 1046
373 942
442 525
177 219
120 895
669 1006
462 976
754 1031
148 241
441 550
592 728
511 757
568 1018
314 712
146 1075
650 998
89 354
397 683
365 880
369 535
716 1100
107 529
646 945
656 782
1 101
439 729
669 740
631 743
349 629
430 944
190 344
776 1103
759 1074
114 977
43 283
565 728
149 347
123 148
193 439
1039 1070
344 525
380 474
1 729
310 645
59 276
180 594
250 1037
222 223
251 869
275 1081
484 618
937 951
244 533
505 532
594 833
132 837
315 964
175 463
672 780
204 573
319 497
48 483
922 1082
779 999
421 461
105 163
493 519
263 364
606 1110
898 966
68 1055
579 798
202 577
424 631
138 833
326 730
1034 1081
118 351
65 183
145 675
167 411
416 1054
355 627
218 667
481 942
33 463
140 318
595 643
205 212
94 207
366 857
435 970
489 795
119 119
268 705
223 289
343 574
245 848
383 582
427 533
72 219
400 425
308 595
425 634
348 699
51 800
633 845
552 655
432 714
9 314
114 504
968 1072
382 520
482 688
44 462
71 1096
35 458
71 728
38 585
33 1076
276 1030
401 1075
61 919
84 601
642 965
366 1095
82 250
122 659
655 804
793 837
505 1035
332 981
63 693
788 879
489 748
100 295
403 1068
470 1020
232 981
713 936
1034 1046
753 936
158 952
60 104
394 1107
291 309
150 704
212 255
263 1044
109 453
759 1010
444 1003
506 816
589 683
186 939
1065 1096
27 1016
752 886
152 329
559 856
831 985
20 1079
476 1032
204 488
399 705
301 1100
166 925
543 940
564 921
105 118
685 838
99 196
24 1054
418 773
293 848
342 886
470 1052
142 731
374 1014
84 264
327 790
669 1072
246 712
552 1043
544 687
31 281
44 465
2 872
167 900
44 836
92 865
453 997
85 626
441 533
675 690
385 708
64 235
793 918
38 470
127 327
633 1052
380 1000
126 1002
869 949
711 896
349 534
130 442
164 861
737 992
140 777
172 260
783 906
185 589
543 919
1030 1043
512 842
7 675
324 418
275 497
69 823
18 918
700 839
538 756
55 163
215 615
458 493
326 963
423 571
74 956
160 843
787 893
7 487
700 776
8 747
255 316
3 1069
1062 1079
251 344
651 678
827 989
54 667
105 547
102 738
27 253
307 536
135 162
131 310
548 775
411 1065
675 813
154 973
822 826
453 777
699 1102
138 593
554 1098
317 429
137 175
315 1028
587 909
485 1002
237 763
155 1112
371 680
843 969
22 690
76 707
241 986
523 544
881 1043
531 974
145 857
36 701
203 615
653 963
23 128
122 1035
508 1089
679 1067
344 719
986 1086
48 747
209 445
119 564
425 777
663 989
434 471
129 384
473 1058
378 514
245 784
85 372
829 1114
375 688
548 897
149 370
640 840
491 970
640 935
67 1073
127 329
14 245
696 997
500 1058
15 778
685 970
377 711
262 844
469 483
503 933
328 514
276 279
52 116
263 1083
163 711
294 627
354 596
511 730
301 996
867 878
64 329
489 822
23 305
426 783
61 765
752 762
144 1061
502 788
72 1046
472 655
570 837
361 966
44 73
108 584
187 1075
156 828
44 552
455 651
335 1070
42 884
166 485
358 506
200 957
781 888
172 1040
774 1094
296 381
991 997
398 1012
334 796
146 917
19 395
327 538
505 705
523 949
201 665
601 742
380 385
25 352
996 1095
183 549
510 514
463 810
676 840
352 396
507 864
41 489
692 728
901 984
761 932
351 972
121 563
109 581
424 648
87 1024
378 972
752 1047
525 583
74 349
212 991
24 59
204 647
436 531
253 1048
122 730
698 1115
146 508
465 974
671 771
250 716
297 386
417 1072
329 945
552 1023
761 886
184 545
20 369
103 876
449 782
905 948
465 1047
933 1101
212 304
125 700
51 574
401 539
890 1078
663 967
224 998
405 1044
276 1033
376 1057
539 577
227 575
569 788
529 603
604 976
801 935
708 957
216 552
428 804
134 860
109 753
926 949
1026 1028
458 738
1057 1113
395 487
484 625
142 565
104 761
89 304
237 248
225 1055
757 1015
497 1071
802 1016
634 796
447 741
157 696
198 618
483 908
142 856
161 648
662 854
654 1024
47 78
151 962
12 855
3 886
136 177
95 526
404 1018
293 636
350 906
836 942
27 790
145 1006
3 666
593 969
49 382
259 672
604 617
211 490
320 435
244 502
519 565
707 1026
701 1082
249 275
326 1099
269 744
85 582
116 271
980 1005
660 905
569 596
172 298
323 1107
230 301
54 81
941 949
297 914
658 741
301 879
190 676
111 803
215 223
190 418
133 1013
358 651
187 650
654 779
335 484
853 965
125 422
677 875
514 991
61 212
133 656
93 379
754 1075
475 724
925 983
175 373
105 499
51 713
376 490
86 141
421 862
375 701
183 685
249 1063
93 408
29 173
431 873
99 1053
98 757
862 1031
454 1006
597 701
131 620
303 865
218 240
250 1111
462 1107
950 1006
655 1009
515 670
17 229
120 727
463 568
184 630
543 1022
664 1023
556 629
583 807
712 1008
213 455
495 1033
793 1070
315 1053
605 950
151 365
253 1014
665 823
554 630
216 371
544 918
178 1097
178 395
724 812
192 582
152 901 976 1004
458 654 824 835
542 699 847 1036
864 980 1004 1037
710 1030 1054 1077
541 598 633 835
868 953 1001 1056
139 288 401 573
621 842 854 912
249 375 384 443
329 697 844 865
801 805 906 984
295 412 618 748
108 801 960 1058
208 369 532 1107
501 802 866 916
387 1074 1111 1115
267 439 442 999
709 720 784 1101
176 269 555 949
317 599 780 953
240 811 849 914
3 274 331 373
699 1090 1101 1104
620 963 977 1020
234 530 590 592
36 293 681 873
193 893 978 979
182 454 674 774
90 205 562 1038
242 1057 1098 1109
471 1057 1083 1101
428 724 802 963
396 755 887 994
285 990 996 1010
130 1055 1067 1089
748 797 811 913
336 1057 1083 1084
476 593 929 960
50 798 985 1007
927 1049 1100 1115
364 914 1012 1076
117 758 838 1072
211 247 479 729
192 974 1030 1050
530 841 858 979
303 974 1011 1051
423 586 687 1003
378 643 751 882
150 727 759 773
966 996 1039 1056
516 885 905 1048
323 999 1029 1110
258 371 626 706
545 721 844 999
264 491 573 1091
655 972 1059 1086
783 850 879 960
8 933 1000 1006
40 850 862 930
211 314 346 1069
98 222 372 462
20 418 492 1021
780 803 921 1081
339 992 1014 1037
350 556 654 999
482 912 938 966
3 1089 1092 1105
247 357 502 608
167 812 915 949
98 155 173 1017
306 866 1025 1047
336 360 829 1035
584 968 1021 1096
79 601 644 832
11 150 567 589
164 256 488 715
285 447 476 484
298 896 994 1089
228 741 965 1082
106 943 1024 1112
235 370 445 1062
171 270 338 473
122 207 381 817
732 899 1066 1104
196 670 707 722
630 1068 1090 1100
798 926 976 1101
99 353 436 445
254 385 399 668
375 407 948 986
974 1058 1065 1109
422 792 830 1017
367 815 834 1027
420 421 646 800
463 969 1003 1068
273 367 1023 1087
170 660 743 1049
324 882 1004 1007
382 555 590 745
74 521 565 884
18 959 1078 1115
1041 1103 1106 1112
387 680 987 1010
701 710 923 1002
665 1032 1098 1100
167 708 954 1113
613 668 894 993
768 1027 1063 1112
45 569 983 1090
948 986 994 1075
212 769 782 868
70 780 828 845
852 1093 1103 1108
740 1087 1088 1108
575 907 924 1022
177 398 732 794
179 416 682 1101
315 1107 1112 1113
201 246 622 718
452 903 916 920
36 736 869 1000
426 1101 1104 1111
666 785 838 903
363 1005 1052 1112
125 956 1006 1089
45 367 861 963
404 856 899 1022
760 887 958 1042
679 853 959 1066
900 993 1032 1050
644 1015 1063 1113
891 1088 1095 1104
853 900 969 1015
602 884 1005 1036
570 576 623 1052
550 946 989 1076
872 971 1030 1037
74 261 547 1033
504 1040 1075 1075
196 835 903 1058
67 613 716 785
547 816 871 944
146 313 575 1022
12 28 973 1035
369 885 1009 1063
291 940 980 1103
97 620 690 709
163 869 891 1026
594 1032 1050 1106
50 951 953 1008
254 961 1062 1109
293 581 707 1085
176 800 808 810
507 923 942 1059
415 634 958 1029
790 861 905 1044
170 805 925 1019
722 927 948 1010
147 891 1081 1106
221 654 730 757
348 577 786 1008
846 958 1094 1114
202 814 948 1037
106 273 541 770
32 207 653 904
271 451 551 680
393 770 840 1034
462 1066 1103 1114
224 655 664 887
295 561 893 1076
121 523 718 880
57 1052 1071 1105
157 394 489 957
648 986 1004 1080
616 669 822 1087
44 664 753 803
98 661 802 998
241 318 521 724
391 571 938 1091
906 1005 1021 1033
548 690 987 1095
405 728 768 840
35 795 836 1010
573 736 760 909
285 1088 1098 1113
87 920 962 1086
10 103 198 848
16 1081 1092 1106
382 768 928 954
876 908 922 1000
346 779 970 1031
381 429 981 1054
513 1009 1030 1086
596 1079 1094 1101
973 1002 1056 1081
7 246 466 832
797 900 906 1088
427 785 796 1110
601 1037 1063 1087
346 633 801 1018
475 802 901 957
204 308 870 939
289 1008 1032 1078
448 776 1046 1065
92 286 538 575
513 671 836 1057
840 988 1005 1071
143 323 988 1062
302 1071 1104 1106
371 571 622 954
113 395 956 1044
673 682 866 1113
862 862 916 996
609 910 919 1069
22 929 1104 1107
67 951 1033 1108
131 566 1032 1063
24 197 258 384
99 440 449 987
236 543 789 941
63 786 915 969
161 547 648 834
270 940 989 1104
407 686 845 1047
418 494 725 1100
606 958 995 1109
182 1005 1029 1036
262 526 875 1063
311 721 821 1090
698 1074 1082 1083
70 236 518 757
346 550 929 1063
169 723 799 1067
425 609 675 899
710 864 940 1022
259 631 962 1088
852 951 995 1081
276 542 627 671
497 708 949 958
146 976 980 1000
368 378 438 526
444 625 912 1030
48 807 889 917
294 322 428 682
508 838 843 1032
378 569 613 807
620 1091 1093 1111
179 574 664 710
786 891 914 1033
660 694 900 1103
67 391 441 801
483 769 939 1064
434 928 1007 1019
359 1064 1070 1101
255 684 751 994
61 420 1011 1100
521 980 1068 1103
160 613 765 896
435 527 751 912
542 700 701 734
389 697 1015 1053
150 309 934 1031
103 943 968 1007
712 1059 1097 1110
336 515 956 1078
198 747 830 979
35 593 701 976
64 522 860 934
70 716 1016 1020
105 405 993 1074
177 312 352 758
429 584 837 1108
607 856 940 1041
33 1070 1084 1110
315 332 879 994
179 1070 1078 1106
391 1033 1076 1107
278 997 1045 1073
316 689 1011 1056
223 719 857 1081
568 1046 1078 1091
390 403 702 732
207 653 743 847
897 1036 1043 1071
1000 1082 1094 1106
573 635 763 956
650 1095 1099 1109
411 813 863 940
18 743 842 1076
100 577 760 945
362 921 932 1021
630 754 921 1070
598 1113 1114 1114
382 1003 1004 1094
1095 1111 1112 1112
690 891 1042 1113
250 874 911 1084
143 276 736 1078
668 865 977 1041
160 374 607 900
450 595 835 995
977 999 1027 1069
875 1080 1086 1096
161 1040 1058 1082
217 667 694 712
667 696 957 1110
96 300 348 752
382 561 841 883
607 799 936 1033
580 824 1055 1077
47 1089 1114 1115
746 1005 1045 1103
12 604 723 1076
125 341 538 638
768 827 847 861
878 1078 1101 1105
874 1080 1102 1106
102 172 387 679
959 1032 1064 1090
118 497 546 1091
102 548 802 1064
26 34 189 283
713 1027 1067 1113
92 125 384 881
374 500 607 1089
359 989 1067 1114
205 891 1010 1047
332 731 944 966
877 1113 1114 1114
653 790 816 1084
298 888 913 1019
513 739 970 1061
16 1106 1109 1112
662 671 939 1015
452 721 797 960
502 1105 1109 1111
69 543 622 790
344 965 1074 1113
449 888 901 1004
472 1111 1112 1115
568 994 1030 1104
675 1074 1082 1110
73 107 271 605
283 816 1094 1112
167 336 451 763
60 1032 1069 1070
152 1063 1065 1080
345 635 883 1051
23 277 793 948
595 727 909 1109
55 186 383 455
224 303 977 1066
145 537 637 865
111 567 741 801
32 339 581 719
36 765 819 864
584 848 932 1017
383 975 1106 1111
25 724 900 914
340 813 896 1096
805 1102 1103 1105
114 694 917 968
224 628 883 919
46 103 904 940
364 1081 1082 1108
33 547 605 858
969 1003 1041 1076
87 923 1034 1071
743 856 959 1107
669 741 758 762
449 779 908 977
692 921 949 1003
159 454 808 940
22 50 215 602
232 765 805 822
160 378 752 892
138 485 518 1091
424 849 958 989
210 284 805 1073
657 1040 1075 1099
482 519 540 806
377 883 942 1108
365 721 838 964
233 1024 1049 1054
226 1018 1056 1064
165 992 1072 1072
174 597 836 916
248 962 967 979
13 477 607 893
267 896 1001 1086
228 722 742 944
579 831 833 1045
257 667 1042 1067
24 265 905 1115
508 993 1018 1067
565 617 718 1016
722 774 861 1110
171 669 670 1059
326 947 1059 1090
142 850 935 984
353 439 477 770
551 825 827 1105
164 564 573 861
743 1076 1081 1111
257 802 876 1024
243 1087 1088 1109
795 1019 1027 1087
197 585 587 996
886 1114 1115 1115
315 526 581 958
690 931 945 1041
42 1013 1109 1115
268 670 698 882
58 247 635 966
448 1095 1112 1115
15 918 1077 1092
100 526 568 908
449 531 739 991
524 735 837 1022
138 1086 1103 1103
1 858 1007 1019
975 1074 1075 1114
79 815 877 1081
281 399 855 894
314 1020 1033 1085
720 776 837 924
345 888 948 1031
217 812 836 882
17 136 299 1110
676 933 940 1066
362 693 766 908
302 1086 1087 1099
514 848 927 1066
221 302 353 413
683 1113 1115 1115
505 1011 1065 1069
621 1098 1099 1111
726 831 840 918
190 837 1004 1064
128 647 754 834
49 262 318 767
158 755 839 1055
583 1086 1106 1113
200 437 697 1059
133 139 376 957
71 137 167 1115
539 561 611 878
109 973 993 1063
964 1098 1105 1107
109 920 1009 1039
68 555 725 777
127 791 842 896
128 156 460 621
976 1032 1039 1081
231 913 928 1016
950 1060 1067 1081
856 1090 1107 1115
711 889 973 1102
96 974 993 997
180 795 914 942
147 679 1023 1054
192 283 527 600
152 619 975 1082
643 944 1027 1038
520 907 919 952
283 616 947 1012
179 602 787 1105
788 924 947 962
278 876 881 993
536 771 823 889
291 1039 1077 1107
98 455 773 790
329 701 830 1046
778 867 947 1107
621 773 935 1111
661 675 1032 1100
445 502 881 957
691 1074 1081 1088
312 388 430 748
238 908 981 993
521 603 980 1041
839 1089 1092 1111
195 548 575 671
348 851 864 1004
794 1090 1098 1113
87 273 295 912
21 987 991 1001
571 601 825 950
177 984 1026 1064
459 511 727 839
292 512 1040 1098
683 720 725 1058
854 977 978 1098
656 761 855 970
425 910 1028 1033
580 619 813 1053
16 769 989 994
193 632 1045 1065
360 881 961 1110
81 975 998 1111
158 629 679 692
690 891 897 924
362 759 917 922
418 563 820 997
568 752 811 893
20 839 1004 1095
147 666 732 980
752 832 917 1046
218 832 902 1066
384 1003 1065 1074
902 1081 1106 1114
624 807 870 1042
735 839 844 845
72 275 757 895
114 492 584 1038
51 975 1065 1074
271 443 753 995
726 741 920 970
115 232 338 408
245 1086 1090 1112
398 687 699 945
674 813 856 935
6 387 485 944
197 753 767 1100
273 607 723 1017
474 928 932 1087
175 511 707 1017
589 911 1056 1091
183 952 1011 1023
140 600 814 955
144 595 872 1087
549 942 967 1039
102 248 538 1100
741 967 1013 1033
284 336 435 844
766 958 1024 1074
581 1060 1070 1071
449 582 732 915
1000 1063 1090 1112
98 587 783 1015
58 318 809 1039
314 514 790 1007
104 127 327 562
391 838 906 1056
649 982 1015 1095
208 550 552 821
1 695 805 997
887 1010 1022 1075
601 976 991 1091
845 939 943 1069
244 827 1004 1097
382 927 982 1028
807 1008 1047 1067
392 659 779 852
75 175 294 384
679 1056 1082 1103
173 659 1082 1101
207 212 438 621
408 535 571 1028
513 827 970 1087
485 863 917 990
55 105 645 739
207 1066 1092 1100
83 1056 1071 1113
480 590 804 1019
472 755 788 1104
371 721 1013 1079
75 330 576 967
590 675 888 1105
321 1028 1057 1093
693 857 866 948
614 805 817 976
79 149 573 1057
473 525 796 957
161 653 965 1082
832 864 895 906
312 944 994 1109
75 359 624 984
241 315 363 902
653 1078 1108 1112
139 148 300 676
576 895 923 1026
509 970 987 1009
567 1063 1095 1111
17 56 200 786
728 739 822 1069
86 523 604 1099
493 1007 1058 1069
743 767 988 1010
974 1088 1094 1100
284 749 1006 1082
472 987 1054 1105
664 1067 1084 1096
174 932 958 961
336 545 553 680
317 485 709 1025
446 792 883 1012
298 996 1081 1101
48 1092 1094 1113
57 571 1028 1115
798 1000 1015 1051
316 699 972 1108
529 671 776 916
294 859 958 1076
278 412 526 1024
455 732 980 1075
200 419 462 1104
862 1071 1082 1110
13 680 815 816
691 744 833 867
86 742 866 948
56 255 808 1072
919 995 1050 1051
311 680 795 800
711 746 899 1051
148 595 771 1103
87 1036 1056 1059
136 206 700 749
319 838 910 943
558 715 748 809
142 437 916 956
758 963 1046 1079
338 707 745 746
310 558 823 849
783 830 1015 1034
536 569 696 1004
951 1081 1090 1103
186 656 693 1033
525 1038 1046 1113
327 706 719 858
222 796 859 904
268 937 1019 1022
14 93 976 1017
36 518 652 895
817 955 989 997
64 144 489 613
316 655 965 1068
415 585 934 962
130 880 930 1019
613 890 1044 1107
79 121 379 1084
258 1027 1042 1047
557 967 1049 1095
127 950 1043 1111
243 316 911 1100
169 560 571 1011
216 803 821 869
233 592 786 825
250 752 844 1083
313 613 784 950
129 536 562 770
312 521 769 777
268 932 1050 1055
507 894 919 1094
160 275 794 914
19 856 891 926
192 881 1003 1113
388 630 667 697
93 996 1040 1044
63 108 606 725
487 1022 1078 1079
673 952 1016 1073
197 362 765 1089
425 647 912 1037
624 824 856 1096
429 835 1037 1108
730 819 995 1060
282 642 655 668
141 265 522 847
429 556 566 596
574 827 996 1011
282 588 793 828
213 871 1008 1088
625 885 1038 1072
160 290 435 1054
982 1105 1107 1110
356 416 455 893
66 760 788 1038
517 665 884 1040
603 950 986 1020
520 794 1000 1079
387 571 698 855
376 436 496 715
311 698 876 990
13 280 811 1022
638 891 989 1018
60 102 459 989
454 821 902 920
235 404 529 701
452 519 581 613
273 406 992 995
495 982 1029 1099
23 722 753 923
1063 1085 1090 1108
550 1003 1024 1110
88 906 1032 1071
100 653 1046 1079
240 782 824 1008
706 1018 1053 1104
465 659 678 949
741 994 1037 1081
193 666 735 833
38 297 862 985
333 713 767 843
102 801 852 1073
551 708 870 875
644 868 949 1054
227 741 747 880
291 491 735 975
99 479 781 1012
336 387 388 748
86 1016 1026 1038
226 491 946 1092
64 844 1027 1077
136 545 618 1058
390 724 828 894
767 1084 1087 1097
8 9 254 372
474 982 1035 1093
174 328 367 1112
27 680 795 863
67 954 959 1073
39 571 982 990
871 1032 1104 1114
54 940 1028 1083
301 1078 1083 1110
454 737 836 851
334 539 550 583
615 673 771 956
949 987 1001 1025
292 549 710 852
299 768 992 1001
2 861 935 1042
39 543 967 1059
616 695 957 1037
260 941 1003 1061
183 841 1044 1090
156 531 732 929
951 1004 1067 1082
511 1011 1018 1053
163 339 533 1042
151 928 943 1021
138 1008 1056 1105
220 428 511 928
42 615 940 1094
19 603 944 1096
787 1105 1108 1114
37 924 988 1054
574 1088 1103 1107
139 734 902 1036
419 1098 1099 1113
369 880 998 1080
269 676 1054 1110
33 241 290 314
342 1003 1050 1074
960 971 1005 1032
570 819 932 1074
271 709 861 923
400 554 852 898
19 1030 1067 1094
916 939 974 1056
81 193 404 833
364 635 769 870
126 485 549 1080
180 853 957 1086
60 71 254 292
571 933 1041 1090
929 969 1072 1081
716 776 1087 1095
297 1033 1075 1075
522 787 802 1029
232 905 1059 1095
176 517 812 1113
409 452 839 933
353 949 984 999
216 718 888 1035
548 665 793 1058
379 1000 1053 1099
744 1059 1068 1078
270 490 800 1095
246 1085 1101 1114
188 484 564 953
18 880 1050 1058
823 958 1034 1038
578 1006 1028 1084
135 505 890 955
28 263 561 571
338 779 867 936
378 755 901 1059
701 1061 1085 1085
292 668 707 936
542 1031 1071 1099
22 984 1015 1105
424 1079 1082 1108
825 1107 1108 1112
809 1089 1096 1103
932 1045 1077 1108
1003 1080 1091 1094
48 248 536 907
454 686 709 1067
20 350 454 484
419 916 921 1083
149 257 372 996
515 843 937 957
514 770 858 1108
590 720 784 1034
201 860 946 1113
530 608 655 897
75 819 959 1004
615 1070 1091 1109
568 733 821 1067
42 84 616 737
171 1096 1105 1112
265 756 757 940
71 1087 1088 1104
251 423 797 905
19 866 1057 1075
171 980 992 1027
318 1114 1115 1115
524 710 718 769
145 351 780 807
90 786 992 1062
251 660 785 906
22 44 244 817
320 726 964 1071
355 725 900 1067
82 130 768 841
13 753 883 1043
292 966 1088 1113
425 598 829 955
450 463 826 918
271 1065 1073 1114
107 330 515 629
111 665 845 897
187 1060 1076 1111
103 698 846 1101
53 427 649 892
199 812 894 991
755 1057 1070 1093
80 718 896 1020
638 681 833 1088
725 1023 1087 1113
249 299 533 949
552 1044 1045 1058
208 687 704 717
52 621 797 1108
170 629 1021 1088
4 721 740 754
606 756 863 893
270 643 960 985
286 405 963 1090
247 527 798 960
120 860 901 1074
408 512 738 833
5 330 590 712
237 414 545 855
284 546 796 1054
587 1003 1062 1111
79 669 727 958
273 475 547 891
919 1007 1043 1104
257 812 1003 1031
377 1077 1108 1114
451 1087 1100 1101
908 1053 1057 1074
651 977 1081 1093
454 686 931 981
362 689 718 825
215 824 866 866
747 855 877 1037
807 1062 1084 1097
275 1079 1088 1090
126 840 898 1051
681 816 847 909
400 1070 1076 1097
406 751 1011 1064
168 610 993 1049
991 1060 1093 1113
945 1013 1101 1108
580 751 1033 1082
14 311 498 987
593 837 945 1109
620 791 1033 1047
172 527 902 932
408 456 1077 1085
393 952 1001 1111
812 985 1048 1082
671 679 730 1105
348 356 715 1032
575 700 748 782
613 696 768 1036
151 965 1011 1056
637 767 799 1048
74 323 621 1103
76 751 777 918
25 990 996 1056
422 656 838 1107
114 501 938 1034
72 456 731 934
21 758 861 1036
243 446 781 950
281 662 744 902
195 847 886 1045
410 926 927 956
595 866 959 1087
843 847 924 1037
89 596 878 881
417 700 867 873
38 779 818 974
84 623 966 1013
835 861 880 959
454 1079 1090 1107
190 554 816 893
172 676 708 717
331 783 1039 1089
5 129 178 942
300 584 1085 1111
421 875 939 960
147 1008 1065 1082
558 867 873 938
345 558 746 875
228 441 478 720
185 875 876 935
705 795 910 1072
53 94 801 1004
504 640 778 894
831 1051 1088 1098
368 913 914 1029
775 1092 1093 1106
354 464 496 930
426 991 1001 1050
409 778 953 1018
37 214 515 951
343 545 566 684
257 729 817 961
697 1048 1059 1110
117 1008 1030 1031
273 369 600 1007
500 709 976 1089
95 458 966 1099
62 152 265 880
79 447 546 993
72 606 846 1101
8 648 872 925
249 611 743 779
174 402 940 997
910 1029 1035 1066
819 1069 1080 1087
85 896 923 1064
119 560 659 785
370 1009 1033 1075
773 940 946 1022
214 978 1038 1102
285 293 540 697
406 1066 1074 1084
468 1059 1060 1098
58 635 797 842
9 171 211 505
531 855 923 1015
638 716 853 1019
675 731 817 1039
176 236 667 954
521 848 1062 1089
443 687 896 1034
54 141 664 913
461 577 581 640
186 672 762 770
97 984 1018 1081
70 641 751 848
291 1052 1075 1098
359 736 869 1110
91 331 456 852
756 926 940 1028
312 604 638 819
506 655 868 1094
499 683 990 1115
762 895 978 985
686 1091 1098 1108
114 387 797 1032
141 309 641 712
201 453 598 775
152 1002 1105 1111
362 722 777 1030
108 809 863 1042
83 817 834 871
212 309 373 993
136 1054 1073 1079
509 701 860 950
436 488 540 972
839 1049 1065 1109
220 749 754 797
107 429 656 1083
930 931 1017 1101
162 176 326 360
588 945 958 1042
945 1066 1079 1087
556 690 701 732
7 1080 1093 1098
202 563 1031 1096
599 1068 1097 1109
28 793 870 888
237 627 885 1018
918 966 1026 1102
36 380 977 1099
89 978 1032 1085
604 696 949 991
130 315 482 1019
32 798 991 1027
100 1109 1110 1112
272 409 411 629
490 986 1073 1092
386 1090 1091 1110
181 939 971 1005
309 822 834 897
141 577 608 987
4 987 1057 1098
557 1063 1068 1105
126 1037 1041 1042
279 848 921 1000
237 871 878 1047
542 650 954 1048
225 234 367 978
593 871 879 1068
90 820 852 953
363 1101 1107 1112
472 720 1003 1075
264 839 865 1020
864 960 970 1042
553 965 999 1010
268 778 828 984
399 946 1022 1043
918 969 985 1038
43 516 558 574
256 843 878 884
661 1093 1111 1114
105 838 1044 1055
267 888 964 1113
946 1031 1058 1086
514 663 904 921
605 687 730 901
99 783 862 1060
762 849 993 1099
831 896 944 965
81 437 586 790
679 729 980 1038
815 936 1043 1108
472 673 904 1011
115 616 1055 1087
154 848 952 979
168 315 472 485
334 919 1079 1085
368 746 798 1025
141 682 852 1000
91 520 535 1089
87 556 949 1087
266 560 602 1103
204 935 945 1030
173 903 1040 1052
363 1079 1082 1104
226 727 862 1104
6 927 1069 1099
919 1112 1113 1115
456 959 1109 1111
230 1070 1096 1097
87 354 649 795
144 993 1007 1078
372 879 952 1036
98 695 882 974
890 928 977 991
753 1070 1073 1106
487 944 1001 1043
625 881 1001 1049
71 908 988 1018
199 391 507 784
435 1057 1069 1104
197 586 710 818
228 1020 1058 1102
492 758 903 1098
954 996 1057 1080
18 1039 1067 1078
640 717 754 1053
853 1042 1097 1113
782 1022 1097 1099
957 962 1011 1059
168 1002 1031 1035
156 418 443 639
95 449 651 978
115 486 490 571
671 950 985 1067
319 797 827 1030
447 758 808 864
129 953 954 1000
349 762 792 806
22 457 560 708
294 517 897 1107
882 1070 1090 1103
624 826 1028 1107
930 969 995 1001
418 745 781 887
10 596 1063 1095
761 1017 1087 1105
7 602 617 957
222 549 636 1014
388 942 985 1002
497 629 926 985
646 726 1028 1114
346 389 592 773
106 886 1004 1013
465 1028 1074 1085
393 1019 1020 1051
517 822 911 1098
228 1076 1108 1110
115 734 755 861
684 1077 1102 1105
298 533 560 632
311 381 665 804
227 929 957 1047
480 530 803 1068
55 348 475 1032
599 731 984 1087
138 234 792 1009
207 304 609 798
116 581 837 1108
822 876 947 1023
191 710 976 1091
436 651 738 900
446 1106 1109 1112
8 174 234 335
693 989 992 1063
298 585 745 760
964 967 1056 1078
243 278 497 520
886 898 953 1084
16 668 829 997
318 639 725 942
644 1017 1084 1097
402 797 856 901
895 1000 1009 1077
328 505 582 869
426 1027 1063 1074
53 1032 1057 1068
871 995 1083 1093
565 836 982 1074
612 869 898 1013
426 844 930 1041
568 618 721 977
786 882 972 1047
17 1085 1095 1102
409 470 718 1012
202 916 1044 1049
891 1103 1107 1113
221 343 457 1105
287 449 602 607
993 1057 1078 1092
621 654 1043 1084
121 537 858 975
146 1055 1084 1109
917 1103 1110 1113
179 456 750 1038
28 701 780 1077
126 644 672 1097
230 415 494 651
490 1101 1102 1110
339 736 756 923
438 812 817 1054
706 1044 1085 1091
587 886 974 976
131 1092 1093 1112
805 861 863 1104
565 838 866 1091
30 550 751 787
677 1029 1034 1061
48 860 945 1056
188 249 579 713
189 430 670 1082
960 1057 1073 1080
753 1046 1098 1109
340 353 526 1110
173 1104 1109 1111
239 1004 1024 1047
137 979 985 1004
412 756 797 930
548 1067 1073 1085
378 535 703 857
10 552 709 993
606 848 869 905
804 915 948 998
434 448 557 709
496 554 566 746
271 440 816 909
38 153 696 1089
764 1111 1114 1114
880 1094 1109 1111
335 400 612 734
295 675 821 1112
527 594 757 995
289 703 707 855
640 688 733 946
47 1067 1070 1096
615 958 1065 1074
314 996 1003 1042
325 388 774 1006
400 586 719 811
280 732 1092 1097
442 642 810 1082
403 978 1033 1039
234 633 642 764
583 1095 1104 1108
948 1017 1024 1031
186 988 1022 1058
346 651 678 986
829 874 876 889
146 1063 1065 1071
226 1109 1113 1113
201 1078 1079 1087
858 940 1003 1023
13 393 894 1111
686 830 942 944
731 1048 1080 1090
277 430 548 910
423 727 1005 1040
39 1098 1101 1104
282 878 976 1002
243 803 832 916
57 276 787 1102
487 895 913 1024
604 867 1008 1077
253 916 932 1084
690 776 914 980
156 946 1001 1022
620 894 1086 1114
136 342 708 933
225 990 1016 1052
114 333 670 894
331 544 564 903
500 1065 1078 1079
688 1111 1115 1115
274 325 905 1111
390 544 759 942
269 763 876 886
353 654 677 1092
546 617 820 985
37 1078 1091 1111
153 970 995 1055
287 888 972 1020
914 1093 1101 1101
123 990 996 1074
20 381 659 1101
150 987 1049 1085
145 735 843 1067
534 1026 1091 1092
238 837 1026 1041
12 405 810 952
76 710 1016 1104
32 157 653 924
538 914 964 1033
82 227 640 911
612 628 921 938
324 764 970 1004
335 799 872 990
23 1018 1104 1110
146 807 925 1105
450 501 766 969
625 635 647 855
262 951 1025 1067
199 629 826 922
555 801 806 951
368 884 910 925
160 1019 1040 1054
405 529 749 1100
273 662 667 915
255 379 686 998
391 546 659 1090
394 675 775 1086
650 817 997 1013
254 890 910 1047
298 358 845 998
193 562 803 1052
412 680 870 964
496 571 657 723
390 659 680 786
929 1099 1101 1113
23 562 680 800
267 1114 1115 1115
383 989 1006 1067
152 875 948 1023
56 648 841 896
65 846 882 888
308 397 505 1087
295 458 481 1071
190 198 525 569
468 570 595 773
301 814 875 1096
105 556 601 951
269 969 1011 1089
449 629 833 880
506 601 675 864
57 636 1101 1108
255 475 642 989
80 1066 1073 1090
178 305 889 908
259 1013 1042 1069
694 1114 1115 1115
132 307 342 591
289 949 1036 1084
92 449 495 877
44 429 497 1044
441 874 921 1047
226 355 519 607
257 281 659 927
24 1056 1065 1073
679 702 977 977
964 1087 1090 1099
374 745 863 941
111 798 883 917
420 1059 1066 1072
396 1074 1092 1094
237 329 726 959
251 520 599 709
80 886 911 1072
376 1046 1070 1080
7 178 805 1007
65 179 382 1003
922 1028 1038 1040
238 1017 1026 1103
83 909 963 1062
207 1112 1114 1115
311 1044 1075 1085
717 897 962 1065
729 835 1045 1095
46 87 364 1042
51 270 612 873
167 1063 1111 1112
387 955 996 1066
162 176 330 428
39 1011 1042 1094
588 590 734 865
591 1013 1024 1028
129 185 653 860
623 922 943 1112
316 1029 1098 1108
362 710 784 884
420 905 906 1071
377 901 905 1068
619 663 806 951
966 982 1032 1102
158 229 387 970
741 861 1040 1058
1068 1088 1091 1105
142 252 481 653
81 116 913 979
205 236 289 435
736 956 965 1036
944 976 992 1019
172 521 605 899
711 727 953 1038
472 863 924 1045
478 639 792 818
756 1035 1051 1057
726 979 1063 1113
388 771 955 955
265 424 654 1093
1044 1106 1108 1109
127 534 641 965
764 903 963 997
340 1001 1041 1045
773 839 960 1074
73 796 1008 1091
1034 1050 1074 1100
187 1048 1109 1114
13 1061 1079 1105
114 310 750 899
455 1073 1081 1097
307 364 573 670
957 1097 1098 1105
307 865 982 1040
267 995 1085 1113
187 287 495 981
7 706 833 913
132 738 837 1063
830 884 1003 1026
39 541 992 1109
608 984 1019 1073
90 241 523 752
864 1066 1090 1096
645 1065 1085 1085
342 770 846 998
288 1062 1105 1114
916 982 1082 1089
365 911 917 1086
303 837 911 1098
336 790 793 960
18 370 396 445
262 1045 1051 1093
345 566 605 1024
69 1078 1095 1102
351 576 578 625
53 1060 1067 1069
294 827 886 966
122 1014 1016 1101
106 927 958 1031
73 549 751 901
928 933 966 1051
455 721 836 1090
666 975 1011 1059
61 782 879 971
57 148 854 858
145 157 170 502
276 949 1017 1023
501 730 744 803
100 476 561 942
421 772 1092 1114
102 405 632 1084
259 800 1059 1109
112 573 818 1019
254 272 509 1054
197 1025 1064 1078
121 546 693 976
657 822 837 1016
348 473 540 682
319 1085 1109 1111
304 320 407 1030
261 332 690 945
186 288 467 1085
999 1080 1084 1104
88 410 435 780
342 538 570 1092
153 283 1018 1069
649 860 861 1073
716 863 971 1055
933 1032 1045 1111
7 63 263 745
992 1090 1095 1106
599 844 931 1081
272 547 990 1115
962 965 1000 1065
302 606 1032 1053
750 945 953 1049
499 700 851 1089
358 497 662 1064
187 401 408 892
559 1070 1087 1090
306 442 502 1053
717 908 973 1066
49 369 551 1070
701 842 931 1012
314 671 1034 1098
631 1089 1095 1101
1014 1025 1052 1053
15 295 860 1113
45 258 703 1059
317 1025 1055 1062
921 944 967 1028
525 1097 1098 1105
269 313 576 698
542 994 1018 1071
165 1093 1097 1098
104 352 1025 1088
707 1051 1073 1080
177 854 916 922
73 420 835 935
294 569 841 1021
320 430 748 910
374 701 766 908
291 868 967 1042
74 782 973 1074
16 366 537 1112
39 108 1101 1106
622 854 896 1043
422 431 812 913
52 221 784 826
186 399 775 803
198 384 948 1073
44 490 621 1008
459 596 692 703
43 975 979 1085
539 933 1082 1100
361 442 460 868
23 1112 1113 1115
226 899 937 976
742 839 1047 1089
455 887 960 1060
419 869 931 959
314 709 849 1105
14 246 689 810
503 1071 1084 1113
301 712 898 932
22 785 1011 1075
499 794 848 883
165 714 980 981
25 529 824 1028
785 986 1047 1054
332 569 637 872
194 919 972 1113
450 534 644 1067
258 610 993 1022
276 829 898 1003
79 533 872 1047
576 735 801 986
87 417 459 626
277 899 957 1083
90 1037 1055 1072
408 412 707 868
703 891 1011 1091
213 769 778 886
84 1114 1115 1115
388 470 489 747
106 131 546 1069
560 879 944 1092
85 613 639 986
646 1060 1069 1095
338 378 556 660
139 308 660 712
706 976 1035 1071
13 1020 1062 1091
208 984 1053 1072
296 371 386 820
109 284 289 351
90 533 544 1115
387 885 888 1066
685 745 928 980
782 836 868 874
429 673 679 918
242 969 977 986
329 785 853 1055
619 1077 1085 1110
648 1112 1113 1114
399 709 754 792
526 679 1056 1107
193 387 704 996
881 958 1054 1110
1063 1105 1108 1109
768 1017 1036 1048
24 246 272 396
16 526 685 712
560 640 885 943
672 911 925 982
101 683 755 802
98 827 831 1063
493 945 961 1026
471 909 954 1087
476 960 1018 1072
223 912 994 1016
205 726 754 882
711 966 1082 1092
109 404 445 993
454 697 820 881
722 745 847 935
574 956 962 985
807 837 984 1096
375 751 804 857
103 269 741 887
421 720 793 1104
785 1096 1101 1115
424 960 1050 1099
448 951 965 1057
114 465 920 988
487 628 660 841
197 569 588 1111
654 982 989 1092
699 1064 1069 1105
279 543 913 932
276 462 543 658
426 594 662 891
487 846 919 1109
321 1043 1059 1102
36 519 570 593
257 570 654 747
685 743 763 1003
102 739 756 942
12 930 1026 1110
215 1102 1103 1112
595 598 628 854
629 1012 1039 1097
88 843 1030 1078
358 769 1063 1074
29 225 750 789
137 569 1038 1068
285 817 866 880
289 302 428 545
230 979 998 1105
409 889 899 1030
315 452 480 1074
241 569 1057 1086
63 519 969 981
321 482 900 1036
605 1093 1099 1103
298 395 643 740
432 633 704 953
641 811 818 875
754 883 892 936
1 465 540 770
391 819 858 869
388 996 1007 1108
198 530 769 812
913 1007 1025 1100
458 891 909 1085
98 856 906 948
863 877 979 1042
201 261 467 889
520 1107 1110 1112
56 339 604 988
57 171 259 392
382 530 782 874
288 816 1007 1010
133 1073 1075 1076
467 668 808 1084
362 417 418 977
344 652 756 762
201 1016 1094 1115
187 326 330 1072
196 790 834 874
337 694 851 1003
601 669 953 1001
731 986 1035 1081
67 445 652 779
381 834 898 1002
168 465 544 931
27 219 412 806
886 1064 1073 1078
725 737 983 1026
43 519 1039 1052
272 766 940 1079
180 672 900 1105
37 742 854 870
48 148 436 782
283 535 604 1079
348 1041 1070 1077
469 625 831 882
52 1052 1059 1103
139 1026 1040 1042
398 577 973 1073
55 742 864 1107
960 969 994 1018
947 1087 1088 1100
572 1078 1086 1100
448 908 998 1028
601 976 1035 1037
734 932 1077 1097
201 473 523 614
541 1054 1090 1113
350 684 732 1113
29 894 944 992
240 401 629 1009
533 782 883 1072
272 1027 1034 1102
55 1112 1114 1115
281 603 670 954
381 488 626 768
166 660 663 862
230 754 1053 1060
628 686 774 868
227 703 792 816
704 819 876 879
20 235 1021 1031
486 621 720 1059
526 765 808 904
375 919 959 1043
86 758 857 1034
189 809 899 1080
339 913 944 1064
241 671 988 1019
271 410 723 1041
360 399 456 476
4 199 255 643
258 727 841 1076
644 734 742 911
101 441 608 738
63 1056 1094 1114
192 1040 1048 1093
340 428 755 899
877 1091 1097 1100
790 879 903 1045
477 709 712 873
382 651 684 1075
558 1067 1070 1096
558 1076 1092 1107
356 765 783 866
21 1071 1096 1098
32 838 876 915
179 539 814 842
459 539 1090 1115
517 579 624 919
504 674 886 909
422 693 998 1051
652 1004 1057 1101
905 1014 1033 1089
184 201 624 782
346 1088 1111 1114
5 777 808 909
359 563 735 1012
480 1093 1102 1106
408 414 529 944
856 981 1108 1110
199 679 698 1087
124 207 239 408
42 947 966 1014
342 793 915 1113
471 1062 1101 1105
270 428 645 838
345 476 987 1021
903 1090 1097 1098
655 993 1068 1108
145 655 801 919
864 894 900 1004
1049 1074 1101 1111
247 955 972 991
201 948 1036 1048
93 669 745 804
40 986 1109 1110
265 440 570 898
388 996 1020 1106
77 157 518 696
160 203 706 1075
83 571 598 928
425 687 700 867
170 532 601 719
552 911 994 1102
281 948 952 1009
640 1099 1104 1114
355 674 1018 1105
466 918 928 977
635 903 1082 1104
456 932 993 1082
71 225 554 944
759 1035 1046 1059
1072 1087 1097 1102
71 1059 1077 1093
250 901 1028 1056
299 828 946 1032
647 724 998 1105
276 577 608 693
681 938 956 1015
350 468 615 1107
77 347 986 1092
193 836 856 1014
136 683 860 908
343 608 853 873
378 672 1011 1082
272 364 385 786
176 734 862 1088
444 858 889 1091
481 560 713 1110
759 961 962 1061
271 512 1047 1091
316 819 856 1040
242 744 971 986
145 445 579 627
234 545 745 848
111 169 253 721
840 1076 1098 1103
22 866 880 955
52 321 676 796
384 958 977 1082
650 1051 1101 1105
527 1081 1097 1098
204 714 745 946
428 1080 1088 1091
928 997 1057 1089
13 224 441 1036
462 956 1077 1085
249 1112 1113 1115
26 978 1073 1108
280 511 735 892
725 1018 1094 1114
520 1106 1110 1115
920 1013 1021 1095
217 520 785 1017
635 963 1072 1083
287 689 1000 1015
537 1110 1113 1113
251 348 567 903
166 678 877 1090
30 244 257 382
611 802 819 985
246 508 518 581
75 827 867 1114
767 821 935 1031
470 892 976 1087
298 628 887 935
903 954 961 970
90 206 424 983
10 875 907 1007
675 901 912 1005
548 713 736 737
198 673 947 988
509 959 1086 1089
135 1063 1068 1105
539 700 988 1004
509 658 869 906
31 1073 1095 1115
144 366 617 737
319 950 965 1041
46 523 737 989
198 521 645 1103
314 471 862 920
50 517 1007 1055
11 1087 1100 1102
158 490 585 1115
882 982 1095 1114
165 466 690 866
483 611 639 787
679 1033 1075 1075
711 1102 1106 1109
199 268 358 365
93 522 541 866
36 131 199 437
506 690 755 915
166 370 836 982
827 840 856 990
242 304 730 981
181 778 785 932
1065 1070 1102 1111
452 905 948 1082
288 477 658 808
172 634 1010 1027
56 291 337 852
354 757 822 1014
684 1044 1051 1091
366 518 699 834
1062 1114 1115 1115
299 895 924 1006
463 894 1025 1085
21 137 806 938
630 693 926 1061
627 1077 1089 1112
163 791 898 915
27 719 783 896
574 734 881 952
617 1092 1100 1108
91 678 1031 1110
252 812 957 1079
442 592 669 778
125 960 1042 1102
404 525 622 1078
736 1036 1058 1110
31 1097 1113 1115
590 627 630 843
542 687 809 1074
389 399 457 622
789 1032 1084 1090
515 960 972 1037
34 1057 1061 1114
305 460 607 866
78 668 965 1006
168 531 746 766
166 691 721 1113
650 964 965 1075
134 955 974 1011
68 884 919 1041
242 525 795 988
363 881 912 1017
515 731 964 1036
710 934 1029 1059
242 895 900 1018
810 936 949 1018
534 852 1008 1046
113 595 621 886
454 1052 1075 1082
144 633 692 1046
79 187 461 657
658 1001 1032 1098
319 659 781 1038
19 447 918 1018
169 855 968 1084
143 751 912 1090
739 1019 1022 1041
320 675 766 868
688 969 1065 1090
275 788 924 1104
229 862 1014 1107
20 859 861 870
459 740 849 957
121 280 429 727
312 983 1024 1071
141 1092 1094 1115
756 1030 1035 1087
562 894 919 1064
652 708 877 923
13 121 913 1103
304 519 535 943
168 372 714 921
41 1052 1103 1108
400 790 796 842
322 1044 1103 1108
298 596 942 1007
26 384 471 637
673 736 940 996
380 857 926 1010
608 619 1076 1089
436 908 948 981
512 644 857 970
343 408 484 1051
506 878 897 988
414 1070 1088 1111
500 983 986 1020
751 914 972 1114
52 942 1036 1052
91 1089 1092 1111
229 785 890 917
205 319 640 909
68 871 971 1004
599 782 815 946
653 910 1007 1052
110 1006 1024 1110
968 971 1013 1080
107 311 818 823
343 544 629 986
429 1018 1045 1080
344 1018 1080 1092
112 800 932 993
463 981 1034 1085
545 1088 1090 1105
474 1074 1079 1113
500 613 918 1022
622 719 874 942
567 745 852 1092
114 799 956 1102
770 1047 1095 1101
631 975 1013 1032
420 903 1050 1053
411 655 703 913
333 568 575 1052
644 915 920 938
105 815 891 1004
353 1110 1113 1115
400 1062 1081 1112
127 548 639 746
616 680 760 883
271 960 988 990
334 747 856 966
308 868 987 1029
35 168 291 306
522 852 867 902
772 1047 1068 1072
376 869 957 986
35 962 963 1043
143 1066 1082 1107
953 962 1071 1109
129 357 920 1095
313 956 1046 1074
198 1015 1017 1053
401 686 759 981
501 530 837 1102
665 991 1067 1112
395 603 736 891
265 1005 1025 1051
797 827 945 1010
132 991 1107 1113
179 460 1001 1115
357 1051 1060 1067
125 210 303 688
551 1049 1055 1058
146 911 928 998
354 1080 1101 1107
99 288 1001 1061
865 884 1062 1098
245 405 533 832
903 1049 1070 1087
808 825 966 1089
673 994 1043 1106
795 976 1024 1072
392 491 612 1006
98 977 1017 1080
73 826 836 922
23 784 836 1013
954 995 1005 1075
219 714 746 828
266 304 1007 1036
402 927 928 1075
314 779 895 998
645 960 1002 1052
276 1006 1032 1041
289 608 674 950
444 617 967 1062
507 1044 1067 1071
555 683 921 980
166 454 740 745
157 272 765 980
417 512 659 904
942 1069 1073 1084
993 1045 1058 1109
547 588 678 786
359 579 752 1057
309 1051 1059 1065
22 592 671 767
507 590 712 987
386 859 992 1044
202 226 770 931
511 852 965 1021
196 549 806 1095
427 1072 1075 1104
925 1055 1071 1084
245 939 1008 1068
760 1067 1079 1108
360 597 653 834
691 953 1028 1062
655 667 729 968
779 1019 1024 1044
897 904 916 1013
323 1113 1115 1115
721 735 929 1032
668 689 792 893
73 1064 1093 1102
505 579 806 908
753 979 1009 1054
147 743 768 827
117 1002 1033 1034
350 548 588 954
421 513 773 913
27 254 593 689
492 508 537 712
361 911 961 1093
673 1030 1052 1080
39 571 706 941
111 615 622 926
445 760 800 969
411 1094 1109 1112
46 504 572 640
74 803 819 986
537 552 634 842
137 680 1032 1104
26 292 548 1103
108 398 460 796
173 346 424 1004
381 505 586 619
649 1002 1032 1051
789 1012 1074 1085
518 777 862 973
390 609 886 971
655 977 1005 1009
187 547 604 1001
142 582 869 871
764 814 951 973
169 955 961 1063
267 295 453 697
63 414 869 871
245 781 935 1040
390 1046 1048 1050
415 618 991 1024
432 724 729 966
400 770 857 1068
383 1072 1089 1102
211 691 934 1066
294 316 377 645
191 505 569 628
499 673 752 859
15 197 717 943
685 687 940 963
173 767 949 1062
109 439 574 1076
294 518 971 1044
319 1109 1111 1111
662 882 968 1042
871 914 924 1080
358 812 1054 1105
304 367 432 721
555 619 702 881
849 972 1098 1107
369 744 783 835
647 949 1044 1087
861 935 1068 1115
325 1003 1069 1105
56 757 779 1062
739 748 981 1005
790 836 900 1012
736 927 1013 1061
169 558 655 1014
629 1067 1092 1106
214 385 755 1039
272 810 855 859
84 327 778 923
83 290 519 543
721 1029 1043 1085
363 469 681 956
187 196 258 934
857 1103 1108 1115
67 242 645 988
221 734 803 1014
132 276 731 815
479 763 828 929
523 940 997 1046
243 504 725 740
189 510 522 1111
191 482 684 893
456 549 840 867
197 281 745 1007
35 210 396 619
253 262 899 967
429 604 1003 1091
801 1063 1074 1077
363 857 924 968
226 554 601 690
658 945 1026 1098
139 671 917 1060
787 794 865 957
425 709 885 908
985 1106 1107 1115
182 266 346 996
817 1105 1113 1115
130 299 301 1024
673 699 735 980
226 478 646 717
80 741 1014 1039
106 826 1025 1026
166 531 547 830
245 1021 1066 1086
749 889 995 1093
24 1028 1042 1110
112 470 940 1067
818 956 1085 1086
330 1068 1086 1092
23 80 126 552
476 790 882 943
115 226 354 656
447 861 941 1028
543 789 1024 1045
152 395 539 1058
349 625 763 1082
341 578 688 900
748 851 951 1027
833 944 986 1002
826 921 980 1006
706 784 814 895
1029 1049 1067 1091
504 1091 1096 1103
562 1047 1077 1110
538 560 760 1047
384 692 721 1035
289 765 839 866
94 814 1029 1106
616 725 833 887
622 1071 1092 1115
268 671 947 1100
519 615 748 800
369 1061 1071 1087
772 990 1037 1084
343 701 987 1084
746 978 1051 1086
1069 1094 1100 1101
317 1112 1113 1115
15 872 916 1095
251 1078 1106 1108
127 644 671 712
591 1025 1055 1099
230 1073 1092 1094
26 231 442 1080
478 676 990 1028
933 1003 1051 1064
834 1112 1114 1114
147 206 410 489
189 949 1057 1099
35 493 876 1043
540 831 910 1102
370 737 964 1086
14 947 1041 1043
541 640 1018 1097
432 510 965 966
253 475 554 997
37 662 1104 1104
730 920 1043 1047
256 284 392 890
366 600 772 997
34 421 526 730
232 988 991 1115
454 455 520 586
229 847 900 999
25 631 733 768
160 518 740 891
385 738 836 970
666 669 1090 1112
238 614 918 1052
70 624 1074 1091
657 823 855 1095
485 1003 1049 1083
407 449 609 988
939 940 955 973
348 558 774 816
297 652 805 908
468 686 1038 1051
184 381 588 807
261 263 637 738
105 675 714 952
34 245 409 789
432 456 577 614
381 1024 1052 1091
205 800 869 922
426 811 843 920
58 338 742 980
144 733 1014 1028
38 198 267 380
551 955 978 988
215 941 981 1087
860 928 938 1087
350 406 694 887
295 453 457 1078
64 781 882 1063
266 548 933 1045
292 341 611 1095
645 877 984 1007
750 794 876 1045
202 516 865 1008
674 909 952 953
251 492 520 991
105 939 1022 1064
121 729 742 948
299 859 978 1035
620 901 920 1083
387 757 832 924
239 451 482 916
135 451 458 485
48 150 184 705
511 897 963 975
270 871 915 1105
112 246 324 842
286 770 810 1096
759 850 1027 1094
180 755 901 1072
364 492 638 895
289 527 716 975
85 247 367 578
40 888 943 1034
313 478 711 783
167 508 618 633
215 954 1059 1110
508 666 766 1054
489 886 889 902
599 728 756 847
16 97 526 711
421 827 886 910
140 840 906 937
248 592 775 930
71 421 1051 1085
263 342 567 738
389 472 941 1048
124 484 649 1019
438 954 1059 1108
551 770 878 1078
209 912 1073 1095
15 104 546 834
502 775 957 1113
250 744 905 1086
264 597 818 1031
223 789 908 977
97 407 829 1004
43 264 342 1001
84 822 902 1026
44 397 1024 1096
127 185 698 1002
544 1021 1076 1091
75 1077 1096 1109
637 1114 1115 1115
256 569 644 896
271 1067 1071 1110
693 731 930 1037
951 1041 1050 1053
165 519 1003 1016
67 546 577 789
506 769 1044 1065
568 591 627 943
679 738 793 950
452 608 707 1047
891 1095 1109 1109
919 1061 1091 1092
301 947 974 1097
443 999 1027 1066
745 1014 1015 1053
280 552 581 881
673 1020 1038 1065
49 781 958 1098
335 562 783 936
645 922 933 1001
330 754 800 987
674 742 754 833
417 905 1056 1102
109 1027 1047 1057
144 964 1035 1062
363 453 742 784
729 953 993 1052
698 723 838 882
591 1017 1024 1111
153 1112 1113 1115
551 963 1045 1112
322 1104 1108 1114
551 1024 1034 1101
34 342 765 803
582 964 1005 1008
489 813 910 1062
278 1024 1085 1100
456 1040 1067 1087
44 901 997 1035
26 223 277 327
480 857 998 1106
209 782 961 1105
208 916 957 999
290 637 721 1051
71 857 985 1021
177 951 1003 1105
309 423 624 653
832 1081 1109 1114
45 846 892 929
51 229 616 718
139 1112 1113 1114
862 1084 1098 1114
434 969 1026 1114
283 875 930 964
338 593 846 1057
469 1113 1114 1115
1085 1114 1115 1115
387 841 855 899
615 862 980 1084
236 1044 1056 1085
294 1098 1102 1112
459 934 1051 1115
385 917 1037 1096
22 336 432 950
894 908 1010 1095
658 932 945 1001
1 1032 1044 1056
193 555 636 722
668 1049 1052 1070
465 586 818 1063
385 837 924 1013
524 988 1029 1083
648 1084 1106 1109
707 749 784 845
787 1041 1104 1112
28 236 453 1063
430 678 698 744
738 768 820 1063
250 994 1042 1044
508 638 653 925
823 891 905 908
608 984 1034 1034
796 899 904 962
699 1001 1108 1109
455 789 918 952
44 259 649 1066
612 740 936 1112
175 808 1071 1102
417 509 672 729
276 984 1104 1106
434 859 1032 1038
863 885 1074 1100
768 1015 1024 1086
341 596 683 995
291 773 869 988
264 851 879 981
665 784 959 976
151 859 875 1048
101 894 953 1044
250 727 750 813
227 708 744 1044
444 908 913 974
317 671 738 778
995 1027 1075 1078
742 973 994 1051
76 888 1044 1103
769 1063 1090 1111
147 945 1046 1066
612 824 866 951
437 492 752 1022
112 743 759 817
119 273 697 1053
363 557 596 734
103 550 645 811
771 957 1056 1086
194 751 785 1086
181 229 715 839
761 1097 1112 1114
155 465 575 682
52 84 236 402
644 1093 1110 1111
344 978 1088 1106
783 828 874 1046
847 888 999 1056
8 770 916 1080
305 994 1055 1062
989 1087 1114 1115
256 832 885 962
903 1018 1063 1074
790 801 966 1101
874 1002 1027 1071
667 1069 1103 1115
65 195 593 924
141 1005 1063 1096
164 850 942 1074
721 966 1047 1101
57 824 969 1054
53 761 769 871
292 457 686 850
136 397 513 674
619 802 930 1046
150 183 675 1020
760 848 938 993
199 805 828 1064
30 705 897 943
16 310 1085 1092
553 1069 1075 1112
214 888 980 984
344 838 839 921
290 1066 1068 1076
173 627 724 859
415 846 909 946
289 724 877 956
648 793 950 967
317 506 886 891
255 1035 1070 1115
327 495 531 695
36 668 745 782
629 937 959 1092
172 737 787 873
212 1085 1091 1112
553 935 1055 1098
798 1013 1063 1066
252 370 527 925
629 670 716 1075
638 1085 1111 1113
19 859 992 1007
110 415 569 647
103 478 701 926
764 996 1059 1069
222 620 924 1057
17 1012 1047 1057
657 690 767 789
704 921 999 1009
236 714 829 1000
646 877 970 1029
56 941 952 968
52 242 500 591
628 940 967 1109
321 739 943 1051
362 647 846 900
53 399 584 986
56 928 1020 1046
301 1113 1115 1115
45 905 974 1110
182 191 720 833
85 344 595 1092
646 1034 1050 1107
399 796 985 1054
430 977 989 1058
682 981 1085 1100
105 639 902 967
32 398 1079 1106
364 862 881 969
286 973 1093 1112
603 649 881 936
17 928 957 962
105 984 1030 1103
131 721 880 949
199 632 931 1002
429 489 680 910
113 1106 1108 1110
654 724 828 924
275 748 909 943
458 652 670 823
221 662 816 832
643 766 857 1064
112 646 769 1033
441 584 898 951
858 1092 1102 1107
426 971 991 1016
196 392 960 1029
333 426 658 974
971 1095 1097 1104
107 434 689 699
1083 1106 1110 1115
655 739 934 970
834 840 953 1042
357 748 847 1011
2 140 579 811
699 968 1016 1026
362 684 790 968
226 989 991 1050
492 949 1031 1072
395 551 754 1034
157 730 854 864
296 324 384 1068
111 1036 1069 1071
529 578 714 906
241 833 1043 1044
115 951 1057 1101
42 710 981 1017
55 119 184 282
400 535 636 1064
395 979 1022 1084
21 1008 1009 1016
772 946 1002 1071
208 639 761 1097
11 439 791 996
77 1018 1047 1068
629 871 923 949
395 913 985 1067
544 917 1007 1038
297 961 1018 1108
869 1110 1111 1113
887 1106 1111 1114
2 133 199 286
77 482 531 720
934 1105 1109 1109
460 1095 1102 1106
82 975 1009 1079
188 1066 1071 1086
97 1084 1107 1109
154 599 1051 1089
295 591 647 1032
883 983 1006 1109
176 721 868 911
642 879 1073 1089
252 753 966 981
581 1025 1062 1066
417 948 952 1060
477 1019 1024 1100
466 979 1011 1049
163 568 845 846
924 939 1049 1060
820 1077 1087 1100
832 972 1016 1074
532 947 951 1006
186 630 690 1103
153 715 792 931
296 721 829 984
915 988 1012 1021
375 603 809 1110
129 415 508 542
28 801 865 1078
279 996 1024 1075
2 341 630 784
810 820 859 863
426 649 751 1074
422 460 738 799
238 403 541 989
734 1037 1062 1085
507 1007 1041 1064
516 983 1064 1069
51 510 609 1091
660 733 794 1043
557 1089 1098 1111
455 638 651 1042
91 658 709 888
47 674 902 943
207 1022 1043 1079
594 822 926 1092
146 795 920 957
62 887 1050 1087
146 857 862 883
122 305 542 849
224 434 966 1007
756 955 1032 1042
447 1082 1090 1096
521 740 1060 1079
162 222 289 350
204 483 494 683
438 808 878 1115
130 702 790 998
82 953 997 1017
486 1079 1092 1104
670 731 1021 1085
670 858 962 1008
585 924 1023 1072
237 973 1097 1107
415 463 629 1064
70 222 322 875
34 464 842 1028
164 745 960 1022
310 595 706 1014
340 769 893 1028
576 760 782 948
434 839 980 998
299 973 1049 1052
104 790 815 927
214 233 302 592
148 1034 1076 1104
302 399 580 843
815 911 927 1059
796 810 1007 1087
430 890 893 1012
427 491 720 787
620 1051 1083 1099
156 638 821 858
309 329 608 726
402 870 1038 1112
142 775 1067 1074
574 854 891 1020
598 961 1024 1080
488 846 854 971
478 637 959 1112
66 544 827 954
460 817 1003 1054
512 681 929 1016
629 1094 1100 1104
337 527 755 976
641 921 999 1103
4 653 903 985
552 746 779 867
494 1065 1072 1097
331 442 606 1098
415 967 1060 1069
280 469 806 1057
449 542 675 702
795 943 1031 1097
917 924 933 964
343 440 913 990
313 395 404 499
312 409 821 884
546 900 978 989
4 780 865 1019
40 321 557 857
355 744 940 1025
717 919 934 1068
89 493 726 981
215 646 833 908
262 872 897 1005
69 480 845 925
71 985 991 1044
130 1068 1105 1105
472 944 1007 1056
191 424 1051 1094
610 647 721 754
184 878 913 1070
307 1007 1031 1058
832 913 983 991
241 446 559 777
374 515 554 651
265 843 862 886
267 629 829 928
625 688 781 1025
669 809 951 1014
312 515 762 861
380 937 1035 1070
495 706 718 985
675 1035 1053 1078
126 310 543 958
497 839 870 886
660 922 1004 1032
212 315 867 1107
838 911 986 1016
48 466 678 974
987 1068 1071 1090
825 881 963 1031
383 715 834 857
272 741 937 1093
100 872 992 1087
261 945 974 1005
568 681 974 1015
347 758 812 911
331 362 859 1008
265 1076 1086 1093
371 802 1008 1018
76 632 750 828
448 766 999 1055
403 606 794 980
491 681 770 813
708 881 890 1050
683 866 886 1082
325 536 539 931
199 961 970 1110
532 912 1086 1105
87 309 407 660
768 829 965 1029
226 1002 1069 1107
964 996 1085 1090
434 541 908 997
656 1034 1052 1052
269 601 844 908
190 747 973 985
391 695 718 1031
19 468 807 1101
135 504 950 996
819 944 947 1089
994 1098 1103 1104
289 1048 1054 1070
205 720 843 1060
385 884 917 920
847 955 985 988
126 579 996 1099
336 727 750 988
279 766 885 1003
172 820 1043 1109
31 1067 1069 1082
411 614 659 715
143 546 831 905
320 471 836 1078
133 947 1058 1095
284 901 925 1050
79 256 747 779
64 236 468 1096
2 35 266 595
264 857 933 997
723 1019 1048 1060
261 447 769 969
62 481 553 554
967 1109 1111 1112
865 1068 1098 1108
667 1032 1059 1060
697 904 1019 1081
327 406 602 1092
207 332 548 848
330 964 1051 1067
578 1007 1085 1095
19 546 550 743
14 286 518 853
133 568 736 890
823 893 1013 1041
93 110 880 932
259 567 767 987
689 871 904 1018
273 540 807 1026
327 850 876 1092
95 1112 1114 1115
666 1107 1108 1109
577 1098 1102 1113
702 786 822 856
150 219 552 671
120 402 572 873
281 1055 1063 1075
949 950 1080 1100
474 1101 1105 1108
62 604 948 1055
557 872 1020 1077
239 708 888 977
197 789 1011 1038
170 298 416 515
45 333 929 1008
358 543 964 1114
596 694 868 1031
972 979 1055 1058
315 417 883 927
511 607 939 1103
57 67 444 752
554 828 995 1094
179 781 875 919
248 852 926 1032
283 442 583 739
70 685 746 1076
164 1054 1098 1101
317 762 831 942
74 372 666 1018
183 274 409 939
337 936 980 1041
253 848 854 880
410 501 702 860
68 408 513 972
442 1043 1075 1107
207 660 891 990
266 837 1081 1090
727 873 929 996
15 718 894 949
412 922 958 1092
155 727 834 948
41 427 876 930
343 1100 1106 1107
276 626 816 976
444 582 891 963
291 919 921 929
119 322 999 1001
179 917 1006 1045
475 900 941 990
11 564 578 1093
225 894 900 1080
136 589 754 830
427 918 974 1102
197 574 882 974
21 314 629 1007
27 234 784 786
461 1029 1062 1114
159 252 815 815
763 805 972 1032
732 1099 1101 1105
239 682 739 931
4 272 552 819
356 426 491 960
746 824 934 1017
680 698 724 997
304 1042 1057 1062
374 723 1045 1111
145 300 954 999
469 867 882 909
22 1057 1073 1105
98 825 858 860
37 720 1044 1093
615 748 1006 1053
538 657 792 1063
904 986 1014 1097
797 890 950 1060
161 640 782 867
93 898 921 1066
242 769 874 987
805 878 951 1017
400 1093 1105 1106
856 1098 1106 1110
429 812 957 1010
566 741 833 994
16 723 1016 1109
93 987 1003 1089
128 540 765 1090
416 936 1106 1110
112 451 783 1025
3 217 750 1006
135 646 819 1032
448 641 732 935
777 1076 1087 1110
111 811 1023 1089
492 904 1102 1106
212 753 900 1049
698 814 886 890
628 772 865 1074
556 756 853 1083
378 399 534 1112
513 871 1019 1108
714 754 922 983
417 930 990 1082
255 910 991 1087
244 408 683 982
134 187 440 448
136 269 885 945
86 302 387 1007
697 783 846 1005
128 475 881 1008
124 918 1081 1107
318 848 1068 1094
631 650 789 895
536 836 948 1076
260 557 623 734
347 770 851 897
345 603 658 1051
395 455 463 1089
266 573 792 1046
300 697 734 736
364 1088 1092 1097
194 1108 1111 1112
573 996 1072 1086
807 945 1012 1029
523 838 980 1003
20 930 1029 1040
4 350 500 954
683 719 811 1067
829 900 932 959
582 968 982 1080
392 462 629 1051
687 869 1063 1075
588 1040 1079 1115
830 875 882 887
396 593 741 1052
85 955 1027 1061
18 376 422 643
196 845 1051 1067
211 255 734 773
580 654 742 930
234 267 621 1025
178 273 569 632
405 522 587 1013
726 927 956 1094
109 469 608 940
59 416 465 838
396 890 952 1061
51 747 838 895
213 730 798 1106
506 1038 1044 1098
76 987 1044 1115
852 1091 1106 1106
579 582 602 712
499 1067 1072 1091
395 709 788 1074
27 459 553 653
760 941 1026 1082
3 728 985 1033
579 890 931 1052
23 478 857 1015
157 811 855 891
218 540 550 751
23 461 765 787
711 879 950 1093
303 662 882 1002
65 855 903 974
901 1075 1077 1092
427 865 965 974
448 1073 1076 1094
608 1103 1104 1113
484 978 989 1107
220 298 521 678
431 553 585 913
527 553 969 1013
393 428 742 1103
643 741 750 1087
27 206 1002 1076
389 391 587 988
34 782 993 1105
192 887 936 1097
596 968 1011 1073
261 878 968 1025
403 1036 1101 1112
394 484 1043 1111
344 686 771 841
325 902 1003 1093
322 468 539 764
153 868 928 1088
582 830 912 1069
38 1091 1110 1111
952 994 1041 1094
638 933 978 979
595 900 983 1002
926 973 1002 1104
584 1104 1112 1113
406 832 960 996
238 420 522 941
347 816 886 1056
112 920 964 986
305 1068 1073 1105
881 1068 1099 1108
61 1026 1030 1065
115 621 681 1005
885 1068 1086 1099
655 1036 1050 1102
391 832 861 921
437 804 945 1049
529 774 839 996
611 843 994 1009
357 859 991 1090
573 595 658 678
17 384 591 828
39 938 973 1115
439 568 680 858
216 1004 1047 1101
371 713 753 1000
586 651 714 985
142 147 798 859
210 1099 1108 1111
293 795 848 912
580 761 986 996
193 880 999 1050
25 253 273 1002
207 605 767 891
471 670 862 1097
453 766 992 1060
213 342 992 1051
351 444 616 711
28 703 988 1107
547 732 775 1089
148 457 779 1002
574 916 956 1095
414 991 1098 1102
176 518 565 1073
439 978 1044 1053
822 1077 1102 1110
563 1038 1058 1105
768 1016 1044 1085
614 1103 1105 1109
103 919 1003 1108
533 1105 1114 1115
222 893 904 1084
441 1024 1072 1098
69 242 964 1072
564 831 1004 1019
533 699 1002 1098
90 218 311 762
142 544 717 836
147 344 673 846
247 741 918 926
342 817 894 897
302 780 790 1005
642 922 965 1061
373 413 553 929
211 224 1043 1080
43 965 981 1006
152 351 636 647
422 584 702 788
78 606 931 984
363 425 494 848
363 461 601 1046
227 621 689 932
771 1014 1094 1109
85 880 900 966
745 831 1087 1091
24 518 566 1010
329 509 934 1087
14 996 1077 1112
326 992 1040 1088
32 215 368 476
983 1006 1039 1097
145 1043 1100 1111
44 971 983 1015
228 484 595 894
724 1092 1104 1104
104 867 946 975
293 855 878 907
778 781 941 1001
858 995 1011 1085
580 950 1042 1095
257 651 912 1063
456 641 810 828
556 819 871 1060
28 59 117 446
840 873 897 936
460 798 868 1115
261 569 789 1093
766 944 1073 1106
445 916 964 1055
914 1099 1100 1103
105 727 907 960
44 824 895 1097
348 417 537 1102
439 506 520 599
714 830 933 959
8 531 548 782
322 987 1015 1068
582 625 737 916
201 855 993 1107
231 510 584 1079
166 826 841 998
365 620 844 932
234 1068 1086 1109
48 473 800 963
446 774 820 905
330 705 739 1009
126 521 806 1078
147 768 822 986
407 608 798 811
552 771 967 1039
544 672 822 1093
48 509 745 815
893 967 1093 1096
594 964 984 1110
295 770 978 1007
667 862 986 1095
49 869 923 941
330 585 988 1100
275 1038 1109 1113
136 326 596 598
374 668 754 1043
623 1039 1089 1089
565 1092 1101 1109
329 1051 1099 1105
731 765 909 962
346 770 943 992
19 655 699 924
205 832 889 952
139 588 616 781
7 361 552 603
6 15 513 947
764 959 1016 1044
509 1072 1073 1110
316 614 689 984
877 920 1062 1100
682 811 962 964
116 718 746 1061
247 1006 1022 1048
271 933 1045 1080
42 80 457 1112
330 793 880 916
215 1062 1068 1082
410 542 975 996
106 171 586 819
179 879 905 1031
194 533 855 913
470 1085 1092 1107
274 857 902 952
421 693 717 717
700 834 964 975
444 876 991 1003
525 824 875 969
373 698 1018 1059
248 1007 1013 1050
391 464 470 1042
546 1067 1068 1106
632 835 859 1076
223 374 626 641
123 354 782 1094
142 1052 1089 1092
588 607 906 1030
465 705 957 1115
138 588 777 1092
422 975 1006 1053
443 479 513 998
243 704 829 1032
252 1026 1045 1104
28 343 650 956
262 619 620 818
636 745 993 1072
120 808 840 900
229 820 950 1083
283 496 535 978
479 621 736 1080
433 883 950 1036
1090 1095 1103 1104
255 539 988 1053
107 524 563 578
214 878 924 982
303 995 1065 1075
756 1029 1052 1065
259 286 573 607
151 190 617 1083
55 868 973 990
133 1112 1113 1113
42 776 843 995
271 354 501 924
985 1038 1089 1115
121 473 737 741
295 630 879 1053
346 745 778 911
772 851 1019 1049
439 877 949 950
140 876 939 1036
407 966 983 1086
696 779 796 814
430 717 807 848
91 520 622 1115
210 648 681 984
271 824 910 1006
529 948 1076 1105
309 584 755 832
111 172 467 1056
105 225 760 862
286 554 673 982
132 1053 1066 1068
44 987 1075 1112
841 996 1001 1005
244 760 959 1062
70 448 561 895
454 721 724 799
48 533 810 1101
744 933 1023 1094
823 1035 1048 1110
51 870 893 1053
444 535 607 1038
21 434 600 880
77 994 1000 1111
229 824 830 888
457 1106 1108 1108
219 625 1013 1115
292 977 1027 1057
500 799 818 1063
49 584 810 990
153 945 1003 1071
642 815 1022 1112
133 317 671 916
453 458 786 822
704 768 878 1032
382 918 927 1104
290 512 553 717
141 678 688 694
592 882 992 1086
857 1101 1103 1113
821 847 912 1091
95 152 428 852
476 961 1068 1098
115 655 927 970
5 944 1063 1098
282 394 619 767
32 935 991 1020
201 1105 1111 1114
907 1083 1089 1099
805 955 1026 1089
370 812 985 1087
99 233 594 918
358 530 882 999
168 222 360 1010
969 1082 1089 1099
798 934 947 1007
56 163 289 752
413 896 927 1067
467 847 935 1039
296 1010 1093 1109
311 618 837 1010
96 347 881 910
70 896 920 962
325 472 627 934
334 980 1015 1079
361 454 741 1017
264 1098 1100 1102
647 921 1028 1101
337 696 739 745
525 1037 1076 1114
229 757 761 1092
63 707 784 936
83 657 739 931
293 412 478 997
1 596 756 797
57 177 347 569
24 331 586 642
226 810 817 848
468 561 620 878
684 886 1034 1099
655 1008 1020 1068
550 559 676 1038
540 1092 1113 1114
337 1001 1008 1091
268 918 1055 1109
107 118 409 751
362 898 949 1049
589 935 974 983
195 912 988 1078
4 123 212 319
368 495 508 978
422 974 980 1057
313 999 1009 1074
199 817 936 973
577 978 1008 1090
118 506 518 611
414 969 990 1090
395 612 929 1026
583 867 1015 1055
558 806 966 976
246 611 794 1026
299 998 1004 1019
473 1098 1100 1113
112 440 724 826
620 699 917 1043
264 909 1001 1083
364 882 979 1025
220 660 807 897
504 952 961 1035
716 943 970 1052
554 1092 1109 1111
499 566 607 632
80 532 873 906
522 685 835 961
37 286 786 1025
295 526 828 958
601 784 1049 1064
207 405 633 826
224 828 956 1113
489 883 1097 1100
72 210 229 514
621 1000 1030 1048
436 961 1070 1071
11 70 250 500
224 871 1026 1084
694 854 1040 1046
244 708 813 844
429 433 583 1022
370 720 751 885
135 353 737 949
125 415 632 714
153 450 457 716
647 659 867 947
643 672 713 1097
867 904 945 952
343 652 802 1060
767 1054 1064 1113
919 970 985 1036
116 730 986 1073
761 1060 1081 1085
781 869 921 1021
157 386 945 1056
309 344 408 941
147 843 917 1059
409 1019 1053 1053
60 627 905 1076
497 861 889 991
324 925 993 1034
422 633 723 992
26 409 445 715
32 501 837 890
34 997 1077 1112
1023 1042 1072 1113
495 563 614 652
31 498 535 747
74 756 854 966
729 1010 1035 1040
65 702 902 1110
187 613 693 1108
599 1077 1091 1110
23 129 158 979
168 748 812 1100
657 773 892 897
955 1053 1065 1098
4 1073 1076 1082
163 580 674 1031
41 781 819 1092
355 611 1020 1067
862 972 1013 1046
791 1048 1075 1109
312 729 970 971
374 774 820 1024
88 474 537 612
24 146 548 592
231 591 610 1085
426 632 889 1018
86 306 745 939
296 372 386 459
275 1015 1036 1038
503 714 715 1054
243 817 1029 1042
806 850 942 1106
26 105 468 729
416 692 766 1021
856 938 1047 1073
432 620 652 838
130 927 956 1075
78 1084 1085 1111
268 728 734 1062
361 605 677 709
951 1049 1096 1113
529 573 651 815
532 955 986 1111
486 612 1035 1076
132 1063 1064 1093
181 589 656 1089
1041 1069 1104 1106
657 946 1040 1099
562 794 806 1042
306 423 517 921
585 647 649 852
154 183 190 479
177 495 656 805
56 786 815 989
129 348 766 848
211 544 589 1114
39 490 940 1055
304 382 522 571
254 260 266 599
489 670 677 824
592 971 975 979
375 782 894 1105
145 243 306 960
355 1039 1089 1113
56 135 424 1110
308 696 1043 1112
54 852 1059 1079
139 817 1026 1035
290 789 848 997
15 145 160 915
53 114 245 586
269 908 974 1039
133 1057 1076 1078
8 112 652 812
544 717 783 996
281 763 811 991
527 840 1057 1106
123 494 528 846
470 723 772 1022
598 620 662 662
257 391 855 949
435 612 907 976
4 140 460 915
4 142 761 920
469 517 793 940
187 454 515 703
853 1007 1008 1044
829 872 932 936
56 494 507 580
151 690 845 867
787 842 914 947
662 978 994 1106
295 364 605 727
565 599 869 1055
35 95 162 670
711 745 844 1051
48 1065 1066 1110
601 877 885 932
587 998 1007 1041
254 952 977 997
116 496 712 1016
288 1021 1060 1073
441 471 541 587
609 956 962 1070
437 1017 1071 1083
691 715 763 1070
274 546 588 631
546 745 948 982
331 1060 1082 1094
212 913 989 1057
651 780 1074 1084
271 562 637 941
492 670 935 1007
363 993 1032 1108
586 1094 1106 1113
746 811 853 1058
88 383 451 875
820 898 961 1010
228 811 855 1096
30 941 1024 1027
1066 1097 1098 1115
336 570 624 644
741 962 986 1034
262 880 935 1045
374 697 721 1080
166 196 523 765
357 584 790 828
128 391 936 1007
159 552 833 1003
60 573 725 739
859 929 950 957
936 1079 1091 1105
341 464 682 1101
436 1073 1087 1094
94 563 660 979
896 1068 1070 1082
601 641 931 1025
187 730 853 1059
192 688 795 1059
215 316 335 812
683 1002 1026 1092
934 1096 1106 1112
6 1111 1112 1113
373 835 881 1012
87 186 374 552
323 380 392 810
1068 1105 1113 1114
443 539 957 1102
23 675 720 740
12 630 936 1035
585 853 919 931
714 852 896 1046
551 764 843 1017
390 503 742 760
114 824 997 1002
194 973 1023 1104
32 898 1011 1061
299 984 1011 1032
142 843 882 1077
28 35 424 986
445 590 676 707
563 728 840 1096
247 812 1010 1055
667 804 823 939
573 723 738 793
168 973 1052 1073
269 331 892 915
121 639 646 930
807 1114 1115 1115
21 1071 1099 1108
303 452 675 994
18 423 673 1006
464 674 852 996
567 990 1009 1107
297 689 897 1011
80 755 854 897
259 1061 1071 1087
120 490 668 1000
589 710 849 873
776 947 961 981
764 913 972 1059
290 706 728 1002
38 828 1055 1063
416 881 1057 1091
268 638 871 988
884 971 1015 1050
203 871 888 1004
48 100 119 654
139 214 774 992
734 760 845 1006
288 566 712 1022
58 969 1025 1090
248 734 859 1008
297 792 805 1066
359 476 627 865
335 486 904 1000
488 1086 1096 1115
884 1065 1079 1084
703 848 853 1042
287 311 553 954
550 701 895 1022
145 361 542 1026
482 831 845 925
243 577 652 658
75 398 467 816
30 729 805 1071
275 688 794 1035
591 806 864 972
310 523 606 646
100 393 1065 1103
806 1109 1114 1115
206 710 914 974
537 961 978 1036
184 829 883 958
412 797 877 909
605 1085 1089 1098
233 782 851 1026
364 953 1063 1070
282 363 906 1067
658 791 986 1097
738 969 1070 1115
679 758 762 822
190 789 944 1058
256 1031 1091 1105
65 1096 1097 1098
158 1046 1085 1101
1002 1024 1057 1075
220 910 928 1088
61 355 568 865
695 1021 1071 1083
410 1009 1042 1115
540 726 1023 1035
417 961 1001 1019
7 277 420 805
156 440 712 862
503 886 968 982
147 1077 1089 1113
804 932 938 1060
864 960 990 1089
16 334 808 1049
353 455 500 768
405 660 712 730
668 874 908 1032
836 992 1062 1081
129 1084 1111 1114
914 1096 1104 1106
210 1047 1069 1093
261 750 843 929
9 914 1089 1113
123 505 589 680
846 1092 1097 1102
681 856 893 1067
785 857 877 961
293 799 954 1084
22 203 530 619
229 534 624 1055
368 549 603 888
41 840 844 1050
13 499 1019 1097
84 529 758 1086
348 720 746 1055
96 127 231 364
720 1055 1059 1063
127 899 944 1012
700 1064 1077 1088
26 1041 1044 1077
235 923 983 1035
304 821 902 1000
1035 1054 1097 1098
184 786 878 1003
168 477 587 1024
147 539 585 1087
387 561 947 957
496 1110 1113 1114
694 786 873 955
87 1079 1110 1112
239 633 1083 1084
61 1014 1043 1103
333 860 888 987
5 559 575 634
409 435 592 941
143 796 831 1002
187 847 975 1024
732 755 807 1007
345 354 523 792
293 444 964 989
452 747 899 917
25 439 466 556
67 460 542 670
130 394 656 976
33 436 911 960
525 1105 1106 1109
365 660 706 918
242 845 895 971
203 1095 1096 1104
154 258 555 636
778 998 1009 1093
144 165 1062 1093
703 1065 1074 1088
174 1022 1027 1082
282 1015 1017 1063
240 406 986 997
184 424 812 853
247 935 950 956
26 133 496 906
747 943 989 1087
241 547 574 1091
124 616 736 1071
175 488 920 961
873 889 945 1070
315 1104 1107 1108
468 884 981 1007
212 709 1011 1077
447 1102 1104 1115
561 967 1062 1076
323 902 1061 1086
466 654 684 1063
751 845 852 980
332 408 755 1046
377 918 919 987
541 798 806 875
541 752 757 947
24 780 816 889
296 399 856 952
61 185 581 638
190 1035 1063 1071
503 547 589 986
765 833 935 971
566 806 1032 1100
454 559 872 1056
34 1009 1013 1112
529 939 1022 1059
2 213 562 864
53 872 890 970
494 959 1055 1072
258 751 863 1096
469 1100 1101 1108
508 556 663 909
171 729 836 1008
150 745 980 1052
176 658 730 1003
175 871 895 1101
321 783 905 981
43 138 357 641
333 690 736 891
12 71 801 824
768 991 1061 1108
32 262 660 683
151 673 690 843
192 708 809 836
438 953 1072 1098
75 629 721 803
730 980 1030 1067
761 886 917 1036
433 885 949 1005
401 978 1001 1022
495 910 923 1025
506 779 851 952
235 893 919 1078
202 809 979 1092
152 627 976 1059
158 584 762 1040
931 1011 1012 1075
35 435 456 1024
151 980 1062 1065
899 1055 1068 1109
113 984 1043 1093
918 1029 1083 1111
13 684 722 943
579 706 766 1036
579 1068 1076 1109
521 734 809 1110
4 1015 1028 1106
867 1021 1034 1047
479 574 604 955
182 1005 1028 1097
511 1036 1066 1107
145 1103 1106 1114
329 857 878 1079
44 263 424 832
453 1063 1085 1106
402 1089 1092 1092
843 940 960 1090
663 681 1020 1048
259 777 1094 1105
423 550 841 900
64 75 469 721
192 1062 1087 1089
211 665 672 967
161 616 643 909
282 408 594 992
423 516 799 862
176 789 862 1107
5 582 1005 1046
138 369 810 1036
566 942 955 1086
93 438 755 925
275 973 998 1089
22 414 440 499
224 315 556 563
165 532 578 600
104 278 308 418
573 698 797 954
224 503 633 867
316 739 1018 1069
164 850 1091 1105
139 142 201 333
983 1053 1077 1093
510 542 708 923
117 1064 1081 1096
162 521 595 972
268 276 882 1076
1033 1081 1114 1114
8 764 974 1042
458 527 645 915
199 686 705 1029
853 942 988 1036
521 802 1029 1035
722 1029 1079 1109
182 638 844 968
880 1066 1068 1103
250 819 921 980
687 698 711 933
121 376 506 1036
179 411 644 750
211 450 827 891
832 1012 1021 1086
34 1087 1090 1111
813 929 978 1093
576 923 969 1004
342 342 727 798
1074 1100 1112 1113
52 350 657 995
703 727 845 883
65 811 984 1115
218 1099 1112 1114
53 707 920 1002
143 621 622 1025
716 716 801 979
497 1017 1020 1036
421 587 879 946
201 462 628 935
350 375 675 1023
212 429 532 1018
59 460 615 1066
365 623 662 1111
442 1031 1035 1106
558 1024 1087 1096
336 575 731 988
751 874 890 997
334 1098 1106 1114
43 1112 1113 1115
221 664 910 990
207 448 747 829
371 542 667 727
358 586 663 667
960 971 1020 1052
357 845 919 950
267 968 996 1022
147 199 697 788
257 278 417 1019
271 419 936 948
962 1095 1096 1109
254 595 1085 1094
333 828 1014 1037
634 652 681 750
98 967 1011 1020
514 577 826 1091
565 1039 1076 1092
20 150 850 958
111 523 662 943
119 953 977 1086
124 969 991 1001
96 315 537 1088
118 1015 1067 1075
262 714 729 767
230 916 982 1063
464 1102 1104 1106
237 438 881 1069
391 680 722 850
23 189 503 607
334 856 1037 1111
677 1022 1055 1078
544 1106 1109 1115
25 277 398 514
88 892 1095 1105
277 1002 1026 1106
9 434 893 1057
541 1018 1050 1056
436 510 575 933
1032 1045 1082 1103
323 772 946 1035
48 836 1004 1093
200 1096 1102 1107
121 811 941 1091
73 1043 1075 1077
490 676 766 1025
73 685 822 1071
814 1064 1077 1103
532 556 742 1014
510 1020 1065 1079
944 1015 1083 1085
843 984 1017 1104
363 655 661 661
541 676 773 944
635 1043 1068 1080
564 642 778 1096
602 756 827 1038
702 899 958 1088
147 755 913 1029
465 824 1105 1109
129 882 946 1022
305 924 1047 1080
405 659 728 934
652 675 942 1008
506 1110 1112 1114
594 772 884 1098
171 180 255 607
567 623 643 934
820 1069 1079 1091
159 1058 1081 1110
968 1089 1093 1093
109 445 490 650
753 827 950 993
345 913 1058 1079
57 991 1045 1082
371 461 774 1090
295 1099 1109 1111
320 737 914 1003
387 591 734 943
442 485 584 596
896 1042 1054 1103
868 1092 1093 1100
238 330 355 407
565 768 1037 1046
183 1076 1080 1112
904 1086 1092 1107
910 1081 1102 1105
660 1045 1087 1101
868 984 1045 1102
177 609 754 1022
286 613 893 1073
71 471 503 1040
23 664 988 1112
259 936 1007 1075
569 865 1033 1055
563 924 977 1063
699 753 786 918
711 1062 1069 1074
288 649 946 1020
109 126 174 403
496 986 994 1063
869 910 945 1009
746 871 880 932
202 567 744 777
520 548 628 996
628 894 955 1007
403 555 937 1097
1021 1025 1085 1096
589 803 923 958
742 1003 1031 1072
450 912 1046 1077
425 462 570 1058
433 660 768 983
704 981 1002 1043
894 1112 1114 1114
385 879 1054 1055
150 976 1090 1099
175 581 779 844
753 1058 1074 1087
450 484 848 1026
113 127 846 1025
97 462 533 1056
522 616 617 880
828 998 1082 1107
51 743 856 994
127 560 632 915
64 506 727 824
68 841 1032 1115
291 1045 1078 1087
219 462 874 1019
450 555 673 993
177 482 495 997
104 669 723 823
395 1063 1068 1101
270 1089 1092 1104
219 602 836 869
353 373 495 1088
551 1025 1054 1102
161 814 885 918
840 1008 1031 1082
9 1066 1070 1113
85 178 417 620
154 597 636 923
462 543 731 759
535 1022 1099 1109
488 532 651 910
474 604 606 671
773 970 1011 1015
528 767 881 1078
202 756 863 1109
502 885 914 920
137 624 639 1030
136 1061 1072 1100
490 958 964 1002
194 582 629 1051
129 808 915 1078
108 295 430 907
95 234 537 896
575 606 634 943
746 1075 1095 1098
554 803 871 1074
661 1112 1113 1115
876 954 955 1003
133 257 608 704
922 931 968 1115
320 700 798 983
1018 1044 1086 1097
217 615 872 976
546 1010 1017 1080
49 517 756 1006
190 587 619 1107
767 769 787 1008
737 906 1042 1109
180 684 867 983
191 541 719 884
122 581 896 1051
84 536 592 1074
224 418 686 1093
386 522 1032 1105
142 960 1015 1103
181 708 855 868
802 1107 1108 1111
413 846 855 964
937 949 985 1039
323 789 870 1080
121 1062 1092 1098
418 1004 1024 1059
682 975 1037 1113
454 985 1032 1060
236 415 434 679
341 502 943 1014
67 670 678 687
212 720 865 986
204 1108 1109 1111
605 990 1016 1085
149 252 721 733
16 517 750 808
493 778 912 1025
9 530 688 1015
287 462 738 769
114 913 1031 1041
625 1097 1103 1111
420 499 909 950
508 1021 1082 1102
300 816 843 1010
11 663 708 916
1051 1073 1085 1088
621 1054 1083 1108
55 1110 1111 1112
78 374 576 841
92 292 523 623
608 679 705 896
158 336 382 418
56 878 888 1098
585 719 885 1037
235 707 806 1083
82 1006 1013 1101
295 746 759 972
50 527 990 1087
128 1037 1062 1067
45 674 905 920
807 993 1098 1109
561 965 1024 1035
413 852 946 1006
76 790 861 915
242 806 910 1101
754 832 1015 1103
281 935 982 1057
441 904 1041 1082
633 857 887 907
149 606 624 1006
889 1070 1079 1083
192 974 976 1059
821 889 912 930
140 789 863 1100
120 167 208 1099
498 929 953 1069
601 765 881 910
294 1078 1104 1110
75 192 298 618
432 1071 1108 1111
519 867 964 1109
13 260 504 523
499 1079 1105 1106
277 577 609 677
911 1098 1107 1109
577 669 1003 1036
373 451 647 769
56 703 845 928
452 973 1014 1109
698 928 1047 1079
886 1033 1105 1114
824 985 1029 1107
370 421 583 1111
21 150 262 564
251 475 541 717
503 951 960 1111
32 397 427 515
185 600 711 852
677 967 1042 1060
327 891 905 973
136 255 272 856
45 311 578 663
306 429 864 1049
384 695 854 995
112 1101 1103 1111
57 416 788 1109
134 282 605 690
715 1034 1083 1094
147 869 875 983
9 191 495 1015
1109 1110 1111 1114
73 610 874 1001
469 521 963 1082
493 1076 1082 1106
533 802 856 886
153 511 962 1099
465 789 941 954
36 100 308 906
555 781 1021 1024
25 994 1057 1102
159 337 469 775
2 542 617 734
860 1079 1104 1112
15 844 1005 1013
660 795 890 1030
666 762 955 1076
603 646 837 972
663 886 976 995
466 867 1010 1114
47 438 704 902
336 948 1006 1053
487 657 815 852
327 956 1050 1058
378 785 1005 1115
560 738 774 912
152 1031 1033 1113
239 541 667 796
799 858 928 949
29 971 1026 1075
326 680 896 915
231 1044 1064 1111
673 1078 1089 1106
676 933 984 1001
124 666 907 1043
14 799 924 988
66 263 433 842
208 349 706 1008
109 877 935 973
95 727 910 1104
862 1054 1070 1096
210 799 972 1057
394 618 946 1001
899 1109 1112 1114
797 980 1032 1045
283 484 690 947
740 1009 1017 1095
209 608 664 1048
360 926 951 1059
128 245 343 529
253 735 870 981
638 888 1062 1104
95 101 403 969
242 570 637 971
737 900 910 1027
591 916 949 957
748 850 880 911
271 536 722 770
173 366 809 1005
259 878 988 1021
589 711 720 1101
797 937 976 1109
378 494 497 1004
518 790 955 1104
191 562 691 780
394 527 549 739
461 495 843 1010
310 865 1069 1080
557 632 729 954
2 373 431 1039
681 743 762 992
211 1020 1034 1043
251 321 424 707
137 301 520 1088
282 438 504 656
146 641 655 962
507 988 1035 1087
157 815 913 1012
2 882 907 976
264 289 372 920
29 133 159 743
167 863 945 1019
314 691 940 970
931 939 948 985
359 634 928 1078
552 574 739 956
766 967 1089 1096
26 623 908 1070
310 855 1022 1061
430 438 563 623
182 1093 1111 1114
676 1058 1059 1080
77 793 953 1049
23 1073 1089 1090
224 545 641 1032
146 1008 1070 1077
824 864 1085 1108
168 221 292 499
436 861 985 1016
78 865 888 1034
192 970 1022 1083
116 205 543 1039
276 567 707 894
568 935 972 1078
66 683 855 1052
257 323 793 1048
61 857 939 1113
267 801 996 1016
20 363 477 798
547 832 904 1058
200 264 407 676
101 827 889 1015
253 386 434 1001
280 513 908 945
150 324 651 890
201 377 680 1094
13 874 954 1068
550 927 1055 1106
114 784 989 1010
360 740 751 1066
476 602 758 880
64 101 316 367
415 652 659 762
199 223 258 449
495 966 1047 1074
289 1003 1056 1083
53 459 479 1034
153 504 751 878
590 849 868 1021
228 707 911 943
21 838 968 1060
35 862 980 997
455 838 905 955
248 567 706 1093
569 915 926 985
614 1106 1108 1114
599 623 816 919
749 773 819 973
215 523 587 951
350 439 909 954
366 810 1007 1062
412 736 875 1002
387 846 935 1086
553 978 998 1085
503 961 1069 1092
81 378 531 942
518 1064 1070 1088
687 1010 1064 1071
884 934 1032 1054
223 499 661 731
42 692 849 1039
377 747 833 1062
633 715 716 947
849 901 1068 1110
343 561 891 1114
769 967 1030 1068
367 866 904 1066
987 1105 1112 1114
735 753 862 959
289 822 903 1045
94 821 1005 1111
505 665 858 876
368 420 475 799
587 1113 1114 1115
98 961 972 1076
606 923 993 1048
171 964 1014 1097
731 788 976 1079
443 483 493 960
470 941 1039 1044
464 1054 1062 1080
118 445 870 917
177 1032 1052 1082
214 662 989 1078
348 607 703 768
821 840 930 1030
249 386 705 1086
18 301 395 876
7 956 1031 1077
585 753 944 1059
94 937 969 1073
691 1107 1111 1115
451 747 933 1029
144 1001 1073 1082
877 957 1013 1099
904 1051 1059 1064
325 672 858 1082
915 1021 1057 1090
213 916 1016 1042
113 242 307 718
262 558 657 1093
967 1105 1110 1115
283 417 659 1062
256 908 935 1070
776 1013 1032 1032
119 190 681 794
746 781 916 1000
483 925 1040 1094
973 977 1019 1036
699 786 911 949
192 511 551 798
53 64 842 1061
247 984 1068 1082
615 885 1066 1102
186 678 853 952
49 96 111 656
422 465 542 1061
788 1084 1094 1099
844 1111 1114 1114
567 1019 1023 1093
170 801 817 1106
355 694 727 800
643 679 724 739
317 620 980 1041
79 256 577 653
711 1050 1059 1104
338 698 740 773
64 488 975 1043
4 381 384 981
804 986 1012 1097
633 936 1102 1115
367 448 833 1083
238 606 661 817
161 756 801 946
232 978 986 1094
78 627 760 948
140 280 391 851
833 850 949 993
328 497 732 995
622 828 845 908
297 544 617 688
239 799 915 1042
341 630 782 792
423 1038 1103 1107
379 824 849 1081
319 547 564 1040
316 725 881 991
110 1074 1113 1114
416 694 790 911
117 1083 1100 1112
574 920 988 1058
457 592 795 891
762 813 963 1095
930 1020 1029 1037
348 1058 1064 1074
752 775 779 1048
503 866 1062 1092
268 292 432 653
533 924 1078 1103
175 910 1001 1092
892 1107 1109 1115
504 505 703 1022
71 1070 1089 1112
445 634 802 958
371 714 851 932
137 786 936 1075
570 911 1056 1065
332 358 694 761
281 440 642 659
265 522 721 761
75 587 688 786
178 667 798 822
1000 1033 1063 1107
1 650 809 1039
713 841 1077 1109
767 836 929 1004
424 550 944 1066
219 1113 1115 1115
136 535 551 884
284 409 737 927
243 287 654 880
760 951 1010 1031
324 368 405 1114
290 624 673 1104
538 801 835 1010
680 730 797 1003
803 816 872 1016
428 971 1043 1076
31 1069 1081 1089
157 438 441 937
2 1005 1025 1085
156 339 783 893
427 903 945 1020
145 148 286 814
751 1016 1087 1099
281 530 580 832
422 680 777 985
556 1086 1095 1111
41 654 769 806
824 830 885 1001
915 934 958 967
155 668 721 807
193 214 250 910
451 513 609 903
590 1085 1095 1112
553 914 952 1085
95 739 927 1049
90 252 677 859
67 881 1091 1114
62 571 932 939
828 1039 1045 1061
587 764 910 1108
87 1036 1039 1061
124 791 819 1107
412 920 945 985
287 311 326 672
257 578 582 837
362 954 1049 1058
283 1086 1099 1113
851 1067 1068 1070
331 760 879 1113
676 683 786 1091
615 767 828 962
80 81 245 833
202 873 956 1088
75 1091 1110 1113
624 840 889 1070
621 639 713 964
13 882 998 1026
428 506 876 947
790 862 948 1015
497 736 852 926
946 1111 1113 1115
401 1076 1109 1111
918 1024 1025 1113
75 75 121 903
273 1094 1112 1113
150 216 725 1003
571 955 984 1067
222 480 602 701
599 952 1048 1075
39 394 757 858
40 126 882 1064
395 442 574 1047
376 963 1027 1035
736 1028 1037 1059
913 1012 1031 1074
262 1050 1093 1111
99 467 579 588
297 953 963 1106
22 364 864 1027
37 352 442 680
463 892 1027 1029
359 404 944 1088
657 661 740 818
390 799 922 986
453 1100 1114 1115
260 919 948 1114
323 959 997 1014
528 596 713 899
434 865 867 871
236 264 382 677
202 499 832 924
292 470 636 927
241 711 905 922
57 175 991 1050
494 647 722 770
789 1028 1034 1087
393 821 842 913
77 244 672 944
386 443 457 653
181 234 343 828
198 456 844 845
950 1092 1104 1113
282 496 539 632
26 828 982 1078
397 750 767 941
274 700 834 845
859 926 947 973
467 572 930 1071
467 796 815 918
336 981 1043 1104
523 929 1033 1082
1007 1013 1104 1104
108 321 408 427
687 1009 1024 1036
39 1021 1025 1063
380 423 586 904
546 971 1050 1076
647 1069 1071 1077
740 919 934 1023
285 801 879 933
345 974 1030 1104
654 958 1064 1091
98 377 899 1091
276 701 948 1032
146 502 727 743
456 632 762 893
796 834 840 862
37 124 525 719
466 1043 1089 1103
849 931 962 1051
579 594 784 1065
620 747 792 999
115 226 465 768
37 207 352 926
684 691 934 1050
305 748 914 1064
345 806 846 886
397 920 1022 1041
211 1022 1067 1094
475 590 726 754
148 976 998 1053
379 989 1018 1030
689 1103 1104 1111
456 963 964 1059
534 765 996 996
91 264 426 614
437 864 892 998
74 537 779 874
952 1037 1080 1084
12 1046 1075 1087
307 798 852 1103
489 854 1009 1018
533 958 1023 1115
532 554 567 892
473 978 994 1115
215 508 694 1063
656 718 756 1051
377 430 689 907
331 914 1107 1111
991 994 1058 1091
152 444 926 959
702 946 959 971
58 610 760 804
171 895 989 1039
110 322 480 824
30 203 332 566
247 910 958 1036
860 910 1013 1089
694 1074 1083 1098
527 959 990 1072
508 876 967 1031
571 894 963 1103
38 453 507 702
304 967 1039 1061
131 827 1101 1106
517 719 883 963
266 537 735 855
355 1026 1092 1106
36 877 992 1106
709 997 1022 1093
102 176 402 738
835 912 992 1016
281 381 535 767
712 874 929 943
456 510 1024 1113
976 1107 1108 1110
27 827 970 1036
6 482 819 951
291 865 936 947
339 1095 1112 1114
135 176 502 660
275 681 703 807
239 534 611 1004
289 948 1001 1036
476 1057 1088 1113
736 1061 1099 1111
295 547 561 680
558 709 933 1049
273 849 889 1011
727 1005 1017 1055
516 731 830 1001
128 185 819 823
679 1058 1076 1114
97 580 739 1043
262 775 854 997
779 1035 1050 1071
53 126 237 340
562 740 987 992
163 959 970 1000
97 646 746 914
281 731 774 945
246 633 997 1079
619 630 947 950
808 986 1029 1037
63 549 948 1024
329 555 773 964
164 473 703 871
116 900 936 942
180 1097 1099 1105
206 337 622 867
447 795 962 1113
317 661 852 987
19 544 572 1090
130 205 496 820
957 1072 1080 1088
1054 1098 1100 1114
189 928 985 1070
795 1101 1102 1103
190 413 545 712
662 692 903 1041
94 782 935 942
657 931 946 1020
617 725 858 902
53 154 715 998
343 1035 1048 1069
368 836 896 1028
612 621 723 1097
278 725 823 948
1023 1040 1055 1109
83 668 911 939
959 987 1089 1105
64 899 932 1078
108 938 1049 1050
461 1067 1075 1112
229 409 611 1104
697 939 963 1096
221 1066 1074 1083
294 1080 1098 1110
241 699 757 996
155 595 903 946
757 792 827 932
837 1046 1066 1085
382 795 816 1039
54 412 571 792
542 1057 1062 1078
636 787 828 900
310 663 703 842
389 1113 1114 1115
298 805 838 897
515 1096 1107 1111
69 839 890 1103
561 1078 1090 1094
92 690 823 941
18 811 942 960
463 863 952 1067
290 1034 1066 1084
288 918 954 1008
58 212 315 328
437 916 956 971
162 405 623 772
21 524 533 762
895 984 1002 1011
714 1087 1089 1092
831 1006 1045 1062
320 496 741 1047
230 458 709 913
477 691 748 1057
171 630 646 1037
521 1042 1066 1081
817 1010 1075 1082
626 761 989 1074
140 277 436 794
442 1007 1025 1072
613 896 899 916
758 828 965 1051
570 689 827 874
316 960 971 1051
716 1011 1022 1086
41 1095 1104 1108
440 862 864 893
356 745 1075 1093
87 192 507 752
312 997 1064 1082
372 752 896 921
407 427 880 890
867 957 1082 1101
351 884 927 1052
117 258 328 756
472 919 922 951
460 468 891 927
533 1079 1081 1084
707 1026 1053 1058
622 1043 1064 1109
248 645 869 1094
612 1071 1084 1110
107 203 921 1080
573 662 719 775
686 745 918 1066
50 1090 1092 1109
495 680 685 1000
323 792 969 1017
564 963 967 1045
177 249 582 886
255 327 744 836
179 382 926 1002
36 416 527 581
498 1052 1078 1104
547 1042 1081 1096
450 1046 1057 1091
179 693 775 1105
367 1049 1076 1093
536 656 754 1018
750 974 987 993
470 921 931 1039
53 388 581 706
604 852 964 1005
629 995 1051 1071
595 780 938 1043
340 384 887 1012
660 702 736 845
88 565 894 1025
191 525 766 849
876 1019 1031 1107
28 599 649 884
62 463 694 903
59 777 818 841
839 987 1016 1073
359 785 840 945
382 991 1030 1113
35 286 295 524
195 474 600 984
845 1075 1081 1113
150 724 1038 1100
772 800 819 830
456 998 1041 1070
103 864 917 965
949 982 996 1016
713 918 1025 1077
88 705 768 1077
886 922 1028 1097
196 674 947 1005
316 876 883 1057
678 873 1002 1093
287 327 374 445
244 301 555 1018
701 835 873 1106
770 980 1032 1037
47 278 310 797
674 905 1016 1035
809 928 1028 1113
662 1059 1077 1109
367 511 862 970
488 673 900 905
385 1020 1029 1060
112 863 921 927
126 586 676 1101
74 1082 1085 1088
131 395 954 993
174 672 707 907
97 207 210 1073
420 586 964 966
191 387 698 948
425 889 957 1051
753 915 976 1036
168 648 772 791
55 996 1042 1085
18 815 958 1103
186 849 928 1087
297 621 809 1104
442 580 716 1093
629 856 1029 1095
124 235 597 609
780 828 925 1041
119 538 763 859
606 798 970 1096
240 395 539 1052
698 966 984 1012
334 634 981 1030
386 781 786 1103
49 922 982 1041
274 335 701 919
409 970 993 1056
58 1009 1027 1099
275 732 749 997
134 297 625 842
175 444 477 532
493 773 958 1011
26 1001 1051 1092
134 638 922 1030
218 319 950 1090
771 921 924 1059
587 941 1047 1068
376 943 986 1086
9 716 1013 1114
472 792 990 1037
637 767 986 1038
50 569 889 916
536 1054 1061 1114
614 639 653 919
209 630 688 1055
928 1003 1041 1086
465 945 1008 1078
130 1024 1035 1096
332 385 514 595
715 875 964 1019
880 1025 1034 1091
776 1076 1098 1102
226 452 561 895
172 1105 1109 1115
443 1017 1027 1086
615 686 856 937
758 1044 1068 1068
7 900 1008 1092
351 630 799 1066
419 745 897 958
557 757 991 1019
312 849 962 1026
555 677 723 969
70 592 854 1050
139 711 761 841
687 1067 1092 1097
48 726 756 820
116 573 616 1077
235 868 1020 1035
268 981 1055 1101
47 712 748 1078
45 996 1044 1054
535 927 1060 1108
746 1097 1108 1115
516 538 553 610
681 685 962 998
38 482 501 845
538 854 943 1037
249 451 538 882
588 820 883 1075
434 994 1021 1111
480 798 952 1050
546 600 845 1032
305 1106 1109 1111
244 371 801 968
566 574 788 835
42 176 612 675
143 1109 1111 1115
320 390 828 1078
420 422 609 750
