133 5987
24 39
60 75
41 127
16 105
61 85
1 103
10 53
20 35
47 104
38 53
69 76
80 107
57 89
22 120
15 116
6 69
90 110
10 36
68 108
34 55
12 87
4 72
93 121
22 58
48 58
12 31
6 109
60 93
50 109
88 107
62 84
16 17
29 33
43 108
23 111
70 80
89 111
36 44
44 127
17 75
46 116
58 102
4 57
18 87
52 77
12 18
118 129
61 124
82 84
18 71
35 40
47 113
71 99
60 127
1 127
43 85
19 109
6 71
10 113
79 88
91 107
28 63
62 83
31 121
33 121
6 116
48 88
52 123
13 81
98 127
82 116
25 45
13 47
45 103
44 70
6 7
45 120
81 117
4 119
103 125
67 75
31 113
58 75
24 43
62 78
32 55
1 14
8 79
19 78
41 69
70 99
63 93
17 111
37 95
78 105
12 23
60 125
87 115
75 96
22 52
112 122
44 58
58 110
8 98
53 110
33 129
3 68
110 127
3 5
84 94
39 65
15 34
8 54
37 92
1 104
52 72
16 94
53 112
61 127
37 110
21 98
108 112
37 54
7 121
89 94
36 108
43 47
53 101
85 108
8 63
16 103
43 125
76 89
84 120 124 126
93 115 117 124
14 115 127 128
61 95 127 133
9 34 75 77
40 68 104 122
118 130 132 133
11 80 107 124
20 53 111 125
20 23 27 46
9 113 119 133
66 120 122 126
35 90 99 104
43 98 107 118
67 71 77 92
38 90 95 98
57 122 127 132
54 71 117 120
23 28 81 124
36 104 111 133
3 84 86 104
69 78 102 119
5 129 131 131
76 120 122 132
47 98 100 133
9 41 94 107
41 84 121 125
7 131 132 133
68 74 101 120
53 131 132 133
44 78 100 126
34 67 68 118
85 94 131 133
11 123 127 128
8 44 79 88
54 114 123 126
46 95 113 128
29 89 91 120
96 99 100 101
40 85 119 124
17 46 49 108
83 98 105 129
18 30 57 111
83 102 105 131
31 80 102 128
16 28 43 133
96 109 125 129
3 106 112 112
16 93 123 127
75 87 106 117
22 67 103 123
38 118 123 130
14 100 132 133
23 70 89 118
27 68 108 117
49 120 124 128
93 125 126 130
111 128 131 131
96 112 125 125
8 18 124 126
110 111 119 128
66 89 113 130
65 89 106 127
83 88 126 127
55 76 94 99
28 46 60 92
30 93 114 119
75 85 93 132
12 14 27 75
57 57 106 107
60 82 85 109
71 98 100 103
11 104 109 114
28 48 64 119
34 96 101 126
14 114 128 131
3 131 132 133
20 124 128 133
78 85 102 122
72 121 124 129
62 69 70 80
21 74 100 103
32 80 99 123
3 10 55 116
12 21 79 82
36 52 55 121
21 85 96 112
41 123 126 133
105 112 124 126
63 121 125 131
75 118 120 129
61 101 107 123
114 119 120 123
8 116 118 129
43 107 116 122
36 96 98 129
25 126 127 129
95 127 128 131
29 52 56 92
34 66 125 128
34 115 117 123
42 78 83 122
73 96 127 127
8 97 120 121
66 132 133 133
24 93 109 120
24 56 72 98
27 39 54 58
74 79 114 128
52 92 104 111
69 103 104 123
22 80 101 108
83 128 130 132
12 91 124 129
49 59 100 108
10 75 110 116
47 80 81 117
14 32 35 41
72 131 132 133
11 59 73 83
55 92 107 124
87 116 129 131
14 22 68 75
40 44 64 123
79 90 126 127
50 103 112 127
14 43 99 117
33 81 84 114
8 48 82 102
82 89 110 122
15 90 101 125
82 84 115 128
38 97 112 119
2 12 109 127
22 116 121 132
76 104 118 124
100 130 131 132
102 106 115 126
20 121 125 132
89 118 119 128
70 93 113 131
37 114 119 123
64 86 87 130
111 128 129 133
64 105 106 132
35 86 87 111
59 66 92 116
15 17 39 52
72 119 127 133
42 105 121 122
57 92 114 115
12 38 48 115
9 67 99 119
51 73 84 114
30 112 120 127
57 111 123 133
95 98 109 122
25 64 101 118
41 96 116 126
2 87 109 132
7 51 52 114
18 19 23 109
66 84 93 104
5 60 86 97
62 92 97 106
89 131 132 133
70 114 116 125
52 117 119 131
114 131 132 133
22 31 34 67
64 125 131 133
79 94 119 130
71 132 133 133
65 116 117 133
9 88 111 114
15 129 132 133
53 71 105 120
2 6 76 76
33 82 103 120
21 73 105 125
5 129 133 133
109 120 126 128
70 127 128 132
73 86 124 133
56 96 113 115
10 21 40 53
24 73 82 83
11 73 84 128
67 84 102 133
5 30 117 119
92 125 129 133
75 105 117 123
18 83 96 126
8 94 116 119
22 71 104 133
86 119 127 130
84 88 104 121
13 65 92 129
72 119 121 121
74 114 122 128
30 102 110 127
26 122 129 132
100 101 118 123
27 28 33 123
28 31 97 115
71 83 100 129
39 96 122 122
29 51 54 94
104 118 123 123
121 130 131 132
22 64 69 90
35 73 74 85
18 67 74 76
46 88 115 118
24 31 65 72
47 82 90 113
13 63 64 94
102 132 133 133
79 128 129 133
65 126 128 130
9 40 47 109
39 47 75 84
29 48 71 74
63 75 119 133
31 90 100 111
47 89 96 121
1 50 98 117
33 37 48 63
89 100 126 131
14 56 118 125
25 100 107 117
8 73 81 94
65 68 95 122
115 128 130 131
73 79 115 126
32 99 104 126
19 65 97 125
83 130 131 133
88 127 128 131
31 54 107 123
10 35 74 106
32 37 62 93
32 75 98 106
50 107 115 116
50 74 113 117
66 132 133 133
12 108 110 123
17 98 109 126
24 101 117 122
14 84 90 121
61 78 95 102
1 64 89 122
37 131 132 133
110 115 125 133
23 84 107 108
115 116 117 132
38 85 96 118
12 49 52 82
20 22 45 47
81 114 119 121
98 102 110 116
40 129 130 131
8 85 98 111
4 55 129 132
5 17 44 79
15 53 103 109
89 110 118 131
28 101 109 114
37 121 122 124
95 120 121 124
43 44 77 128
62 67 68 105
21 117 124 131
74 120 121 124
5 73 80 109
55 63 69 115
107 113 114 126
18 95 103 106
47 121 122 127
99 120 128 131
44 87 95 127
20 82 99 115
38 116 122 129
27 116 119 124
42 118 123 128
100 103 108 133
51 88 90 129
73 126 128 132
97 100 111 130
23 103 110 115
27 38 68 98
29 106 111 128
45 101 111 122
6 80 94 122
66 92 101 116
17 114 127 131
62 97 114 126
26 104 120 130
35 54 98 98
31 124 129 132
28 126 133 133
22 129 130 133
44 56 70 85
110 129 132 133
4 15 20 129
22 106 108 126
12 12 48 110
8 106 116 133
60 108 119 121
23 57 59 100
66 98 130 132
65 85 102 116
10 94 105 126
3 51 67 98
8 50 105 118
59 102 119 130
3 70 105 108
43 56 57 90
34 66 98 122
85 130 131 132
65 77 87 115
67 77 117 131
47 72 85 89
8 33 56 94
19 29 45 121
17 44 90 133
44 60 75 122
15 39 56 63
6 65 106 116
40 122 128 128
8 128 129 130
36 76 92 98
3 41 54 59
5 102 105 109
54 97 109 113
22 28 91 102
16 77 89 98
74 115 130 131
29 103 119 127
25 71 74 101
47 113 127 131
83 114 131 131
119 125 126 132
64 104 106 107
69 125 128 133
41 128 131 133
72 76 86 94
35 121 129 132
37 122 128 133
26 52 74 96
80 123 124 125
112 118 119 123
20 22 99 113
38 106 120 122
68 102 127 130
47 63 102 118
15 39 113 125
25 41 132 132
73 128 131 133
33 91 96 105
78 83 93 116
93 129 132 133
5 84 99 126
89 93 97 128
21 91 97 107
101 127 129 132
20 38 46 56
113 129 133 133
9 66 74 90
20 75 81 109
13 98 111 127
43 51 66 71
22 24 42 70
87 94 95 112
50 132 133 133
17 67 96 119
11 50 57 91
96 113 116 131
64 76 79 104
11 94 115 124
59 104 110 113
2 43 67 103
15 110 130 133
19 46 52 62
35 80 92 92
3 108 113 124
19 115 120 121
75 114 119 123
3 15 50 100
85 108 122 122
18 105 114 131
102 131 132 133
17 38 64 114
43 47 75 115
50 62 107 123
91 128 131 131
42 85 125 130
34 132 133 133
100 112 114 123
96 105 117 121
54 110 112 128
39 86 88 121
48 78 90 132
70 130 132 133
80 112 120 127
21 80 106 128
11 64 69 83
80 106 116 130
28 84 93 105
56 76 93 127
22 123 126 133
19 68 72 126
4 128 131 133
3 99 126 127
80 81 126 130
67 71 93 115
39 100 101 119
73 102 111 118
18 97 99 108
3 85 91 106
120 122 123 131
7 125 128 133
7 8 21 65
2 8 31 69
103 126 127 130
74 95 113 133
13 37 109 129
48 94 108 126
4 29 41 71
85 99 102 108
71 129 132 132
82 103 119 121
37 64 65 83
94 100 103 112
36 69 72 113
37 95 98 111
89 97 112 119
44 120 127 131
3 108 123 131
23 26 45 88
1 109 116 119
34 50 79 91
78 85 86 87
27 60 77 123
51 100 127 130
90 132 133 133
34 90 106 123
12 125 129 129
90 93 115 128
82 123 128 128
18 22 55 123
25 42 106 132
59 123 128 128
36 125 128 131
3 43 94 129
75 115 117 131
65 94 97 122
106 127 130 131
20 129 130 131
16 69 72 118
72 73 75 111
49 72 94 115
60 84 118 125
10 80 128 132
30 70 104 111
22 103 108 131
47 129 130 133
13 13 103 109
38 98 99 133
51 107 120 129
5 13 88 129
75 96 117 126
55 64 83 119
26 78 80 127
61 100 119 132
18 114 122 124
24 67 82 101
21 95 109 119
48 71 76 102
17 32 94 113
19 49 67 85
101 128 130 131
36 98 100 104
5 131 132 132
5 60 67 123
44 83 105 114
7 76 112 124
27 62 86 87
29 80 88 117
17 72 76 86
60 87 98 128
26 101 120 122
104 130 131 132
72 115 122 133
16 45 62 70
38 60 99 119
33 101 114 120
17 37 38 99
45 57 71 114
50 112 114 124
30 48 106 129
12 131 132 133
61 93 108 130
64 124 128 129
6 19 73 102
57 79 80 110
50 79 93 120
51 57 86 122
106 113 115 122
10 70 76 128
75 129 132 133
8 54 77 129
113 120 124 127
106 108 119 122
91 123 124 127
65 104 117 120
43 109 116 118
2 5 39 95
7 94 98 103
24 125 129 133
28 127 131 133
62 70 85 101
23 76 111 117
57 77 117 128
76 91 97 118
95 121 122 125
16 130 132 133
37 55 70 88
47 50 78 90
79 85 98 120
5 29 61 99
22 84 103 114
55 76 102 127
10 120 122 129
21 101 102 130
18 62 75 132
15 123 125 130
20 111 123 131
68 77 97 108
3 82 100 120
40 88 93 124
7 88 107 129
24 64 80 91
53 79 108 111
14 44 56 124
52 116 118 124
43 55 69 106
59 75 90 105
53 107 124 126
11 63 74 105
79 102 107 124
63 119 120 125
3 70 83 111
105 116 118 131
35 60 113 126
110 114 116 127
6 56 105 111
59 98 122 131
43 78 119 120
90 119 129 132
111 128 130 132
79 117 118 125
27 62 80 86
67 104 121 128
61 125 126 128
53 79 100 130
1 33 73 119
57 77 90 108
36 119 123 125
74 103 116 121
75 121 127 128
95 122 123 126
10 124 128 131
3 35 75 81
76 84 89 100
44 79 85 101
45 132 133 133
2 51 81 115
103 119 120 123
62 85 117 118
77 93 107 123
39 63 102 105
54 92 117 121
44 48 94 102
52 122 124 133
99 131 132 133
80 100 121 127
14 35 101 114
66 124 132 133
88 115 120 132
77 93 96 96
28 93 108 119
50 82 122 131
37 115 122 126
35 61 84 118
80 125 126 131
67 76 83 123
74 79 92 93
13 42 95 108
8 106 107 118
26 73 79 86
13 23 33 89
50 83 102 108
10 102 119 131
13 23 24 102
61 125 129 133
55 57 83 113
60 86 107 122
6 14 45 56
1 115 121 131
16 51 102 109
96 124 131 133
15 26 66 69
72 83 103 124
14 50 114 129
2 56 111 121
28 111 126 127
15 121 132 132
53 113 120 133
13 110 114 126
100 102 118 132
31 124 129 131
42 71 103 127
55 91 105 132
46 112 118 123
39 71 120 121
3 24 84 90
63 87 101 110
10 74 116 131
51 57 97 126
13 84 107 112
3 87 101 129
41 52 55 104
96 122 126 128
11 109 128 132
87 102 128 133
11 124 126 127
70 116 117 133
75 130 131 133
90 104 105 112
92 119 120 122
61 94 103 113
51 121 129 130
89 108 114 133
49 76 119 127
28 65 78 118
67 128 129 131
43 58 76 95
64 103 122 128
19 68 77 106
75 80 86 120
30 125 130 132
80 99 108 127
1 24 131 132
104 120 129 131
52 58 105 133
114 121 131 133
12 122 127 132
103 121 128 128
58 73 91 125
65 107 118 126
27 52 78 98
32 106 107 122
4 96 110 128
42 130 131 132
11 125 127 131
1 90 93 115
16 71 94 126
29 64 99 101
35 53 81 85
26 90 102 103
74 78 114 132
58 124 127 131
26 95 129 133
106 121 123 124
62 78 110 127
24 118 119 123
93 109 111 132
2 96 123 130
58 88 90 109
7 66 93 112
116 124 125 131
59 86 102 132
11 125 127 130
68 126 132 132
23 99 126 130
79 79 88 91
98 118 120 124
78 114 123 130
125 131 132 132
61 104 106 113
108 113 118 133
59 127 130 131
47 128 129 133
30 94 123 129
25 117 118 122
31 65 75 79
70 117 121 124
8 14 106 119
75 97 98 130
16 31 33 51
38 84 115 132
80 102 110 121
15 45 84 104
19 126 128 130
82 85 109 116
59 75 85 92
68 91 115 121
31 119 128 129
1 115 119 129
22 106 108 124
60 67 84 106
76 127 130 131
40 59 78 116
69 79 105 124
17 72 120 129
43 94 108 132
37 103 116 129
42 123 125 126
3 117 125 125
90 116 125 128
14 61 88 99
12 15 53 127
64 91 92 104
86 129 130 133
19 132 133 133
102 132 133 133
10 36 39 82
60 120 121 125
30 132 133 133
19 110 116 133
23 32 60 132
94 107 123 129
18 20 27 53
56 79 84 100
61 113 125 132
21 70 77 124
19 106 114 115
7 97 103 104
18 34 37 123
26 100 111 121
38 61 67 102
84 126 127 132
29 118 130 131
31 56 86 89
66 120 122 132
66 107 109 128
50 132 133 133
104 118 124 124
40 59 96 120
48 56 104 133
8 59 71 106
91 105 116 130
9 95 108 118
20 23 26 120
63 83 99 133
41 72 83 130
71 76 93 100
8 59 95 104
84 104 120 126
8 12 74 106
54 62 90 123
52 68 118 126
121 123 126 128
57 112 116 128
79 118 119 123
14 56 71 78
85 95 98 115
31 63 87 123
70 108 110 118
17 41 45 100
61 118 125 132
19 51 64 125
59 67 100 104
74 76 89 98
40 98 106 124
11 119 120 133
117 125 126 133
72 81 88 120
39 78 119 129
85 121 129 130
45 68 108 116
47 122 127 130
23 70 91 108
1 14 85 90
69 88 98 118
8 24 88 113
28 95 116 128
30 99 110 128
35 75 77 133
32 117 124 131
52 91 113 121
17 123 129 130
108 129 132 133
92 100 102 109
20 49 55 132
19 75 86 118
56 119 126 133
82 95 105 130
57 129 130 133
49 75 116 119
60 93 114 131
18 64 85 96
40 79 99 109
14 123 124 129
42 112 119 133
44 130 131 131
68 103 113 127
111 122 124 127
75 131 132 133
69 79 118 124
27 74 76 120
5 42 57 96
35 98 107 114
50 74 78 131
75 83 84 127
15 121 122 124
20 62 91 108
4 108 123 131
23 106 113 131
64 70 99 108
9 57 62 94
22 131 132 132
88 117 122 131
51 73 93 94
82 128 129 131
20 95 117 132
47 122 123 126
50 132 133 133
4 86 107 108
62 95 104 129
72 99 105 110
24 100 105 121
14 24 90 126
32 45 87 125
41 79 113 128
55 60 126 130
67 100 106 112
94 119 121 121
76 99 115 117
81 126 127 128
109 131 132 133
42 78 112 116
107 117 126 129
93 103 113 119
17 104 111 128
33 129 131 132
14 28 38 126
65 95 118 128
120 126 128 133
22 64 102 109
41 86 89 129
33 129 130 133
19 109 122 130
38 121 123 131
79 106 108 133
13 130 131 133
14 62 72 86
26 76 89 129
37 114 116 122
27 72 75 100
48 119 122 131
67 78 90 132
55 110 127 129
2 111 120 133
18 80 88 113
22 45 70 88
84 92 101 125
70 119 123 128
33 114 129 130
89 91 111 112
21 47 52 60
103 126 127 132
75 127 131 132
14 98 104 132
38 78 97 98
91 92 104 105
102 116 117 132
113 114 115 128
4 19 59 86
64 67 73 132
78 97 116 129
2 125 130 133
40 100 108 111
42 46 70 93
50 71 81 109
28 103 128 130
21 59 84 131
39 85 91 103
118 128 132 133
64 107 114 114
65 117 125 130
10 26 39 40
58 84 93 114
74 121 123 133
15 126 128 132
25 31 39 93
15 104 116 130
61 73 84 117
83 123 126 129
24 38 48 61
18 39 89 90
14 81 118 130
87 113 116 132
28 62 71 116
20 118 125 130
51 62 82 124
30 69 114 123
98 117 118 123
24 49 77 127
5 89 110 116
46 53 64 123
23 43 113 121
73 107 131 132
4 69 94 97
72 131 132 133
64 95 102 132
17 83 97 110
16 123 127 131
6 24 94 96
54 72 74 91
29 88 118 132
53 108 109 131
105 127 132 133
41 128 130 131
8 64 81 121
5 74 82 107
17 70 78 128
25 103 118 127
16 44 88 126
69 72 83 126
37 102 103 111
66 79 120 122
117 129 133 133
56 58 60 116
19 50 87 117
5 128 132 132
32 101 128 128
25 95 111 128
67 109 110 110
12 28 54 112
23 93 123 128
17 103 113 131
43 114 127 133
110 111 125 130
20 52 76 84
26 60 92 95
86 93 94 119
33 83 121 123
89 95 99 115
25 37 70 127
35 69 99 107
76 127 128 129
89 123 129 130
76 117 122 124
76 81 129 133
24 78 80 124
62 73 92 120
24 99 107 124
35 122 125 130
42 123 132 132
35 130 133 133
31 95 96 98
84 99 112 125
56 122 130 132
106 131 132 133
78 78 88 133
103 115 121 125
4 42 58 63
15 104 125 130
63 115 119 126
22 117 127 129
22 76 103 113
88 112 114 133
123 128 129 132
80 100 103 123
13 118 125 130
54 94 113 120
38 110 117 119
19 62 96 133
81 93 115 119
12 54 68 82
31 35 41 67
44 95 106 112
63 66 75 129
50 91 107 129
24 81 91 120
29 91 123 128
14 65 89 127
3 21 70 109
70 115 116 122
48 95 117 123
27 37 79 127
88 106 123 133
79 102 111 126
109 111 120 133
40 101 106 109
25 123 125 128
8 119 123 123
79 122 127 131
27 70 98 117
62 67 103 133
17 104 117 127
13 76 81 130
58 118 119 127
13 106 126 132
54 56 90 116
7 58 117 132
37 94 95 106
16 131 132 133
123 129 130 133
9 127 128 133
42 42 91 109
1 113 129 130
86 113 119 120
74 100 105 106
33 71 81 115
97 101 104 131
12 73 97 132
12 119 124 127
49 63 92 125
75 125 126 132
16 30 81 117
66 130 131 133
10 126 129 131
77 87 98 118
90 132 133 133
14 38 60 111
16 31 48 57
30 46 69 106
44 107 113 119
52 64 94 95
34 106 113 130
83 132 133 133
41 44 89 128
7 114 120 125
94 110 117 121
77 110 121 133
47 95 118 133
4 109 125 129
59 87 106 120
20 101 119 125
32 102 124 133
58 79 81 116
77 124 127 130
59 131 133 133
126 130 132 133
38 51 129 130
98 112 114 116
123 123 125 133
57 118 119 127
76 88 89 104
80 128 129 131
3 36 92 110
22 71 76 104
56 107 124 131
49 49 90 94
52 127 129 129
68 115 120 123
75 113 121 127
93 110 121 127
80 86 88 106
104 109 114 125
1 114 122 126
71 107 122 126
96 132 133 133
63 87 109 116
12 120 128 130
74 87 89 124
112 123 125 132
18 81 99 124
6 46 114 123
12 13 111 117
46 103 108 122
57 96 106 117
2 18 98 128
80 102 125 127
47 114 116 132
40 77 101 116
7 58 95 104
17 68 80 108
52 101 118 121
35 77 115 123
33 59 69 96
15 24 40 76
20 124 127 129
65 76 102 118
62 78 108 118
27 42 60 124
40 104 107 119
100 132 133 133
63 97 102 112
55 63 64 106
34 74 81 104
128 129 130 133
17 41 84 126
122 126 129 132
37 119 132 132
12 85 102 126
39 129 130 132
51 122 129 132
27 130 131 133
88 110 115 123
7 29 70 119
47 52 93 113
55 123 128 130
38 102 118 129
5 92 98 108
75 108 117 118
36 116 119 124
17 80 98 112
98 127 128 132
27 62 88 90
76 79 81 86
106 118 127 132
19 124 125 132
57 117 118 130
1 22 81 90
47 101 119 133
2 13 57 132
7 71 116 121
17 102 117 125
36 48 83 108
91 93 117 133
12 74 86 125
56 104 109 124
55 124 128 133
36 49 69 76
5 127 128 131
105 118 126 127
29 128 129 130
51 75 114 115
18 42 44 56
92 104 110 128
9 41 47 121
107 127 128 128
56 74 88 121
29 123 127 129
103 114 121 126
31 89 93 98
9 90 113 113
22 114 115 132
49 69 87 93
35 44 47 98
81 115 120 133
1 87 105 111
56 86 96 100
65 123 126 126
123 130 132 132
25 79 108 120
71 100 109 130
16 79 89 103
40 129 132 132
9 72 118 120
79 112 122 128
29 37 87 97
23 103 107 115
99 100 102 105
107 125 126 128
52 114 122 123
68 125 126 126
77 130 131 133
108 110 113 125
6 100 109 128
69 119 127 130
30 62 83 106
36 101 117 132
19 108 123 133
27 124 128 132
60 121 124 131
8 132 133 133
56 75 88 124
57 107 111 111
69 103 104 122
20 122 124 132
59 66 69 104
27 131 132 132
29 104 106 118
30 54 85 124
15 37 46 58
41 99 124 129
19 66 114 117
22 90 123 131
4 59 72 83
3 43 128 129
62 131 132 132
56 83 98 116
23 84 96 109
19 95 98 125
68 89 116 122
53 68 125 131
24 28 53 95
82 86 108 120
31 100 102 126
17 62 72 90
5 66 77 101
26 109 111 131
39 131 132 132
26 53 74 123
43 108 109 121
3 62 107 113
101 106 123 132
7 25 115 125
60 99 122 131
19 99 116 128
83 128 129 132
6 73 97 133
12 81 105 112
11 37 45 46
102 106 110 116
31 57 94 104
82 94 126 127
71 87 106 116
62 78 103 118
67 116 121 123
56 59 60 82
4 47 75 103
37 129 130 132
14 128 132 133
55 132 133 133
35 126 130 131
20 37 38 92
23 32 72 130
15 85 119 125
105 118 129 129
16 89 125 128
23 46 47 67
35 111 125 131
97 99 124 126
69 108 122 128
104 111 116 120
81 96 97 107
38 60 103 128
2 35 83 98
78 106 116 131
28 89 102 112
77 100 108 122
85 90 98 130
104 111 119 131
34 68 81 100
53 88 104 123
49 80 93 110
30 96 110 123
5 63 79 127
45 126 132 133
28 122 126 133
77 99 102 126
73 76 97 113
34 69 71 106
8 102 124 132
48 126 127 128
91 103 114 116
61 68 97 132
46 48 76 88
67 90 97 101
34 110 121 133
5 116 117 119
44 122 129 130
85 99 102 109
18 72 94 113
11 12 97 131
23 107 124 125
1 3 24 104
25 61 84 89
50 124 125 126
109 112 117 119
92 95 123 125
4 113 117 133
4 86 117 119
59 116 127 128
34 100 119 119
114 122 125 133
6 82 89 103
92 115 118 131
2 102 104 120
38 111 114 131
10 32 33 117
39 49 52 62
73 74 88 99
88 122 124 133
9 42 50 117
26 113 124 133
11 23 48 61
20 116 123 132
57 120 123 128
50 130 131 133
98 100 105 110
20 110 114 124
21 27 39 64
2 114 115 126
123 129 132 133
35 71 84 84
2 99 120 128
58 61 104 130
16 89 96 121
21 81 94 130
17 19 94 123
116 120 123 128
25 104 106 128
60 103 111 111
29 58 63 96
49 115 125 130
24 40 111 133
41 101 117 124
59 93 128 130
115 122 130 131
118 125 131 133
51 77 124 132
81 100 102 122
103 108 117 127
54 116 131 133
82 109 117 126
101 115 122 128
103 121 123 126
36 99 101 130
32 57 107 116
61 69 100 101
70 109 114 118
32 34 46 131
27 128 130 130
19 128 129 133
43 96 119 133
39 63 131 131
24 33 49 109
24 88 98 120
2 105 116 129
108 132 133 133
62 89 117 123
16 57 117 120
15 79 95 125
61 95 105 123
103 127 128 131
52 132 133 133
81 100 110 123
12 100 126 133
38 63 84 129
79 119 127 128
20 45 52 62
13 21 33 71
20 120 128 128
31 98 101 122
78 115 122 130
42 60 95 97
10 130 131 132
18 25 82 126
104 107 124 128
63 69 77 80
26 89 116 127
62 123 128 130
53 123 131 132
36 114 122 130
19 89 120 126
10 83 98 122
6 38 107 131
8 27 33 60
36 38 58 65
40 112 116 125
19 42 107 128
95 114 121 122
16 113 119 125
64 70 124 125
8 61 79 127
28 84 121 133
46 53 89 118
1 76 81 104
24 95 115 123
15 127 130 133
32 122 129 133
76 83 104 108
27 100 106 114
62 104 118 131
93 102 130 133
61 64 70 104
54 74 111 119
21 75 77 107
6 19 61 129
25 124 125 128
94 121 128 131
47 60 94 128
40 96 121 123
14 51 102 120
45 109 116 117
8 41 52 76
30 45 69 69
61 79 119 122
55 101 108 114
15 83 91 129
41 102 116 130
56 99 102 133
66 125 131 133
82 84 97 114
71 103 109 126
10 92 106 111
66 69 80 126
7 9 14 130
93 117 127 133
60 104 105 110
53 125 130 130
78 129 133 133
96 131 133 133
51 100 108 121
96 98 104 127
43 55 112 132
53 130 131 133
17 20 28 94
4 85 89 107
92 98 111 128
86 130 131 132
49 61 95 109
35 111 124 133
3 29 63 63
33 90 112 118
17 105 111 132
102 122 127 127
80 125 126 129
25 33 77 115
50 85 127 131
22 125 127 131
97 99 116 130
52 115 121 127
1 64 74 90
87 126 128 129
10 123 125 131
73 123 129 133
13 132 133 133
31 120 130 133
50 86 112 123
62 115 121 123
19 58 101 130
12 108 114 114
51 62 96 99
109 132 133 133
12 128 130 130
48 94 104 111
56 100 103 133
15 44 114 130
105 127 129 130
28 99 102 127
92 100 124 130
32 106 126 127
38 52 97 101
46 87 92 125
99 103 111 115
78 102 117 123
36 70 76 98
53 58 67 120
18 53 107 132
32 53 78 89
62 65 72 116
70 119 120 124
37 87 119 132
88 98 103 110
12 72 103 133
41 67 85 97
52 123 124 126
60 68 82 102
9 70 98 114
39 45 119 127
93 123 127 127
26 74 79 95
75 98 112 122
97 101 109 109
32 131 132 133
5 17 66 113
40 130 131 132
22 122 124 126
1 110 114 115
13 52 67 74
83 118 126 128
88 129 130 131
68 101 110 115
39 125 130 130
69 130 132 132
50 71 83 119
43 92 115 128
7 56 71 75
11 92 93 106
44 77 91 108
11 55 73 113
9 55 101 125
83 118 124 126
14 50 124 125
5 97 116 126
72 100 129 132
116 132 133 133
4 131 133 133
126 130 133 133
15 122 126 130
23 57 69 77
30 84 89 98
55 68 83 129
127 131 132 133
28 89 114 128
81 98 119 129
30 96 99 104
9 130 133 133
4 120 128 129
51 72 125 129
49 116 122 123
76 82 102 127
18 78 86 93
62 74 101 109
27 114 130 133
62 106 130 133
7 29 98 117
21 103 105 113
62 95 129 133
61 91 116 125
3 104 120 122
69 106 118 132
19 42 109 118
77 105 121 122
37 67 98 106
86 94 110 114
11 104 112 118
24 119 121 123
20 26 48 62
42 84 91 96
33 122 126 131
24 49 120 132
10 56 57 119
2 60 109 127
30 125 129 130
3 38 68 112
8 14 18 84
12 100 108 122
60 87 98 115
1 127 131 131
15 107 113 123
52 89 109 125
4 121 123 131
40 94 103 124
37 65 83 113
73 115 119 119
26 115 116 132
26 58 71 81
89 124 127 132
85 95 118 120
11 129 131 133
7 72 76 91
21 43 109 117
23 111 118 130
28 81 96 104
44 124 129 131
44 55 112 120
43 119 123 132
7 26 34 89
20 114 123 127
45 89 95 101
5 76 78 95
47 105 126 130
25 77 87 90
15 56 83 109
23 120 127 133
20 110 122 124
73 94 109 112
71 98 109 128
5 67 74 86
34 109 111 117
58 89 113 114
12 82 90 92
27 82 93 97
91 104 110 131
16 124 126 130
20 83 93 121
68 120 122 131
71 93 97 104
8 84 85 100
80 96 97 109
72 89 104 131
121 127 129 131
27 62 70 117
37 45 65 112
71 88 96 118
54 94 102 104
64 124 125 127
90 127 129 132
13 15 56 108
30 111 112 128
108 113 117 119
70 77 82 120
36 132 133 133
17 105 120 121
52 71 98 107
68 105 107 123
15 70 75 112
13 26 32 130
105 117 125 130
76 111 128 131
47 63 129 131
20 26 110 116
17 118 119 128
2 8 14 65
24 28 88 91
79 86 129 131
4 103 119 131
62 132 133 133
66 101 106 131
18 90 102 125
81 120 122 131
27 118 126 127
99 119 120 122
69 102 122 131
25 37 41 91
3 102 112 119
30 128 129 133
13 24 55 115
21 50 71 84
115 124 128 132
57 70 93 95
29 73 89 105
43 85 93 133
49 95 102 129
54 107 121 125
21 97 104 117
113 125 126 130
38 130 131 132
71 85 88 98
4 82 123 125
53 87 99 116
5 9 53 60
35 130 131 133
5 109 116 127
83 127 130 131
29 77 83 97
106 127 128 128
66 84 100 131
22 40 49 107
52 73 101 118
64 66 98 112
41 55 65 102
33 114 116 124
38 129 131 133
62 92 93 122
19 131 132 133
62 119 121 132
37 49 105 122
67 118 121 123
79 100 121 122
79 110 112 129
118 120 130 130
13 129 130 133
27 124 125 132
1 4 27 117
3 27 74 133
114 120 130 133
37 97 114 119
51 82 121 131
55 100 113 114
42 116 125 130
85 94 104 111
68 132 133 133
18 81 96 113
97 116 123 132
91 115 129 130
3 11 63 111
8 23 34 45
10 62 81 128
18 29 31 36
58 78 100 120
95 114 120 126
93 120 123 132
8 23 81 105
10 35 105 112
123 130 131 131
98 132 133 133
91 108 113 115
35 50 92 103
5 38 70 98
47 74 111 128
32 129 132 133
37 130 133 133
19 43 74 75
115 124 126 129
73 119 126 127
6 23 95 105
5 51 63 117
94 115 123 126
73 82 107 131
47 110 113 129
86 104 108 120
77 128 130 133
34 104 124 128
84 109 127 133
31 106 113 127
31 84 106 117
60 71 107 119
12 21 62 86
6 44 77 82
73 75 82 128
34 66 113 132
17 72 73 95
17 100 115 123
16 96 112 120
28 46 104 131
11 108 124 126
50 125 130 132
61 76 120 131
88 112 118 130
20 92 123 123
52 70 74 112
27 34 89 111
86 97 103 107
51 129 130 131
5 16 85 115
2 95 101 128
41 51 77 94
51 92 112 127
86 112 127 131
41 69 109 118
2 102 121 125
11 73 75 102
41 56 81 124
71 80 125 128
4 32 87 127
28 48 90 122
54 89 93 126
36 110 116 118
53 75 83 89
70 115 120 133
86 113 116 121
17 129 130 132
32 119 127 129
30 115 120 123
1 86 93 116
1 9 51 76
57 120 122 123
25 65 67 71
46 88 112 119
114 124 126 130
9 37 70 102
87 121 123 133
86 89 106 129
116 125 130 131
110 132 133 133
21 118 122 128
46 104 106 116
81 118 125 126
91 114 116 116
79 106 110 115
91 106 123 124
76 89 104 104
88 101 102 129
44 127 128 129
72 94 108 130
64 96 112 116
17 20 47 59
45 121 125 125
115 118 120 124
11 50 68 94
10 105 128 133
64 80 82 109
25 66 121 127
5 91 119 121
1 7 19 48
38 86 97 114
17 83 87 100
8 32 46 70
22 102 118 130
3 45 65 70
7 64 109 113
97 106 129 129
43 95 115 129
102 111 116 128
52 55 83 109
86 110 118 133
8 40 94 126
5 97 110 118
22 60 65 116
9 123 124 129
6 15 66 78
53 104 112 130
1 13 41 92
31 117 132 133
54 128 129 132
30 44 85 108
67 89 94 133
11 86 125 133
15 107 110 131
12 21 36 80
7 82 89 112
19 47 61 102
5 97 123 130
56 86 109 119
25 107 123 128
47 63 126 126
7 127 131 133
87 95 118 133
35 52 95 112
9 77 78 93
39 83 94 124
72 98 116 122
88 114 126 127
32 47 104 118
23 39 106 126
54 57 81 94
4 68 82 105
49 90 115 118
7 114 115 123
18 35 45 63
93 123 128 132
1 8 16 120
3 95 112 124
85 128 129 129
49 114 123 131
115 132 133 133
66 101 128 132
35 78 82 119
17 115 117 120
1 60 69 111
60 85 102 104
17 53 73 101
5 54 60 113
78 119 124 133
19 37 62 92
77 129 131 133
17 115 123 125
83 128 131 132
10 16 77 105
21 39 46 55
58 106 116 127
31 76 93 118
40 102 108 120
34 75 78 120
21 35 56 64
75 100 102 122
60 102 107 129
67 132 133 133
33 38 94 127
114 114 119 126
9 117 121 123
4 132 133 133
16 94 110 123
6 46 60 70
68 104 119 122
91 99 113 132
6 14 49 119
76 91 100 102
40 43 81 113
70 94 122 129
85 115 121 127
99 129 130 131
63 94 105 123
4 11 21 50
59 59 114 133
15 26 95 96
25 48 65 104
43 80 107 116
14 61 94 102
127 131 133 133
81 93 119 120
1 63 70 79
105 115 121 124
14 110 116 118
46 97 106 131
40 98 124 132
9 122 124 126
87 116 117 129
8 106 117 117
45 61 79 107
94 95 110 126
3 4 41 64
50 79 83 89
42 91 119 128
72 128 130 131
67 79 104 113
93 125 131 132
1 92 97 132
23 104 107 125
34 127 131 133
17 64 80 99
32 126 127 128
15 71 79 109
25 38 72 100
60 121 124 127
37 132 133 133
64 123 125 126
24 55 87 118
42 130 132 133
1 71 129 133
88 112 123 126
68 104 107 127
32 123 125 130
15 32 47 60
90 109 114 117
69 71 91 122
1 44 77 120
11 100 104 121
27 120 122 123
8 31 120 127
2 130 132 133
24 28 60 88
15 87 106 125
87 113 118 126
100 113 125 129
52 91 105 131
21 86 88 113
13 29 109 111
15 87 105 118
50 102 113 127
42 100 118 127
66 118 122 125
5 46 69 130
66 107 122 132
4 116 125 131
24 107 113 124
100 105 118 122
28 100 128 133
57 123 127 128
61 118 125 129
23 120 127 131
90 111 115 116
19 73 77 121
79 83 117 121
15 121 129 129
85 107 121 129
58 61 70 123
107 109 113 114
6 45 58 106
120 130 131 132
66 78 81 131
12 41 59 92
33 37 89 123
104 132 133 133
91 118 120 132
46 121 123 124
31 60 65 66
3 26 46 128
14 111 118 133
23 68 78 98
92 102 114 120
71 86 100 107
7 38 58 110
81 81 86 118
106 107 108 111
31 51 71 91
90 129 130 132
35 43 51 56
12 23 31 63
108 124 129 132
65 84 92 126
24 103 116 123
7 31 130 130
80 92 126 133
54 69 118 132
38 108 110 126
50 107 115 116
59 119 128 132
12 51 69 130
16 57 63 131
11 70 74 113
107 119 130 131
12 124 126 131
61 73 98 102
35 87 105 122
46 53 61 65
44 108 115 116
51 53 68 106
98 121 122 127
61 63 64 131
27 74 76 124
54 132 133 133
44 81 122 129
61 71 77 100
2 24 42 125
18 103 127 131
95 100 109 124
63 105 117 128
22 77 87 114
8 46 105 115
1 68 110 129
89 118 121 127
6 36 57 76
102 124 127 131
46 119 125 126
66 96 106 116
51 80 93 94
34 90 100 126
51 103 123 131
95 118 121 132
55 109 120 123
46 66 91 120
25 126 131 132
18 68 85 97
38 99 106 110
72 82 93 95
2 55 66 87
59 106 121 125
30 60 76 107
15 49 112 128
57 117 129 131
77 88 97 100
17 68 78 124
12 76 92 130
48 58 78 92
51 89 91 125
97 101 113 132
45 81 106 115
30 31 43 123
6 98 107 124
33 129 132 132
46 104 114 127
25 90 115 128
15 86 112 133
67 79 85 116
10 56 107 110
46 90 96 103
65 111 123 132
14 75 90 125
126 126 129 131
26 103 104 133
62 83 106 118
24 62 76 110
41 55 60 94
51 63 66 90
30 33 66 103
32 102 103 106
57 59 104 131
5 57 60 77
15 99 104 129
7 12 35 54
60 84 102 121
3 6 88 94
3 97 98 133
83 130 132 132
26 78 87 90
28 72 119 127
93 107 108 125
54 70 89 94
18 42 84 117
117 126 130 132
93 113 122 123
49 107 123 123
109 117 119 127
77 107 109 119
114 117 118 119
80 125 128 132
39 112 121 128
17 111 116 117
82 100 113 113
8 85 100 115
34 81 120 123
42 88 102 113
37 51 52 76
53 73 92 121
68 91 112 115
65 122 126 130
119 128 129 130
2 8 28 33
48 106 108 121
16 91 115 116
29 74 82 129
17 75 90 100
91 105 110 121
32 130 131 133
84 116 118 130
22 47 73 124
3 31 48 79
23 90 91 117
68 93 102 128
23 57 67 90
44 69 77 79
68 119 131 133
30 89 102 111
13 87 101 116
91 102 103 110
4 94 119 130
103 117 132 133
52 124 131 133
78 128 130 133
6 78 85 118
1 62 107 133
9 126 132 133
47 50 72 94
28 132 133 133
12 42 96 128
7 119 121 124
17 102 125 128
8 53 65 70
16 117 124 133
79 82 83 116
67 130 133 133
105 127 132 133
53 93 94 125
21 115 117 121
15 20 96 116
42 118 127 132
57 117 125 132
29 101 120 126
47 87 125 131
91 131 132 133
24 96 101 113
36 53 118 121
72 130 133 133
3 33 72 127
31 71 106 115
12 45 106 121
1 40 48 126
63 117 129 131
25 87 98 124
66 124 127 130
15 122 127 131
27 96 106 125
4 10 81 128
24 118 124 133
113 130 132 133
48 106 121 131
128 131 132 133
110 121 122 128
114 127 128 133
17 56 87 108
107 129 131 133
11 32 114 120
96 124 125 133
54 115 119 127
74 75 89 133
4 107 109 113
23 69 84 98
78 79 90 130
4 84 120 125
16 97 98 126
70 130 132 133
6 58 73 103
80 93 94 100
76 102 115 119
34 101 123 128
49 106 110 111
1 2 34 108
25 105 117 132
103 127 132 132
118 123 129 131
18 108 115 119
88 89 100 132
11 107 109 119
24 97 111 128
17 59 96 121
56 58 106 115
20 28 53 77
19 34 79 86
50 114 130 132
22 106 108 109
21 45 103 130
82 110 111 127
43 44 52 78
31 52 88 129
14 87 88 120
16 99 131 133
111 111 122 126
101 108 109 120
49 126 131 133
68 119 121 123
3 37 71 116
65 81 104 133
56 78 82 125
44 47 49 71
13 117 118 122
92 92 97 101
19 87 116 118
48 71 76 129
42 111 116 130
102 106 113 132
39 100 124 128
85 105 120 132
56 82 108 124
43 61 71 118
12 34 66 90
6 93 129 130
60 88 115 132
78 97 118 131
45 106 109 120
95 103 114 117
82 123 127 130
82 89 99 119
17 28 114 120
6 83 90 102
29 103 106 116
36 93 97 100
6 15 68 86
38 108 115 125
45 122 127 132
2 114 121 132
84 108 114 119
56 114 121 121
16 79 105 111
87 104 113 115
48 110 127 130
12 89 98 116
63 113 121 133
106 129 132 132
1 119 131 133
74 80 104 131
95 125 131 131
17 55 118 128
60 76 96 115
34 102 119 122
1 104 117 121
20 92 94 104
8 73 113 131
55 61 69 99
77 125 131 131
30 78 131 133
103 127 130 131
19 25 35 40
38 118 123 124
12 19 34 98
19 27 73 110
2 54 103 120
56 68 73 76
1 115 124 129
101 106 113 128
1 43 102 116
85 93 105 132
22 78 108 123
49 132 133 133
24 92 112 127
78 126 131 133
19 61 111 120
110 118 121 127
8 119 121 124
3 122 128 130
5 117 125 129
12 80 118 128
58 62 82 106
31 82 100 126
54 79 97 133
9 67 99 130
52 126 129 132
14 121 130 131
25 124 127 128
68 92 105 108
76 127 129 129
74 84 94 128
2 34 102 110
107 115 123 123
111 130 131 133
40 44 100 111
1 129 130 132
23 106 116 118
77 81 113 115
5 84 113 115
9 99 105 123
84 104 115 124
66 68 99 103
33 97 101 132
83 115 117 130
2 9 59 130
8 74 96 121
35 117 120 121
35 95 102 108
103 107 120 124
17 40 98 119
46 54 87 121
20 24 70 96
47 121 125 125
33 110 116 120
16 49 72 119
32 105 116 120
27 27 119 125
107 127 128 129
1 107 120 121
28 94 109 117
95 118 122 129
6 53 59 123
40 61 85 106
53 67 90 114
13 63 96 133
37 107 115 126
2 101 105 121
3 103 121 121
30 60 123 131
78 118 123 128
89 121 129 130
59 85 111 120
40 89 110 119
61 118 121 124
23 38 71 114
67 128 129 132
13 20 63 116
117 127 133 133
9 30 64 116
24 73 86 111
103 128 131 132
66 84 104 115
40 109 113 132
23 127 129 131
14 92 119 122
8 64 89 90
53 104 113 133
30 36 79 81
21 58 112 122
4 72 91 126
57 94 98 119
18 32 50 54
30 82 112 126
28 124 126 132
80 109 123 123
75 110 117 122
94 130 133 133
55 120 128 131
93 125 128 132
29 50 118 128
81 116 118 120
58 71 86 110
8 103 109 115
38 42 78 132
73 128 131 132
86 114 119 128
29 35 73 75
66 101 119 130
79 125 127 128
34 60 76 94
36 101 108 130
10 54 72 123
31 108 111 117
51 83 91 128
5 101 114 127
19 38 55 68
102 121 123 125
69 109 116 118
65 131 132 132
66 69 74 119
60 120 125 125
69 90 123 126
76 101 102 112
88 122 125 133
39 123 127 133
22 123 126 128
103 111 127 133
15 23 62 66
23 123 130 133
29 65 80 120
98 118 130 133
45 114 115 124
103 121 128 130
19 88 90 118
9 17 34 95
57 66 72 81
41 92 100 130
41 46 92 133
114 116 127 127
36 70 107 124
10 36 63 116
67 93 118 130
118 122 128 131
56 116 120 126
50 98 114 128
95 119 120 127
51 88 103 118
35 61 63 78
105 114 116 133
64 81 102 107
5 64 92 123
25 65 74 121
50 131 133 133
4 103 109 126
71 95 100 131
52 131 133 133
14 95 105 107
17 34 56 113
3 86 116 124
4 87 101 123
25 29 62 99
45 107 110 110
72 77 99 114
11 90 91 127
20 103 105 130
73 118 121 131
12 24 49 106
45 101 113 125
52 93 114 127
40 53 83 129
35 91 99 133
17 37 83 89
41 92 125 132
10 22 57 87
43 98 99 119
96 122 131 133
11 42 105 105
41 60 78 126
33 56 101 106
41 101 110 115
73 120 127 131
50 57 64 89
6 11 62 128
3 78 117 123
51 108 114 129
42 45 47 96
36 109 127 128
74 101 107 113
50 94 110 130
73 81 121 130
5 68 103 108
62 102 117 126
94 132 133 133
94 117 125 130
15 117 120 129
109 130 131 133
89 90 117 133
20 132 133 133
95 122 123 127
19 123 124 129
93 117 118 120
29 53 63 89
91 94 97 125
4 102 115 132
15 129 130 131
75 93 95 114
7 122 125 128
48 126 127 132
66 91 121 127
35 49 55 98
31 58 65 108
56 96 101 115
15 87 106 122
71 75 89 91
22 40 55 60
16 32 81 128
23 72 77 101
15 45 66 96
94 117 122 125
35 70 75 126
65 102 104 111
11 120 127 132
27 28 69 78
60 108 112 128
48 116 119 128
109 129 130 132
23 105 115 116
103 111 118 128
86 99 129 130
49 110 112 131
108 119 125 130
64 123 126 126
27 56 95 133
66 114 118 124
23 52 54 83
25 122 130 131
29 72 120 130
71 112 118 131
13 122 130 133
33 39 57 77
95 117 121 126
41 91 115 116
11 17 33 39
8 21 54 62
9 31 52 85
62 82 87 118
60 85 106 130
13 56 57 87
19 81 101 105
37 128 130 131
69 117 122 132
7 105 117 128
125 132 133 133
34 63 98 117
27 86 101 122
47 115 127 128
25 33 75 119
74 115 125 125
45 110 113 127
44 50 52 99
41 105 111 130
101 106 113 123
13 102 121 126
10 21 56 118
45 115 118 127
100 103 117 125
37 100 101 128
3 85 100 124
67 91 102 129
91 108 109 123
21 23 52 116
3 111 118 120
97 117 122 123
2 118 121 124
44 70 91 133
6 49 121 121
77 126 127 128
45 62 81 103
104 106 117 119
8 109 114 132
69 72 79 113
24 91 96 119
54 80 105 122
6 16 21 113
38 39 78 88
30 69 87 98
89 102 109 133
6 82 95 123
85 112 115 119
31 42 43 124
43 127 129 130
73 118 130 131
58 130 131 132
27 117 119 127
8 26 55 88
46 48 70 73
47 126 127 130
10 21 42 46
31 81 89 92
36 85 94 119
67 131 132 132
30 92 93 95
96 124 128 131
69 75 110 131
28 102 115 116
23 93 100 105
42 86 110 119
40 83 98 116
40 46 74 75
93 130 132 133
24 67 80 112
30 109 116 128
15 66 74 130
15 49 88 100
52 114 115 123
27 101 106 113
44 67 76 79
19 26 68 122
94 110 114 121
74 91 126 133
6 35 65 112
30 85 93 98
42 94 108 114
23 127 128 129
47 120 122 125
9 40 57 88
68 83 120 132
37 42 67 68
19 50 57 61
108 127 129 133
10 33 79 94
36 115 119 127
89 118 120 126
74 125 126 133
18 20 66 72
16 120 127 131
101 117 129 130
63 124 126 132
71 103 133 133
50 110 123 123
76 91 99 133
22 115 124 133
37 112 131 133
81 104 106 120
37 92 129 132
57 89 103 122
49 71 95 131
57 124 126 127
57 86 98 127
107 120 125 126
6 99 115 120
28 98 108 124
10 116 117 122
99 127 130 130
123 126 127 128
103 120 129 131
56 118 128 128
55 110 111 126
23 91 104 125
75 127 129 132
17 116 122 127
53 114 117 117
72 93 98 128
80 106 112 133
46 110 114 122
7 118 125 129
72 78 123 124
35 62 86 119
1 38 47 79
21 37 38 127
29 66 89 113
86 107 121 126
68 73 79 107
41 63 91 118
30 47 117 132
37 51 69 111
64 77 89 127
62 107 123 130
92 130 131 132
76 117 127 131
14 103 115 125
88 104 117 126
39 78 104 131
89 107 110 110
60 113 123 133
36 47 85 123
22 25 86 124
97 116 119 130
59 122 127 133
22 126 128 130
30 90 92 116
17 49 117 117
51 70 112 119
64 117 119 123
68 129 131 133
78 125 128 132
46 114 127 130
10 24 35 104
36 64 73 76
21 114 128 129
23 89 106 125
28 42 49 91
23 129 133 133
69 115 119 123
71 120 121 128
16 127 131 131
7 30 52 96
2 12 55 121
15 110 119 123
6 17 127 133
84 131 133 133
14 71 85 92
42 61 92 92
35 96 105 123
3 73 77 121
96 112 119 123
32 54 87 98
29 124 125 129
87 130 132 132
49 94 117 118
60 94 114 122
52 116 123 123
15 125 126 128
16 87 112 126
104 124 125 131
24 32 49 68
38 77 78 91
46 98 123 127
112 120 121 132
10 53 63 119
86 101 111 120
47 62 105 122
71 85 119 133
7 41 43 85
67 125 129 132
25 119 121 125
60 93 107 128
23 127 131 133
46 121 124 132
2 68 87 132
33 125 132 132
53 96 122 126
16 102 106 116
27 96 101 104
10 14 73 125
9 57 74 121
6 19 34 51
31 48 59 82
48 52 76 132
45 114 123 129
29 67 87 109
88 132 133 133
4 101 103 130
18 94 103 105
13 17 31 51
104 108 112 114
69 113 116 122
42 86 90 95
24 43 96 114
7 30 64 65
94 106 119 120
8 126 128 130
120 123 131 133
28 131 132 132
20 98 107 124
35 73 94 107
26 53 84 97
40 125 130 131
91 118 125 133
70 95 122 133
24 73 85 88
58 103 125 133
8 125 127 128
32 112 113 132
51 112 115 130
26 128 129 131
25 52 59 113
55 83 103 120
42 107 118 128
14 40 58 79
10 15 67 86
13 34 83 112
18 114 121 125
51 57 66 103
37 132 133 133
40 106 113 123
28 42 53 65
8 68 111 127
25 71 108 130
61 85 89 133
3 69 88 96
70 88 97 107
94 97 121 133
10 57 114 121
53 98 112 133
54 58 102 120
34 57 112 121
11 108 127 130
15 16 19 86
47 76 128 132
14 53 83 84
10 91 104 119
75 106 124 128
43 79 108 119
88 103 128 132
6 8 56 58
20 49 84 112
62 123 125 127
42 81 86 113
47 104 125 128
42 83 94 133
75 90 100 133
66 99 116 117
65 103 120 128
65 101 103 128
26 84 101 122
58 123 128 133
20 47 91 122
95 129 131 133
5 83 103 120
44 101 103 130
15 53 64 118
67 93 118 130
52 95 117 124
11 47 54 58
90 115 119 128
6 122 127 129
45 91 103 109
5 63 76 76
75 125 127 132
4 101 116 125
23 109 110 129
25 66 69 75
38 113 116 129
64 84 90 132
75 83 106 123
36 62 94 131
31 88 99 115
64 116 118 129
15 37 82 101
29 90 118 121
60 77 83 103
1 35 57 84
109 116 122 124
105 118 128 132
13 91 94 129
4 10 13 114
35 126 129 133
65 107 119 131
82 86 102 131
62 101 110 128
12 70 100 103
46 121 122 131
22 72 91 95
42 78 83 127
49 100 110 124
98 110 119 120
44 46 74 119
71 106 117 132
35 57 71 87
25 127 133 133
88 93 95 120
42 114 117 128
70 126 133 133
46 96 113 125
29 61 68 102
105 111 121 125
69 78 104 117
18 110 123 124
96 126 127 127
32 33 69 117
56 58 89 132
32 101 107 123
9 95 116 132
26 59 84 98
16 95 122 131
43 110 129 131
72 98 112 116
8 34 73 119
27 123 124 125
34 68 92 103
30 57 93 105
12 84 103 121
44 121 123 130
39 130 133 133
58 63 64 114
24 89 97 100
14 67 95 96
21 91 97 121
7 44 62 91
43 59 103 106
44 127 128 131
56 104 106 130
44 99 109 110
119 122 123 127
5 16 43 55
47 59 73 112
5 53 64 103
84 106 109 115
5 113 115 121
50 132 133 133
22 55 98 118
64 121 127 131
7 47 56 56
19 115 123 131
65 92 96 126
91 110 124 129
18 23 49 86
32 91 120 133
68 80 83 95
75 121 122 123
40 110 114 122
14 89 115 129
1 20 44 98
73 76 88 127
33 35 86 91
12 39 76 131
47 56 77 95
28 64 115 132
102 121 123 133
49 64 97 126
64 89 118 123
12 33 48 125
26 78 102 125
56 71 72 111
5 12 78 109
73 128 131 133
9 97 114 121
16 77 125 129
5 103 120 133
25 37 95 122
10 118 122 130
59 131 132 133
39 44 48 131
60 124 125 132
19 68 99 110
25 116 122 124
6 117 118 123
11 80 83 129
75 107 109 126
42 74 110 111
9 27 32 89
46 84 87 111
6 68 98 121
38 80 86 129
59 131 133 133
61 99 103 123
66 68 74 79
22 43 45 75
4 42 54 69
7 53 102 112
47 57 100 100
2 39 53 116
40 108 113 130
92 107 119 126
112 123 124 128
47 111 120 132
106 111 114 115
76 99 110 126
17 55 100 103
3 64 94 126
17 64 93 109
87 103 111 120
10 115 120 132
68 110 125 130
54 131 133 133
7 71 102 117
14 63 65 132
66 110 122 129
64 108 120 121
43 92 107 130
8 22 100 109
85 118 123 132
38 55 58 106
30 107 118 133
3 12 51 87
9 33 55 72
40 64 74 88
76 120 130 132
13 93 103 106
26 130 132 133
12 21 31 125
21 88 113 122
16 132 133 133
30 68 111 131
21 112 116 133
3 39 57 64
26 86 104 117
96 131 132 133
46 126 127 128
3 76 103 119
64 74 116 132
22 84 96 115
15 20 80 123
4 66 81 87
12 71 82 96
1 52 78 103
6 43 88 132
14 107 126 127
49 52 84 85
21 35 88 114
54 67 110 117
29 72 80 96
28 48 96 105
35 65 124 129
12 38 69 94
7 88 105 110
6 71 89 101
53 108 114 133
15 55 58 104
42 104 116 132
111 125 127 132
18 33 38 74
117 132 133 133
5 38 53 130
107 127 133 133
16 107 125 133
18 72 107 126
43 87 100 121
87 94 100 100
76 80 96 122
5 119 124 128
75 96 122 128
37 66 93 113
59 97 100 102
69 111 125 133
98 127 131 132
39 126 129 133
19 55 58 114
14 42 119 128
82 113 121 123
57 102 114 133
19 82 95 121
49 122 124 126
19 127 128 133
28 122 128 132
46 115 116 133
52 88 98 120
49 95 103 105
8 90 94 111
100 132 133 133
32 86 105 116
3 130 131 132
38 100 125 131
106 115 124 131
36 114 122 127
14 63 73 107
16 24 68 77
3 55 67 120
58 65 127 132
45 109 111 131
30 44 54 72
28 47 93 111
72 125 126 126
24 86 108 109
63 117 122 131
83 103 116 116
24 121 126 133
83 102 120 120
18 25 70 84
41 79 86 97
46 82 96 107
19 42 53 115
4 42 59 80
105 131 132 133
42 83 94 109
33 80 114 121
39 78 102 129
90 99 113 133
8 129 132 132
92 99 100 124
6 117 123 130
80 102 118 133
17 119 123 126
3 119 125 130
117 119 121 125
28 41 79 92
12 112 131 131
100 125 126 128
5 119 122 126
21 99 108 111
43 109 116 120
45 123 124 126
74 100 113 124
45 79 103 107
2 89 111 123
67 123 126 132
67 89 110 130
17 95 122 127
56 88 96 103
49 130 131 133
30 104 117 130
11 109 115 123
113 114 122 131
77 112 118 119
88 91 114 122
27 48 58 59
50 92 107 118
51 53 92 119
39 128 130 131
1 131 133 133
35 37 65 96
53 103 106 115
13 74 107 112
38 109 117 120
17 22 121 128
69 118 120 131
50 59 66 110
1 95 99 125
48 75 97 102
23 51 57 99
18 101 107 114
20 62 80 88
62 63 74 105
41 124 131 133
86 105 131 132
39 75 79 82
85 121 130 132
101 117 129 129
45 74 80 127
40 51 75 120
17 18 46 98
42 106 112 123
94 131 132 133
6 118 121 126
4 76 121 125
55 126 128 129
2 54 66 112
60 84 97 100
38 75 86 101
51 66 118 123
72 97 122 131
53 82 95 122
74 131 132 132
37 76 79 106
6 26 121 132
62 89 120 131
4 106 112 120
83 118 123 125
43 102 117 119
81 97 113 126
51 71 86 124
25 55 58 59
82 129 131 133
53 77 118 127
65 129 130 133
12 28 48 85
29 54 85 86
11 122 126 131
74 126 131 133
50 95 112 125
21 28 109 121
9 31 95 108
6 33 42 112
33 123 125 132
4 42 106 115
82 121 125 129
6 41 51 117
74 108 113 114
69 76 114 126
46 84 124 131
65 114 115 127
64 114 129 130
37 109 116 131
26 98 115 125
93 102 109 114
48 58 78 84
51 114 128 131
23 77 109 114
2 3 63 70
50 62 83 133
62 116 123 125
30 94 96 101
99 126 128 129
53 97 98 102
7 57 83 126
32 33 39 119
31 55 100 124
13 28 100 125
48 114 117 133
11 38 75 116
78 117 123 132
19 26 111 125
45 95 113 118
58 116 117 133
8 75 76 112
66 109 127 127
35 85 89 96
71 71 87 98
68 86 107 124
17 54 119 126
57 94 113 115
91 106 108 132
99 114 125 128
27 109 114 132
9 59 117 131
79 100 125 126
109 113 127 128
9 17 64 122
5 37 40 125
23 67 119 127
34 100 117 125
15 110 122 126
43 43 81 128
68 125 126 128
19 98 99 119
36 53 54 117
52 88 94 100
74 105 121 122
56 125 128 131
7 132 133 133
35 49 124 127
80 84 85 111
94 114 121 133
40 48 68 108
119 131 132 132
54 74 86 99
33 107 109 131
103 122 124 130
94 103 112 133
116 128 130 133
75 93 120 125
10 80 120 131
17 131 132 133
121 131 133 133
57 64 98 111
43 99 118 125
1 88 90 120
66 72 75 111
9 9 38 39
28 45 65 121
61 126 130 133
1 100 102 126
27 55 68 107
31 107 111 124
72 93 97 133
15 119 121 123
72 109 113 123
10 98 122 123
53 83 88 131
48 83 102 132
27 51 52 127
73 129 132 133
37 73 80 83
83 121 133 133
13 47 97 126
71 84 112 132
16 116 127 130
2 5 51 132
39 122 128 128
44 83 92 125
3 34 40 68
18 27 31 131
23 54 74 125
41 53 76 80
20 93 128 131
7 77 99 105
110 127 129 131
3 132 133 133
90 115 129 133
98 129 130 133
46 104 107 118
58 129 132 133
12 56 78 124
15 32 50 128
16 44 56 110
29 88 106 119
8 27 70 87
51 84 100 132
79 95 108 109
47 127 128 131
37 91 99 102
29 118 129 133
13 39 43 92
51 97 101 102
17 123 126 130
72 101 112 116
5 123 126 126
45 66 96 106
17 33 87 113
33 46 68 91
94 108 120 130
78 106 118 133
93 117 123 123
20 102 111 132
14 26 61 107
20 33 78 97
79 119 121 127
44 103 107 129
3 3 39 102
46 95 100 124
79 83 121 126
52 67 113 125
86 89 93 131
56 87 106 112
37 103 118 123
51 88 90 113
35 107 112 131
48 112 115 129
2 56 86 106
18 96 105 113
104 127 131 133
34 77 129 129
58 103 116 126
59 94 100 102
36 85 90 92
12 18 22 73
14 25 78 86
54 75 123 130
84 93 102 118
2 19 103 131
16 29 76 79
72 105 111 111
41 79 98 125
62 85 120 125
88 112 125 128
32 63 74 109
19 79 94 104
108 119 120 122
23 100 111 117
5 40 57 117
9 114 126 130
44 64 72 76
17 32 97 122
85 129 130 132
33 95 121 126
66 110 111 120
11 71 74 93
45 74 99 133
85 118 123 125
92 106 108 123
8 30 40 62
90 106 127 129
2 22 56 119
57 68 111 122
21 30 48 92
82 130 133 133
40 115 120 130
16 54 92 102
38 79 99 113
1 34 98 110
10 12 86 111
32 73 100 107
20 86 109 122
53 83 86 133
21 113 123 132
69 84 92 118
66 91 106 126
2 83 101 127
69 81 89 129
38 93 125 125
23 110 113 114
9 83 97 104
48 106 116 117
25 29 54 93
45 126 130 133
77 109 118 128
103 104 124 125
111 119 126 130
49 74 95 100
44 118 122 127
28 42 55 97
63 132 133 133
33 98 110 125
3 30 87 110
39 47 112 128
75 90 116 125
93 119 121 125
7 45 108 131
13 117 118 132
29 52 59 123
33 122 127 130
4 36 62 125
20 105 114 119
56 66 96 120
79 122 128 132
70 99 123 126
71 87 89 120
36 104 108 122
38 39 50 67
20 44 81 116
34 118 121 129
44 124 127 133
89 123 129 133
2 74 91 94
18 77 87 124
89 96 100 119
32 99 108 127
82 92 116 116
81 90 105 111
28 61 82 110
56 83 87 112
56 132 133 133
63 98 99 127
8 104 107 128
94 125 126 127
10 27 63 86
43 125 132 133
42 94 118 121
13 119 123 131
64 91 105 109
3 107 119 120
18 22 54 131
30 60 70 86
73 96 103 122
2 69 86 88
84 106 119 133
30 95 101 107
2 130 131 132
10 57 115 132
22 102 104 104
3 69 101 132
60 109 113 126
13 66 104 107
95 95 120 128
101 106 114 117
87 128 129 133
33 45 92 101
71 71 96 104
52 99 115 129
4 54 94 95
46 59 119 127
108 127 132 132
10 76 111 120
71 112 117 123
20 103 124 125
18 101 106 123
42 88 131 132
82 126 131 133
89 122 124 133
78 96 107 107
26 64 98 112
5 15 82 108
63 90 93 115
19 131 132 133
14 31 100 115
27 88 92 131
44 112 122 131
8 22 70 89
59 62 122 132
118 128 129 129
67 90 103 127
3 121 122 130
56 97 111 120
120 129 130 133
86 97 104 119
93 114 126 128
83 88 104 124
3 114 121 126
36 54 65 107
47 69 109 115
54 107 109 130
12 132 133 133
48 104 108 114
39 60 62 65
33 128 129 129
70 89 96 123
25 79 122 131
79 114 116 123
43 104 113 124
1 35 84 102
31 43 61 98
24 69 96 109
37 101 118 131
16 57 82 94
18 73 108 119
53 82 94 114
40 55 77 117
63 76 97 111
6 34 44 117
22 75 101 108
16 91 113 132
48 50 98 106
76 108 128 131
9 54 65 107
74 82 118 119
15 52 88 122
18 97 112 114
43 44 61 95
52 67 115 130
6 36 100 102
34 129 130 133
21 101 105 117
118 125 131 132
113 123 127 133
8 128 131 132
30 90 105 110
14 101 104 120
88 108 111 133
95 127 130 131
21 68 71 103
49 62 92 101
61 92 99 116
24 56 61 116
62 116 121 133
15 64 103 111
99 122 128 130
91 104 126 131
94 105 111 111
44 94 122 128
104 132 133 133
52 52 58 79
51 77 88 95
69 70 79 123
5 5 48 119
23 28 48 105
69 106 121 130
5 54 73 127
36 81 107 119
100 120 129 130
16 116 123 130
44 92 94 131
3 41 69 89
43 114 124 126
33 97 104 126
89 122 123 124
52 100 125 126
28 106 113 130
60 119 128 131
100 103 115 115
30 30 113 114
40 124 128 132
104 132 133 133
23 123 125 129
77 84 107 123
28 76 125 131
57 108 112 114
43 78 90 122
20 39 60 78
70 130 132 132
40 118 119 132
77 104 105 119
49 96 115 121
1 28 76 123
89 106 116 132
31 46 68 84
1 13 74 111
34 77 124 126
73 128 132 133
3 107 121 128
52 63 71 116
6 19 33 96
39 40 97 131
12 117 128 133
86 99 104 121
72 102 103 103
30 64 76 101
24 96 124 127
48 119 122 129
17 89 107 110
42 120 124 127
33 108 127 129
29 48 90 132
119 124 128 130
48 86 120 129
20 82 114 123
24 72 89 106
21 78 83 104
37 68 82 116
72 86 91 94
81 117 127 129
9 32 61 64
6 107 111 115
116 132 133 133
34 115 119 122
76 95 105 115
5 61 91 119
48 117 120 129
26 113 129 131
80 106 125 132
80 116 125 126
54 60 61 75
57 68 89 122
23 25 77 130
3 129 130 130
45 95 129 129
56 90 100 108
48 62 129 131
27 80 99 131
85 119 129 129
103 108 117 122
1 7 96 124
16 61 72 121
39 123 127 132
60 108 113 132
4 47 82 95
75 82 124 125
61 68 104 112
6 39 46 123
114 121 128 133
34 120 121 130
41 67 69 87
84 124 127 128
55 59 68 111
36 72 83 109
33 111 125 130
30 96 117 130
87 119 121 124
24 34 59 60
17 78 108 133
10 112 114 120
17 36 65 123
63 112 125 126
47 114 116 117
22 111 115 116
64 95 101 122
7 118 125 132
35 43 57 91
12 18 35 100
15 118 120 131
7 18 84 85
54 92 114 131
35 93 98 111
16 65 69 126
12 32 48 129
4 52 67 87
84 125 130 132
119 126 130 133
1 119 125 128
9 10 108 119
14 56 66 128
7 80 104 115
13 63 119 125
96 121 127 133
29 77 100 118
84 118 121 131
78 127 129 131
3 12 13 103
14 114 119 120
58 107 122 131
7 129 131 132
89 106 111 115
38 123 127 131
18 122 125 131
62 102 129 132
13 81 104 124
50 77 81 106
57 107 123 125
35 41 49 103
109 120 126 127
93 107 119 125
10 47 82 121
56 103 120 123
72 77 81 132
11 35 39 58
54 119 126 129
34 122 123 130
10 21 41 92
112 117 132 133
81 97 99 109
56 129 132 133
4 21 98 104
68 105 115 115
70 106 111 133
29 81 106 131
16 117 130 131
7 8 15 55
31 125 131 132
40 62 73 125
19 56 64 93
78 82 102 102
35 60 75 123
31 92 119 125
80 132 133 133
32 59 72 116
17 26 43 133
17 95 104 130
12 48 68 108
10 42 46 63
32 112 118 124
58 64 77 98
25 43 51 100
42 123 124 126
8 68 92 124
38 112 116 125
22 106 108 118
34 50 69 107
63 90 91 91
25 77 104 120
23 96 102 117
48 82 92 131
20 47 52 106
27 73 99 108
17 81 83 111
84 105 107 116
66 86 94 123
52 64 87 124
32 80 122 125
50 92 98 106
14 70 98 116
35 117 129 133
26 61 120 121
23 44 56 81
39 45 53 88
49 91 97 101
68 93 97 127
54 123 130 133
46 55 100 120
36 63 66 74
38 69 80 99
19 44 83 100
15 123 126 133
67 77 113 126
55 116 120 128
30 110 123 124
81 129 130 132
90 107 116 127
39 73 118 120
46 130 131 133
96 123 124 129
53 93 115 126
50 132 133 133
8 91 102 127
75 92 124 132
50 110 112 115
38 94 121 122
36 97 101 117
11 90 116 123
32 70 94 107
24 100 102 116
43 76 103 107
5 11 81 124
29 73 92 128
10 104 118 130
7 47 62 93
77 117 119 125
64 105 118 130
6 93 110 113
60 94 123 133
90 93 116 128
92 116 118 118
43 75 117 127
95 127 132 133
106 115 124 131
11 91 99 131
27 84 94 99
60 73 90 112
55 75 80 133
32 89 115 116
62 90 103 114
65 128 130 133
5 129 132 132
99 131 132 133
3 9 57 99
45 118 128 132
63 72 111 122
80 110 112 131
17 132 133 133
45 97 121 121
61 78 80 95
24 101 104 110
78 93 104 127
12 85 113 113
42 122 126 130
24 77 121 126
18 127 128 131
62 81 102 122
11 57 72 112
47 118 129 133
48 50 69 112
34 49 90 104
21 28 92 122
28 126 127 129
23 118 124 131
110 124 129 133
82 96 107 107
48 72 76 93
102 107 122 125
59 105 131 132
28 118 119 128
7 125 131 132
115 131 132 133
30 127 130 131
32 32 51 69
74 84 110 117
82 128 130 132
48 118 119 131
30 62 67 91
30 122 125 127
31 60 103 114
85 100 103 122
37 83 89 133
34 44 49 96
43 44 83 89
57 89 111 130
89 96 105 115
10 98 108 119
11 61 106 110
1 56 73 126
52 110 113 122
57 118 121 133
38 49 55 95
8 124 127 132
24 108 115 128
5 27 92 132
16 109 110 120
39 79 105 112
15 103 112 118
39 117 126 132
21 31 71 115
18 65 82 89
23 105 108 131
27 58 72 93
75 121 123 133
43 59 85 117
84 131 133 133
74 121 124 124
12 107 126 133
12 116 125 126
32 117 124 129
13 29 41 87
13 84 129 131
103 130 131 132
27 108 130 133
88 100 126 133
35 46 101 117
71 102 126 133
30 132 133 133
11 72 130 130
30 87 89 133
52 59 121 133
63 88 91 128
10 93 96 117
26 50 98 114
18 51 54 111
41 93 107 128
31 82 114 118
25 127 130 132
85 119 120 131
26 83 97 129
6 130 132 133
28 53 59 85
5 89 111 114
41 131 132 133
13 36 59 69
6 28 72 74
46 71 86 120
18 40 89 126
22 47 99 111
19 21 28 119
45 75 77 113
67 71 112 129
102 120 121 132
35 42 83 91
64 120 129 133
18 114 122 127
32 34 70 109
110 120 124 133
20 36 103 114
61 103 113 116
43 125 129 133
2 109 121 132
14 63 65 112
102 104 114 131
76 127 128 132
9 112 127 133
31 51 79 126
4 51 73 75
12 40 111 116
10 24 51 65
70 74 94 123
83 122 127 131
44 47 54 123
55 121 127 127
66 71 106 131
65 87 111 118
12 79 119 124
26 67 114 120
33 69 115 131
75 130 131 132
25 27 33 58
101 107 125 127
58 79 84 107
38 114 118 120
8 56 72 131
9 106 109 129
17 71 75 121
36 117 123 130
31 52 106 112
51 93 110 131
78 108 118 122
84 86 117 121
26 53 88 116
57 119 123 129
6 31 50 96
26 42 88 111
20 74 78 133
73 104 113 118
13 61 77 112
53 59 97 101
71 106 113 114
36 107 114 129
38 130 131 131
58 77 97 133
36 124 127 133
10 53 80 90
46 47 109 132
42 60 86 102
63 86 125 133
11 111 114 124
13 77 121 121
31 121 133 133
85 114 128 132
74 103 117 132
54 97 109 115
54 100 102 117
42 49 82 119
32 73 82 115
79 119 132 133
12 63 105 108
73 127 129 130
2 93 97 107
60 128 129 132
7 95 97 105
11 35 37 110
63 90 93 111
42 44 90 122
3 76 88 101
34 46 60 68
24 41 43 53
85 110 112 120
9 72 117 118
40 92 100 124
109 128 129 132
25 43 44 85
33 84 101 130
40 116 117 131
88 102 106 115
67 75 100 114
22 51 77 91
74 96 124 125
81 88 94 95
43 56 82 85
52 128 132 133
96 122 126 128
45 90 118 119
7 82 84 84
87 112 128 130
2 90 124 125
52 53 78 122
4 120 121 127
84 100 112 117
20 131 132 133
98 98 109 109
5 74 81 126
18 92 114 121
34 71 81 123
18 120 124 132
66 117 121 131
40 76 125 131
49 109 128 133
47 74 97 123
17 80 127 130
74 120 123 128
39 46 57 132
99 125 130 130
60 68 69 85
18 35 50 100
65 105 110 120
41 112 114 125
43 117 120 121
49 88 97 102
54 78 115 123
22 126 128 130
12 12 58 63
115 120 128 131
116 119 120 131
33 61 97 119
32 56 75 101
3 31 33 82
28 68 84 125
62 120 122 132
15 35 118 130
97 107 121 128
54 129 130 131
15 85 91 106
49 56 109 127
17 53 111 112
48 108 113 114
18 57 63 119
13 93 95 105
12 14 101 119
64 125 132 132
14 64 92 117
42 127 128 129
62 125 132 133
93 132 133 133
78 116 118 118
73 74 113 130
12 39 49 126
2 114 119 121
67 84 87 130
17 128 129 130
49 123 124 129
11 98 120 126
15 35 64 121
47 64 86 88
23 44 91 129
10 21 46 96
82 108 124 127
77 95 109 117
30 50 78 81
116 116 119 125
66 99 111 117
3 16 35 35
115 128 129 129
31 49 61 87
16 113 123 124
33 96 100 114
103 108 115 130
53 93 96 124
34 89 103 116
75 130 131 131
23 41 83 122
32 54 75 111
53 108 123 128
59 114 123 131
84 87 95 130
29 105 125 129
108 113 118 132
74 132 133 133
56 100 124 132
3 98 100 107
88 121 125 130
28 46 100 111
51 54 76 116
39 107 111 120
94 103 122 123
13 116 122 126
65 115 130 133
72 83 110 118
58 119 124 132
103 130 132 133
55 129 131 132
41 67 110 110
8 36 49 116
42 117 127 128
15 102 105 121
34 38 55 116
16 96 110 132
100 117 126 126
22 108 113 118
24 114 130 131
54 68 104 105
30 89 119 123
34 39 88 100
78 129 131 133
40 121 123 125
124 127 128 128
53 114 130 133
80 92 110 129
62 126 127 129
48 87 90 108
13 51 69 69
80 118 121 121
31 34 42 89
2 70 73 121
42 118 125 127
75 80 111 126
72 107 131 132
42 84 99 122
34 92 104 127
51 126 131 131
83 107 110 125
9 67 74 91
43 111 120 131
75 85 116 117
71 77 100 114
46 61 75 97
39 78 90 103
121 124 130 130
73 109 112 127
21 70 74 102
25 53 65 91
40 131 132 133
27 78 79 104
4 9 81 125
68 71 105 123
30 86 93 106
65 100 115 126
52 56 81 83
40 83 100 104
87 107 110 133
92 106 120 131
122 132 133 133
84 113 117 117
12 93 110 118
13 127 131 132
3 53 65 112
4 117 121 123
24 80 118 128
12 128 131 132
25 92 119 126
69 127 132 132
73 78 80 118
4 89 128 131
23 105 112 128
55 82 102 108
41 106 124 132
62 81 114 129
27 48 70 121
27 106 107 112
36 52 77 114
22 88 95 128
53 80 82 99
98 126 130 131
99 104 124 133
47 77 93 112
10 99 112 114
5 10 34 131
31 109 112 132
53 126 130 133
20 116 118 123
20 35 50 64
35 72 119 132
54 74 124 132
42 102 112 123
16 87 104 131
36 64 88 116
70 71 83 108
75 101 124 129
31 51 89 125
16 80 100 131
45 129 130 133
41 121 126 128
21 115 123 131
118 122 129 130
91 119 133 133
15 124 131 133
29 69 116 123
98 131 132 133
48 65 91 127
104 108 123 133
33 91 114 131
45 62 98 118
47 130 131 132
83 121 125 127
37 81 113 131
21 69 94 96
42 61 109 120
104 120 130 133
32 95 118 128
36 38 58 89
50 118 120 132
53 69 115 132
68 94 95 123
25 105 122 123
51 89 109 110
73 94 97 112
96 112 114 129
65 86 106 112
19 81 113 131
59 105 119 127
39 74 97 114
56 100 109 118
18 104 118 132
53 116 117 129
38 132 133 133
64 88 115 130
103 126 127 133
99 132 133 133
62 75 87 119
19 74 113 123
23 86 104 109
32 117 121 131
119 126 129 130
46 97 113 117
3 44 101 122
24 34 90 126
1 29 70 98
36 129 131 132
34 103 110 133
94 128 129 131
68 94 105 119
28 70 81 103
10 87 98 130
40 68 85 125
99 124 125 127
2 25 62 69
29 49 110 117
46 62 82 127
19 128 131 132
23 90 103 130
43 79 112 131
40 47 62 77
66 77 96 117
8 119 121 130
103 126 129 130
15 70 72 81
10 56 82 103
91 106 107 132
111 131 132 133
35 70 86 118
93 104 107 131
8 18 48 131
37 50 84 106
60 111 126 131
12 83 122 130
29 49 63 94
5 53 86 130
97 130 132 132
52 54 71 131
22 132 133 133
51 55 69 96
16 77 83 98
98 108 113 128
7 51 118 118
7 46 79 95
66 118 127 128
2 112 127 127
94 117 131 131
43 117 118 127
45 52 109 123
9 80 91 105
12 123 124 133
40 78 82 84
7 21 46 104
15 58 60 87
4 54 79 122
20 41 50 75
21 66 71 102
44 46 67 129
58 96 111 114
17 102 112 115
11 19 67 117
30 94 98 124
9 65 79 119
89 99 101 106
67 117 124 129
12 59 71 123
40 50 129 131
62 128 132 132
24 82 95 124
54 74 75 131
28 47 103 130
1 5 14 51
10 109 112 126
50 61 69 90
77 127 129 132
27 115 118 118
17 32 102 122
81 95 116 132
75 106 115 129
80 107 118 126
39 49 104 119
7 50 82 133
20 99 125 125
65 124 126 131
123 126 127 131
52 114 120 124
125 130 131 132
54 65 106 125
19 35 70 114
20 127 128 131
29 63 77 127
14 63 85 116
69 102 115 115
61 119 125 131
35 123 125 125
84 104 112 129
1 88 104 132
35 37 96 102
80 107 124 132
68 79 116 130
27 59 88 103
14 113 114 126
66 111 127 127
15 119 123 133
23 23 76 103
96 125 128 128
21 34 37 90
40 125 126 132
53 124 130 131
51 92 113 119
51 59 85 112
73 119 120 122
6 71 80 124
65 108 112 119
30 42 63 118
3 45 62 65
11 112 121 126
26 93 108 118
7 126 128 132
8 42 105 130
31 113 116 120
2 116 123 130
19 22 59 98
49 61 74 104
36 131 132 133
12 56 87 109
27 80 82 91
10 95 110 124
55 132 133 133
99 113 118 122
4 53 59 73
66 88 92 118
65 119 120 126
38 56 67 77
120 127 128 131
58 114 115 131
3 73 78 109
94 132 133 133
43 118 125 126
9 131 132 132
14 89 113 122
47 90 103 106
99 101 118 127
51 109 114 129
7 72 128 130
6 86 111 114
39 90 111 118
21 117 119 121
1 33 103 112
21 22 90 120
20 105 114 132
11 82 90 90
19 112 113 127
64 127 131 133
58 119 122 133
8 44 72 110
3 96 111 127
51 77 94 132
34 70 77 128
39 108 111 114
36 78 111 115
84 92 97 98
113 126 129 132
33 73 98 107
45 106 110 124
29 59 107 129
11 22 70 82
49 85 86 101
25 32 80 102
16 76 90 119
53 86 109 122
71 102 111 120
84 129 130 133
12 68 79 91
99 102 127 133
28 106 113 130
124 130 133 133
93 98 102 127
3 59 83 93
55 91 119 124
12 26 39 74
20 123 127 127
44 109 114 115
25 74 82 109
96 116 131 133
11 31 73 84
35 121 132 133
30 104 107 127
72 105 112 116
12 35 86 122
48 89 118 119
23 123 124 129
22 84 113 118
1 37 52 98
22 26 52 113
60 122 125 127
92 126 128 130
25 86 97 106
16 65 70 123
32 50 66 85
10 42 94 106
12 16 21 65
75 103 106 117
89 119 124 130
18 84 111 124
50 75 119 126
27 114 126 127
13 88 109 123
20 48 67 101
11 42 113 130
67 96 120 132
57 83 107 116
37 60 68 114
52 90 102 115
91 95 112 119
4 8 43 94
40 125 132 133
41 78 79 88
48 122 125 133
3 81 96 110
33 130 131 132
104 109 114 115
45 126 127 132
55 73 88 123
52 52 98 106
73 132 133 133
9 98 117 133
44 91 99 106
61 99 118 132
57 132 133 133
46 50 74 121
9 87 91 114
34 93 96 110
105 132 133 133
8 119 120 125
59 132 133 133
52 128 130 131
35 91 93 98
46 49 50 128
97 121 123 130
42 132 133 133
1 129 132 133
35 111 115 131
59 88 123 131
83 100 129 132
30 30 56 129
68 108 117 133
3 94 128 132
75 116 125 129
13 20 43 133
82 124 131 132
35 49 54 94
107 121 127 129
53 83 92 116
58 106 108 123
11 77 82 121
4 41 91 121
65 100 109 133
6 67 72 110
32 111 112 123
49 131 133 133
113 124 131 131
22 127 129 130
52 71 78 127
4 90 95 109
50 69 91 112
68 101 111 115
53 101 117 118
107 128 129 133
43 128 131 132
116 124 129 130
17 75 92 116
63 106 123 127
44 102 110 120
34 69 96 126
11 42 63 109
58 86 95 119
19 98 103 106
35 47 58 85
9 42 83 117
112 117 129 132
96 124 125 132
35 81 97 121
115 115 123 128
8 74 80 84
23 27 42 109
30 116 123 130
3 14 59 96
5 32 33 90
7 100 114 121
34 52 67 88
64 108 114 122
125 130 132 133
73 126 127 133
45 105 122 133
1 69 75 110
21 39 107 120
6 67 96 112
71 92 102 119
43 73 80 121
33 105 130 132
5 120 124 129
25 98 118 132
75 116 119 130
25 60 65 115
37 129 130 132
99 117 120 129
36 57 74 80
45 113 125 131
63 110 122 133
36 71 113 124
9 130 131 132
81 87 98 126
28 44 67 79
68 78 91 104
17 66 93 108
5 11 31 71
31 98 101 105
20 25 99 108
23 131 133 133
13 117 129 131
7 18 28 131
37 72 88 113
21 102 120 121
8 14 55 118
11 117 127 132
28 99 107 115
87 103 112 118
5 96 115 116
3 103 111 117
33 54 82 110
98 102 104 126
23 108 121 131
16 64 107 111
29 60 91 131
53 112 123 130
17 28 40 89
2 76 77 96
7 81 110 110
35 35 80 130
46 59 95 106
86 122 124 126
21 42 77 114
79 80 87 91
46 49 53 61
63 95 102 129
76 98 104 110
32 84 85 129
113 120 123 124
80 126 127 132
10 97 106 113
77 77 83 110
27 102 127 133
77 123 131 131
66 96 108 116
8 117 129 130
95 100 118 132
10 124 130 131
10 59 78 86
49 105 111 133
128 130 132 133
10 91 95 98
94 121 132 133
30 84 98 130
56 97 100 121
41 54 95 112
28 35 57 68
13 47 86 109
57 61 73 121
105 125 128 129
68 112 117 125
91 97 107 119
26 42 121 127
35 92 110 128
12 106 110 120
60 66 98 120
33 91 120 127
19 45 58 124
79 116 129 131
38 51 77 119
38 69 74 112
45 100 110 119
51 130 131 131
10 128 132 133
53 127 128 131
20 72 92 99
72 89 113 133
83 127 130 133
88 113 119 132
36 89 101 115
2 122 123 133
46 67 99 108
78 124 125 128
34 63 73 111
22 34 43 59
6 40 67 74
69 115 122 132
43 84 87 120
86 127 129 132
19 102 113 125
10 71 96 96
78 122 123 127
7 96 105 108
42 84 98 100
58 88 92 122
99 123 132 133
3 97 105 120
89 125 129 131
40 60 99 130
42 114 120 124
7 31 47 73
18 131 132 133
6 79 93 111
118 121 124 128
67 118 122 130
20 70 110 121
2 54 95 116
67 90 99 125
6 57 97 129
12 41 68 105
2 74 82 113
78 91 115 123
18 95 112 120
19 105 107 127
11 26 42 126
119 127 128 131
51 99 115 118
51 59 100 101
9 93 103 129
94 123 129 131
5 70 73 105
30 122 125 127
21 60 102 118
92 122 126 133
29 126 130 130
62 82 115 123
69 101 113 118
4 114 121 127
5 72 76 78
42 56 106 121
60 63 89 124
5 12 29 83
100 125 126 132
103 116 122 127
11 96 102 114
21 87 117 129
13 113 115 130
42 100 129 133
8 65 68 108
4 20 56 99
27 50 74 92
6 13 35 81
40 92 102 131
9 29 44 108
5 113 116 131
33 82 85 124
31 103 106 131
18 105 107 123
12 110 113 133
24 123 124 131
18 79 99 104
81 104 109 122
50 106 108 119
8 129 132 132
42 98 114 117
77 108 114 133
93 101 108 109
2 57 84 133
73 97 128 129
35 97 107 131
84 124 126 126
48 110 115 131
97 109 122 132
39 112 115 128
6 18 51 124
49 96 103 123
103 112 121 128
35 89 108 130
71 125 131 131
63 64 116 120
49 110 131 132
6 56 66 92
5 98 105 112
46 60 107 119
82 120 125 127
23 96 117 117
59 112 115 125
26 99 105 112
61 104 119 122
98 128 132 132
107 109 111 122
100 104 112 120
86 125 128 132
40 70 100 119
38 123 127 129
65 76 104 105
45 122 124 127
13 34 52 99
41 44 81 101
97 107 116 117
76 101 118 123
20 80 92 96
70 126 132 133
10 131 132 133
64 72 97 129
11 123 125 129
73 128 132 133
41 62 75 126
43 123 125 132
60 128 129 132
23 126 132 133
4 120 121 131
22 98 109 132
47 101 107 114
7 82 88 126
56 114 121 133
17 67 89 92
21 59 61 70
22 34 51 62
1 91 96 113
50 129 130 132
38 106 124 128
75 101 104 127
25 90 109 120
44 123 128 131
104 131 133 133
54 71 88 98
110 120 130 131
90 97 105 130
12 98 106 113
8 117 126 133
99 113 116 131
59 81 98 102
36 61 64 120
92 96 131 133
53 122 125 130
67 96 107 126
40 114 117 118
31 42 45 77
26 129 133 133
62 126 129 131
27 90 100 129
71 84 95 101
112 131 132 133
4 74 89 97
37 83 99 101
15 76 80 118
63 76 85 107
115 122 126 130
3 36 108 121
10 26 54 64
43 63 95 113
28 44 64 105
7 34 66 97
26 120 121 126
53 93 118 127
46 106 119 133
56 87 89 128
124 132 133 133
55 78 127 132
94 101 111 120
47 75 115 132
95 110 112 123
59 84 87 103
49 116 118 126
92 116 127 132
31 106 108 115
81 111 124 133
73 90 107 108
36 116 120 133
6 39 55 88
10 119 128 133
43 98 117 132
19 37 99 112
20 99 115 119
5 45 100 102
77 105 115 132
4 115 119 121
14 50 75 92
24 44 67 80
111 116 125 126
18 119 123 127
16 66 70 108
54 90 116 123
25 71 85 116
50 118 119 127
98 123 127 129
28 102 118 123
15 114 123 124
57 58 114 123
80 86 92 104
40 52 89 107
60 103 109 109
74 74 99 114
17 87 93 112
28 53 100 122
15 77 95 103
36 65 95 101
59 127 128 131
65 68 103 111
48 93 108 117
81 93 103 107
62 97 117 124
36 117 118 132
87 129 130 133
51 76 116 117
107 130 132 133
27 121 129 132
69 81 103 122
48 106 129 130
24 73 113 129
109 109 129 133
122 132 133 133
28 72 96 96
10 118 128 131
76 106 114 124
34 98 105 130
63 65 75 121
52 125 129 131
39 52 87 111
18 121 130 130
117 132 133 133
79 94 106 124
114 118 129 133
11 38 83 91
29 37 68 132
70 86 98 99
42 82 100 106
56 93 120 128
62 85 110 110
1 93 110 133
23 74 97 119
28 95 107 122
52 53 98 123
34 105 123 127
24 31 107 133
9 12 16 32
24 123 130 133
68 100 107 127
21 125 126 132
70 122 124 124
34 84 88 95
91 120 125 129
65 74 79 114
80 95 103 124
63 119 131 131
7 130 132 132
84 120 121 130
17 74 101 101
39 111 117 121
45 66 89 127
27 85 130 130
26 36 40 89
47 119 130 133
61 68 81 131
8 97 117 127
29 54 94 100
28 86 94 123
80 94 116 124
14 104 108 128
60 127 130 130
74 130 132 132
2 106 114 133
107 112 116 126
14 88 100 103
71 130 131 133
34 41 64 67
84 129 133 133
28 101 126 133
108 118 121 124
24 111 122 131
1 24 45 47
65 81 109 125
35 68 79 98
58 115 123 127
57 65 71 106
5 52 92 122
3 70 73 130
81 128 131 133
96 106 112 131
18 117 118 125
5 10 25 102
27 53 61 64
55 82 101 122
31 81 90 118
54 95 103 113
16 17 83 132
11 127 131 132
71 73 82 100
98 104 112 120
47 121 123 126
77 123 128 133
52 110 113 133
71 118 127 129
67 71 74 100
1 18 52 94
7 22 93 94
55 68 92 101
41 103 114 130
33 129 131 132
1 102 114 123
76 84 96 101
26 67 86 124
41 64 103 127
105 110 115 131
26 123 131 133
15 61 104 117
86 106 110 127
107 125 130 133
32 32 33 41
16 18 98 110
58 64 93 97
17 124 127 130
9 104 114 119
46 70 81 125
9 17 21 33
55 122 123 127
37 74 100 121
73 124 130 133
68 95 105 131
85 104 128 133
24 112 130 131
26 72 75 129
43 66 75 79
16 86 100 131
53 126 129 132
15 84 89 103
47 89 93 98
12 77 101 119
23 28 122 132
13 53 87 130
7 65 97 127
63 98 110 125
64 80 81 81
13 27 91 125
21 81 95 129
9 56 59 102
27 101 117 133
14 18 100 128
43 104 116 119
36 78 100 107
2 19 59 76
102 109 114 118
10 26 95 131
51 90 101 118
39 87 98 118
24 84 110 122
30 78 83 103
12 76 114 130
23 73 115 128
114 128 130 131
70 100 101 116
7 72 118 130
73 106 121 133
57 95 118 120
79 114 120 132
116 131 132 133
26 103 123 132
48 80 81 92
48 112 116 118
87 97 106 115
117 124 128 128
16 42 51 130
46 126 127 127
54 59 97 117
56 117 130 131
46 60 90 107
81 125 131 133
60 98 111 133
82 84 98 120
37 88 103 105
36 45 100 124
70 125 133 133
11 121 127 130
26 105 110 112
12 93 111 128
16 102 107 128
31 102 104 123
19 127 132 133
13 52 56 81
60 122 127 129
24 69 85 105
108 132 133 133
23 53 67 104
46 102 114 117
59 126 131 131
50 110 114 130
8 124 131 133
37 118 127 129
1 83 115 129
108 123 131 133
39 107 118 119
21 82 108 121
104 111 124 127
22 23 71 77
76 111 112 125
32 118 130 131
80 84 110 115
11 36 60 99
80 89 101 122
77 87 93 126
38 75 97 99
51 87 108 111
33 61 100 131
35 85 112 128
60 63 74 123
41 88 113 129
102 132 133 133
14 117 131 133
43 68 94 126
26 90 95 106
70 101 106 119
125 129 130 133
33 77 126 126
13 43 53 129
30 69 77 84
57 93 94 130
103 126 127 132
21 61 72 122
76 118 120 132
90 103 109 116
81 115 116 121
6 16 57 126
28 61 62 73
14 91 102 117
49 85 88 104
35 127 130 133
27 74 91 133
43 65 74 92
14 49 125 131
70 131 132 133
20 127 131 131
1 55 91 101
20 78 85 93
75 82 92 92
64 96 106 116
53 83 95 123
16 123 126 128
20 100 102 111
89 129 130 133
74 106 111 119
41 110 113 124
14 117 126 132
10 31 73 73
54 56 65 81
8 65 107 119
74 99 108 127
2 93 117 131
24 41 91 93
59 109 110 130
5 127 128 131
21 105 107 121
25 74 76 82
58 61 116 119
79 105 121 127
31 40 72 100
86 103 114 120
81 87 123 123
86 112 113 133
34 35 77 124
19 65 85 96
123 124 127 133
75 108 126 133
7 111 120 124
54 69 90 103
49 56 105 133
68 95 104 110
57 111 116 133
31 112 121 123
91 109 116 131
23 32 61 71
38 101 110 122
108 125 126 127
1 14 58 121
65 81 92 132
42 86 95 107
58 102 103 121
11 80 108 115
39 125 131 132
37 59 87 95
31 37 44 109
14 76 98 114
74 121 128 132
16 34 53 74
19 84 86 129
55 58 110 116
23 56 62 121
8 34 43 129
33 50 125 128
87 87 111 126
52 68 74 106
8 51 87 116
24 26 38 103
30 76 118 120
46 64 95 106
36 84 109 126
21 36 85 131
41 116 117 130
40 73 80 95
34 94 97 132
46 132 133 133
50 132 133 133
40 104 109 111
69 125 126 129
16 105 108 114
29 131 132 133
87 110 116 128
106 111 116 128
11 61 83 102
47 79 86 101
32 107 110 120
65 130 131 131
2 15 70 99
82 115 117 133
21 26 37 46
76 124 128 128
101 121 123 124
17 113 118 125
47 65 106 111
31 97 109 130
33 96 100 120
86 97 119 129
74 99 111 111
23 54 66 102
69 109 120 121
26 43 89 112
12 52 61 128
112 130 131 132
16 70 75 118
76 117 121 121
60 107 114 125
32 116 126 130
62 124 125 128
29 29 76 114
1 115 124 129
110 129 132 132
22 31 50 122
7 94 95 97
60 101 106 123
62 111 118 123
67 106 108 132
61 131 132 133
70 128 132 133
40 106 116 117
1 16 120 126
28 79 90 127
19 84 96 124
80 131 132 133
40 96 104 125
13 19 21 120
2 105 115 127
84 126 130 133
18 113 115 117
115 131 132 132
65 118 122 129
28 115 121 132
27 61 64 104
72 78 90 127
26 88 127 131
18 41 98 129
15 78 82 130
27 45 93 106
96 109 113 124
27 83 91 105
20 83 86 131
8 104 131 132
98 101 120 132
18 105 110 130
26 36 69 76
45 87 94 126
43 89 96 121
82 98 103 116
61 118 119 132
36 107 124 128
36 103 118 126
8 107 122 127
18 57 59 131
1 62 69 126
51 94 96 125
24 38 57 108
61 81 82 133
23 60 88 108
28 98 105 113
51 52 67 96
27 69 114 127
36 86 95 133
23 37 84 90
47 55 71 97
82 127 130 133
110 125 131 133
86 123 125 126
114 129 133 133
15 116 118 133
24 126 127 131
59 74 80 114
77 131 132 133
9 57 110 127
17 85 120 131
109 124 127 129
95 130 132 133
49 122 125 128
52 92 103 122
66 66 79 111
110 121 123 124
1 82 85 99
52 60 70 127
25 93 106 109
32 67 88 118
98 126 131 133
119 127 131 132
60 109 111 126
81 107 114 118
3 83 111 121
65 103 117 117
34 126 129 132
72 85 114 120
70 112 114 130
87 101 126 132
5 131 133 133
59 119 127 128
9 34 42 62
46 121 123 130
57 122 126 130
50 107 113 119
30 38 49 122
84 90 111 116
65 106 130 132
26 95 122 124
10 84 117 133
90 106 113 131
50 81 82 120
43 65 116 119
36 64 78 128
65 75 130 132
29 85 101 108
12 60 67 114
120 130 131 133
43 71 72 75
79 105 109 112
6 114 120 128
22 100 126 132
28 74 85 133
6 111 114 116
48 81 97 132
11 122 124 131
11 130 131 133
6 53 95 129
4 100 114 116
53 122 126 133
37 87 115 133
4 119 120 123
40 66 111 113
16 73 100 120
37 44 66 81
30 62 64 85
18 108 110 133
85 95 118 127
45 79 96 97
42 77 110 116
44 94 115 129
60 102 126 129
106 122 132 133
32 44 45 99
70 123 125 131
59 107 121 131
8 25 73 80
10 62 106 131
81 102 109 122
98 121 122 128
37 94 105 118
63 83 89 133
53 92 107 117
66 124 125 127
3 92 112 117
18 75 124 132
112 121 124 130
32 98 109 126
4 76 82 106
28 101 110 119
50 84 102 105
87 131 133 133
10 60 99 107
29 64 67 88
59 99 113 128
23 97 125 133
7 106 111 124
114 125 126 132
116 125 127 129
18 41 58 89
44 108 130 133
62 101 110 129
46 69 72 77
31 37 82 127
34 56 85 95
98 114 120 125
1 2 25 128
48 68 81 113
17 44 76 122
44 98 112 130
92 102 119 130
73 104 118 120
100 126 129 130
6 104 118 123
11 75 121 129
34 123 124 126
10 68 81 127
11 63 107 112
52 71 73 88
82 114 132 133
11 61 102 116
12 79 88 91
57 76 113 117
43 54 82 95
73 74 81 113
55 129 132 133
8 10 91 114
37 111 132 133
49 52 60 85
80 113 130 130
52 127 129 130
58 115 118 127
71 131 133 133
3 64 119 124
78 122 124 126
28 120 121 126
64 93 114 132
61 87 93 109
30 50 116 117
1 79 92 110
36 120 121 122
69 115 118 122
40 60 63 106
74 107 111 131
34 76 93 108
17 51 79 82
1 40 76 84
7 8 49 71
15 24 77 127
4 59 67 81
56 106 109 118
35 117 124 126
13 62 106 133
56 62 82 97
8 24 52 100
58 92 106 124
80 99 122 133
78 117 121 125
51 78 104 129
13 89 96 120
6 71 130 132
90 130 131 132
11 76 92 106
59 76 90 110
31 103 105 120
52 57 84 99
59 85 96 122
64 87 122 125
23 101 110 127
66 121 122 132
33 95 109 124
22 97 104 110
31 130 131 132
59 125 130 132
14 68 89 118
66 127 128 129
3 101 104 114
66 86 115 116
27 71 73 77
102 103 110 124
64 68 77 87
75 132 133 133
78 120 123 125
48 88 89 119
2 83 91 95
32 98 126 132
114 124 129 131
8 72 106 114
22 65 68 125
27 90 93 122
24 58 66 72
12 132 133 133
39 50 78 132
41 58 98 132
58 76 96 131
84 119 124 127
94 114 117 122
21 97 112 132
25 120 121 132
18 103 111 129
70 96 114 117
92 124 126 128
6 33 64 96
87 103 119 123
88 116 117 122
60 62 85 93
33 111 114 128
11 51 108 123
80 86 105 129
9 120 125 125
20 33 62 86
6 119 125 131
30 87 122 125
49 68 94 108
110 121 132 133
82 108 109 117
19 95 96 126
64 102 111 133
20 127 131 133
22 103 105 114
57 69 95 127
20 48 97 97
63 71 81 111
34 130 132 132
11 14 57 76
44 111 118 133
38 84 121 126
2 124 130 133
26 123 124 127
42 123 126 130
6 41 42 105
101 131 132 133
40 76 113 116
85 99 109 127
94 127 131 133
59 89 96 124
31 125 126 128
62 129 130 133
53 112 126 129
72 99 120 128
26 110 114 116
58 92 97 130
51 67 105 106
91 102 110 115
69 111 124 133
38 71 97 115
27 97 109 124
30 68 85 126
72 89 94 129
19 35 49 99
43 94 95 120
96 126 128 129
93 121 128 129
32 67 99 117
27 36 95 95
68 102 111 121
71 122 127 132
85 90 107 111
43 113 127 132
9 94 128 132
81 116 119 127
6 125 127 129
85 130 131 131
14 78 79 114
15 24 90 108
12 100 111 126
8 109 118 133
74 75 80 86
65 94 98 107
1 122 130 133
15 90 101 128
92 99 103 125
38 55 82 121
68 112 125 131
47 96 100 120
11 51 82 120
28 104 105 129
63 91 93 129
12 105 106 113
16 128 131 132
4 101 125 125
112 122 127 128
28 99 111 132
69 132 133 133
24 44 58 92
14 48 95 120
26 85 103 129
15 59 69 121
45 68 89 108
42 60 79 83
16 28 42 64
3 88 127 131
1 99 104 128
26 109 121 123
78 124 128 131
6 27 40 121
25 85 129 132
59 132 133 133
3 76 85 88
38 99 111 127
70 113 115 130
17 61 89 128
120 127 128 132
16 129 132 133
63 68 106 122
104 108 120 128
44 77 106 122
95 96 107 110
75 123 127 132
48 85 112 119
48 87 90 111
16 123 126 131
20 44 66 66
79 104 116 124
69 70 125 132
6 124 131 131
108 129 131 133
27 78 102 117
64 131 132 133
94 131 133 133
13 103 114 117
20 43 98 121
27 48 56 58
19 40 76 116
36 110 115 125
36 102 121 130
16 94 101 117
28 60 86 91
96 105 125 129
86 103 121 132
34 108 109 111
100 102 110 120
31 118 119 131
9 18 62 71
31 46 56 73
19 32 50 107
75 81 84 125
98 115 119 133
90 98 107 125
16 22 124 128
40 81 113 129
84 125 127 133
25 86 127 131
3 109 125 127
3 123 127 130
111 116 123 128
1 122 124 128
20 33 42 44
7 131 132 133
113 122 129 130
91 105 107 129
13 121 123 123
5 12 19 46
78 81 111 120
79 109 125 132
8 32 80 107
19 26 45 67
10 110 112 118
7 7 77 104
70 85 121 128
42 63 94 124
10 82 100 111
72 113 121 131
19 57 59 112
21 72 78 117
87 91 109 112
41 59 76 100
26 84 93 105
129 129 131 133
64 68 114 114
7 64 85 124
46 110 111 121
94 128 130 130
73 123 131 131
38 56 79 104
37 44 78 114
23 90 114 132
9 27 32 91
23 85 100 130
9 13 113 114
24 66 87 130
32 84 92 106
49 89 103 113
2 106 123 123
80 90 126 132
44 104 113 121
3 6 21 103
38 63 96 130
98 107 128 129
69 124 127 132
14 62 94 114
11 75 84 116
38 71 107 116
66 107 128 130
100 130 132 132
10 61 85 116
41 51 67 93
84 121 123 132
114 123 128 130
64 98 124 127
14 119 128 131
9 13 15 96
16 126 128 131
45 71 122 133
70 98 107 128
70 88 108 130
24 113 114 114
81 98 110 117
93 117 123 126
83 90 113 131
15 102 123 125
53 100 124 126
8 132 133 133
23 63 102 118
70 90 102 119
12 125 128 133
61 121 124 124
7 132 133 133
7 68 104 114
54 83 95 102
5 127 132 133
39 55 84 124
15 30 41 86
9 12 77 89
18 46 47 118
72 80 99 101
54 68 96 111
36 117 124 126
51 71 73 89
50 74 86 115
60 68 101 114
109 118 122 132
46 128 133 133
14 59 120 123
44 82 93 119
56 70 97 130
24 69 130 133
109 130 132 133
61 85 92 123
52 60 91 132
91 117 123 128
36 53 73 86
75 78 94 116
79 124 129 131
13 110 128 130
54 76 79 130
26 69 87 99
64 65 99 123
101 124 126 128
98 116 122 128
94 109 112 129
2 116 129 130
30 107 114 115
96 112 128 133
30 76 88 132
29 47 65 67
42 66 74 108
75 124 127 132
67 77 120 126
46 73 93 110
24 107 125 133
70 72 89 93
6 33 48 83
12 121 127 132
25 36 80 109
28 58 61 84
46 99 127 131
4 49 69 75
55 118 121 131
114 127 132 133
3 20 61 127
51 85 110 119
27 119 120 133
22 107 109 122
9 92 96 107
66 82 102 104
10 129 131 133
5 73 82 116
19 73 82 107
38 41 56 62
15 125 126 130
40 132 133 133
48 105 109 122
58 75 116 120
23 113 127 129
55 88 113 127
33 122 124 131
11 130 131 133
11 76 78 131
96 99 132 132
95 118 124 131
23 77 92 101
32 39 53 84
84 97 101 133
36 111 114 114
27 90 122 123
5 8 58 99
23 99 127 129
52 82 83 120
3 59 103 108
78 80 93 117
92 106 121 128
80 116 129 129
120 127 128 129
24 77 92 117
43 132 133 133
12 43 49 99
7 131 132 133
28 55 64 105
49 85 108 118
15 61 88 106
16 42 90 95
55 84 87 87
63 98 118 121
40 121 124 128
36 64 80 110
89 118 125 131
48 55 108 133
9 112 124 132
62 67 78 118
46 90 95 103
33 71 111 120
15 34 85 113
32 75 104 122
42 46 80 129
100 128 130 133
12 51 55 86
20 70 94 103
52 104 108 131
91 117 124 132
61 130 132 133
13 71 78 119
28 119 129 130
88 97 98 124
32 97 116 123
96 101 112 115
73 107 115 117
40 104 113 130
1 6 76 119
65 112 115 117
21 96 102 128
28 53 115 119
23 75 84 87
51 107 127 133
56 63 95 112
33 60 82 109
21 46 52 83
30 107 108 120
46 53 93 119
30 81 82 118
68 132 133 133
18 22 57 124
46 108 118 123
1 77 95 103
6 19 94 123
37 56 84 119
75 75 78 112
9 65 111 133
12 46 55 119
117 126 130 133
2 68 108 118
20 132 133 133
117 128 131 132
79 110 128 132
121 122 125 131
22 74 82 82
4 11 41 51
4 32 34 73
80 117 118 121
16 72 115 122
7 40 124 125
5 71 88 110
1 79 83 88
23 42 86 118
106 123 125 132
101 131 133 133
45 122 127 130
35 109 125 127
4 38 73 92
41 57 70 111
89 131 132 133
52 126 129 133
5 72 126 126
30 33 64 98
95 102 109 123
74 110 112 115
115 128 130 130
59 84 112 123
77 132 133 133
34 45 95 126
20 57 85 103
33 53 54 59
3 8 53 67
36 48 109 127
26 32 108 129
57 107 115 130
33 46 70 102
55 94 96 99
99 110 130 130
51 102 121 128
80 102 127 131
21 37 50 75
24 78 98 124
47 109 113 130
20 124 125 130
82 100 119 122
12 16 41 111
28 76 77 83
59 88 100 115
7 9 82 90
64 82 87 103
57 86 89 122
67 99 108 130
25 126 129 132
51 127 128 131
46 58 118 120
5 82 95 105
25 101 109 129
6 94 109 130
1 76 124 126
25 110 114 122
25 67 103 120
73 125 128 133
45 115 125 133
28 103 111 114
31 132 133 133
20 64 79 114
40 53 100 115
45 80 86 132
47 94 107 110
32 84 104 132
128 130 131 132
34 92 100 105
44 131 132 133
51 118 126 131
23 36 50 98
58 87 109 130
42 121 126 130
46 125 126 127
61 87 91 119
39 123 124 133
55 121 125 129
52 80 115 124
19 28 47 77
2 85 106 108
71 112 115 125
22 105 107 133
78 101 111 132
23 86 94 124
55 59 62 65
103 112 116 124
54 58 76 110
20 66 78 97
50 78 92 121
51 128 129 129
16 41 68 77
83 87 107 129
78 107 112 131
108 115 124 127
42 121 130 131
1 58 72 113
111 122 124 125
47 81 98 105
20 81 112 117
5 40 84 118
18 110 128 131
68 80 114 132
16 129 130 133
29 43 81 113
33 70 105 133
62 90 121 124
18 45 63 88
38 129 133 133
32 65 82 102
56 107 109 112
38 81 96 127
13 15 25 38
20 72 113 116
109 115 127 128
89 120 122 131
2 86 114 119
22 59 81 104
10 88 93 124
57 65 72 72
27 41 122 123
50 113 120 124
28 43 57 119
80 105 109 133
28 46 76 87
60 97 111 112
69 78 105 110
59 60 76 92
48 108 117 118
109 127 128 130
34 40 56 94
97 106 118 123
24 104 110 132
42 53 96 97
11 110 113 119
19 38 96 112
17 19 94 103
80 118 121 123
58 89 94 97
5 96 106 121
27 36 66 85
79 118 128 133
32 42 100 122
22 80 86 128
47 68 74 89
1 28 118 123
1 25 54 57
69 92 110 123
12 104 120 133
42 76 97 98
96 99 100 113
25 49 52 92
10 34 93 104
39 113 128 133
49 51 71 113
58 58 63 118
78 96 101 104
15 77 91 107
27 85 87 105
66 106 123 128
40 64 80 127
100 118 122 132
28 80 100 123
49 56 82 126
30 59 120 132
51 85 105 107
70 92 95 128
48 129 131 131
24 45 93 101
92 101 115 124
28 130 132 133
77 125 127 132
26 28 80 127
5 130 133 133
2 114 121 121
25 49 78 109
34 101 112 125
2 38 76 79
18 107 109 122
20 61 97 127
24 123 131 133
47 118 121 123
10 120 125 127
20 67 103 103
68 114 127 129
2 8 45 123
1 76 86 97
21 60 84 122
75 94 114 118
43 94 95 104
26 125 129 131
81 125 129 131
31 122 129 133
26 91 103 122
13 63 66 109
18 32 36 104
42 130 131 132
43 95 107 110
71 119 123 128
39 64 101 114
45 56 68 74
2 103 108 119
1 109 116 117
5 54 92 122
23 30 44 102
69 103 110 125
39 72 128 130
23 128 133 133
5 89 111 129
68 120 133 133
69 81 103 111
24 118 119 125
46 92 132 133
37 107 126 128
75 131 133 133
58 115 129 130
47 129 130 132
104 126 130 131
18 57 75 101
49 61 63 107
27 106 113 132
3 74 88 129
42 66 67 83
33 97 105 133
13 36 78 115
32 80 92 108
77 106 111 122
92 120 123 133
38 110 127 127
16 61 66 118
107 123 124 130
19 47 95 114
53 99 115 128
22 130 131 133
47 65 118 130
48 130 131 132
1 87 97 129
13 68 106 131
102 106 124 125
40 118 128 133
36 89 106 113
3 97 102 110
7 114 115 120
13 69 86 96
12 37 68 121
39 56 74 127
81 113 115 117
17 112 123 123
14 23 38 130
8 85 86 93
91 128 133 133
13 101 121 127
24 121 123 131
7 33 80 128
110 125 132 133
6 81 93 113
35 101 115 133
39 108 124 127
38 112 125 127
16 98 106 120
73 94 131 132
42 46 53 92
69 115 119 132
63 122 129 133
8 118 120 127
45 132 133 133
51 95 114 131
40 113 122 125
20 89 96 98
11 110 128 131
126 132 133 133
17 57 86 87
78 86 113 117
95 115 126 131
34 96 103 127
66 126 129 133
46 87 89 93
2 112 117 121
32 120 131 131
19 104 105 105
76 84 85 100
74 110 113 115
25 39 40 75
41 125 126 131
21 48 75 110
106 112 119 126
58 67 86 109
122 129 130 130
8 50 70 95
2 29 46 67
49 131 132 132
61 73 83 128
64 108 133 133
17 116 122 132
69 87 121 125
4 51 62 92
23 100 120 124
40 117 126 130
8 100 101 114
13 18 38 70
65 129 130 131
20 82 121 124
4 111 117 124
21 62 69 90
37 78 126 133
42 64 99 103
19 34 98 112
7 131 132 133
17 21 58 75
41 97 98 104
39 67 106 115
8 102 115 133
71 112 121 131
58 106 108 116
95 112 116 125
22 106 123 124
33 115 116 121
35 91 99 115
85 99 109 130
36 47 74 100
1 29 59 110
7 23 48 91
111 122 127 131
75 118 119 122
91 106 117 133
8 106 107 116
84 108 120 122
65 111 114 125
120 122 123 126
33 112 114 130
61 103 115 126
13 66 72 121
63 64 106 116
8 77 100 108
13 52 58 125
4 126 127 133
9 24 57 67
32 115 116 130
28 114 119 127
78 99 100 117
18 118 120 128
42 132 133 133
37 61 78 93
38 92 102 111
48 122 127 127
82 82 98 102
50 131 132 132
19 78 94 120
28 53 118 127
54 110 112 127
55 63 90 107
19 118 130 131
6 20 51 115
15 80 104 110
13 71 80 81
25 111 113 119
18 104 126 127
31 79 87 106
6 47 79 82
74 101 114 130
71 83 106 123
90 121 125 130
5 38 51 63
26 105 106 121
26 107 115 117
48 84 115 119
2 99 114 129
118 128 130 133
74 94 96 103
