682 1253
486 661
73 289
29 44
72 273
488 570
419 571
197 572
65 154
418 597
88 213
230 625
128 397
368 614
559 560
176 636
92 287
403 569
450 562
13 373
233 499
243 618
322 479
367 556
600 661
306 405
54 414
302 436
155 666
23 617
84 587
25 607
292 616
256 491
140 366
241 652
564 654
556 625
116 611
156 203
539 646
59 360
67 399
2 110
93 393
251 643
318 613
458 664
497 585
139 225
317 439
279 578
265 367
147 539
191 469
222 661
158 355
221 456
161 205
132 587
310 624
265 654
314 661
63 543
204 646
523 636
25 481
157 234
293 655
34 599
48 204
321 454
191 419
324 406
88 600
299 650
71 257
20 371
8 664
12 327
106 425
52 639
278 481
187 188
15 506
128 538
85 354
333 346
439 593
77 405
205 305
53 619
609 619
331 569
28 387
49 320
40 180
480 520
370 521
281 321
207 553
212 565
108 240
53 115
103 681
54 425
519 648
153 351
22 306
157 437
567 603
105 204
85 655
164 591
457 654
256 479
532 638
335 488
297 306
22 300
99 202
366 648
100 415
473 542
144 144
17 405
375 534
90 374
381 578
159 324
334 464
398 417
185 505
287 374
60 360
253 258
359 446
272 507
333 653
118 497
157 205
254 559
159 537
57 574
335 632
541 544
126 387
178 562
147 532
434 570
278 461
66 605
542 564
157 610
103 451
74 159
66 79
409 499
38 325
11 606
311 606
67 521
414 662
36 460
57 559
74 560
175 414
350 398
407 429
543 556
437 476
312 644
263 265
52 275
89 422
172 661
166 361
71 160
192 281
546 657
347 451
88 96
10 416
162 489
195 469
80 415
547 616
20 495
300 360
20 631
219 581
129 253
297 392
341 456
1 524
285 407
57 456
97 525
219 471
569 602
10 51
233 604
70 417
292 407
119 196
6 592
488 639
116 122
36 68
288 523
43 560
347 408
134 549
393 558
207 379
116 457
399 499
109 568
154 288
434 550
335 566
52 76
180 566
12 502
146 673
163 201
6 102
245 614
39 513
61 374
16 200
135 521
124 513
348 586
523 598
462 576
366 423
275 648
168 445
152 562
202 211
11 529
217 287
202 582
486 542
73 451
163 571
229 302
152 378
34 323
91 634
239 267
230 423
245 268
50 82
398 423
55 410
528 532
624 644
78 202
188 614
127 280
304 640
136 314
40 630
456 560
546 581
123 154
123 187
20 530
402 599
24 626
272 281
6 488
108 451
56 287
139 352
219 659
336 646
396 572
39 518
344 589
62 604
221 655
447 637
216 611
118 475
20 290
210 617
141 558
40 77
131 362
254 532
4 13
185 657
269 544
271 556
329 527
195 310
96 151
430 515
215 226
336 592
439 513
71 564
516 593
158 620
67 380
408 615
250 361
27 100
397 407
494 631
276 301
384 461
417 503
253 338
374 589
536 676
529 577
148 342
471 557
167 214
18 677
66 624
207 404
134 391
483 648
60 326
515 570
287 335
80 573
47 335
434 571
315 335
347 466
621 676
317 588
105 373
58 669
87 206
254 404
516 558
212 426
240 565
246 556
111 558
339 415
400 574
128 218
262 444
199 244
259 332
113 231
251 496
252 353
30 117
80 486
469 612
148 192
533 655
93 359
174 200
462 593
540 560
303 475
54 675
245 484
477 574
29 299
253 617
432 670
408 508
91 264
92 364
242 680
6 48
94 96
382 681
97 667
2 371
226 558
80 668
254 434
57 434
570 570
14 390
110 184
330 347
535 619
524 627
56 500
389 586
361 457
318 655
473 532
77 171
240 287
244 446
35 650
471 555
122 504
25 607
208 576
49 68
223 591
272 459
493 595
513 514
143 674
85 329
366 552
53 525
9 342
17 430
92 177
371 665
424 430
13 74
144 479
162 641
252 334
305 545
7 235
68 235
103 365
300 635
214 539
25 160
193 650
87 513
75 471
198 523
43 303
17 489
45 672
53 64
7 641
338 503
42 179
106 627
429 504
96 273
408 617
411 547
176 565
205 542
106 534
10 297
223 528
178 588
222 662
205 275
441 621
45 214
454 680
49 612
148 268
274 298
63 418
98 430
7 274
603 657
521 582
226 347
58 102
167 521
8 173
32 538
113 590
253 464
52 283
153 549
227 273
41 671
204 598
180 650
353 409
81 289
136 466
124 586
266 682
412 619
111 639
349 438
51 362
20 231
364 651
300 500
318 396
26 658
222 636
195 458
109 338
227 242
288 633
9 385
534 600
26 447
215 320
82 636
179 520
294 513
202 394
288 660
330 653
457 486
416 589
41 251
331 576
592 659
222 497
587 603
347 594
346 550
20 91
96 462
45 368
161 329
283 354
393 405
139 442
93 466
65 500
207 377
178 326
314 615
456 627
79 330
20 335
435 584
22 124
77 588
484 678
252 681
108 611
211 241
315 385
54 617
171 411
57 280
602 618
353 418
361 497
183 610
63 377
86 343
64 470
206 510
346 660
38 669
325 566
152 380
396 680
227 284
5 623
111 464
106 143
167 185
425 567
355 377
59 101
112 201
371 600
101 346
25 132
347 681
90 458
55 218
107 456
131 511
78 639
71 160
247 322
149 323
262 434
118 180
67 92
221 364
127 308
111 217
322 589
262 651
9 487
45 583
451 466
295 492
138 459
102 459
390 446
239 505
329 621
280 328
151 560
10 35
184 435
76 418
166 243
334 464
212 550
497 652
31 69
67 533
569 576
25 347
117 607
37 259
170 350
141 220
253 271
298 424
78 326
500 580
345 417
144 520
626 651
321 636
190 298
243 615
42 150
576 650
117 171
284 629
86 439
38 569
18 385
33 77
455 633
221 312
205 592
106 457
56 423
456 522
117 150
387 406
38 112
190 496
44 377
192 663
17 546
102 637
116 596
289 448
141 554
74 639
508 597
29 31
183 242
391 433
252 294
480 674
81 330
538 594
302 469
251 408
175 408
178 606
294 671
299 523
375 658
410 534
229 385
392 403
486 653
379 682
21 477
437 517
50 193
218 459
22 151
475 633
31 350
255 500
215 560
173 494
114 238
281 448
300 506
189 544
421 568
215 409
31 548
233 241
93 115 202 531
582 617 635 679
348 533 556 586
279 618 626 658
7 196 288 321
37 183 533 659
60 182 358 489
399 566 601 682
123 630 655 678
319 493 508 653
490 570 626 657
404 473 560 640
139 626 647 680
149 350 451 591
327 343 461 601
311 662 668 682
551 584 594 675
206 324 486 525
237 508 563 565
42 345 362 535
141 537 546 613
73 298 552 642
52 485 602 608
321 641 664 675
254 432 636 641
293 516 632 656
296 574 600 656
433 473 640 671
156 360 418 661
261 638 668 673
80 306 413 513
76 653 662 668
34 505 516 656
58 342 346 384
185 493 614 664
91 201 265 613
3 43 151 511
564 613 650 659
310 328 329 428
537 670 673 680
40 139 206 301
253 457 638 667
348 652 678 680
25 544 659 676
213 384 567 678
221 234 354 392
219 626 649 655
328 463 641 677
355 360 559 565
30 160 190 490
114 608 636 646
65 589 612 653
58 59 273 462
420 515 576 640
133 133 188 297
278 505 508 626
25 572 610 644
486 565 641 681
129 409 530 530
168 507 536 561
72 342 465 675
101 269 502 517
383 677 680 682
128 442 610 618
42 227 259 401
162 168 534 539
233 397 443 631
113 274 339 605
274 650 672 673
119 307 362 503
68 588 619 627
44 410 561 652
190 561 617 668
203 393 462 479
224 276 528 599
222 674 675 679
24 679 680 681
148 429 525 565
253 607 612 618
42 562 573 626
338 649 662 665
79 441 468 629
60 294 337 559
83 361 555 621
389 409 584 601
155 394 639 647
50 393 451 596
360 530 591 681
49 464 593 634
92 438 627 663
269 376 460 675
75 621 650 657
416 501 550 659
372 457 488 614
398 650 651 660
362 522 544 639
140 245 383 506
265 575 579 675
275 639 654 660
410 425 517 635
62 182 208 225
209 305 387 550
125 234 369 408
653 677 681 682
59 597 636 661
52 368 389 467
435 619 628 651
27 645 651 679
141 615 616 669
203 293 488 500
330 393 619 681
559 582 594 635
276 629 639 682
438 560 605 617
41 516 538 679
335 449 462 634
30 77 138 211
261 523 646 656
405 522 620 675
98 170 314 330
199 213 563 599
498 677 678 679
159 330 567 619
190 551 560 632
17 267 279 329
473 535 591 643
108 626 666 673
274 289 481 497
40 513 574 646
37 528 648 672
162 647 648 665
28 380 458 525
56 444 511 549
177 340 461 534
64 439 454 647
182 619 637 676
142 174 226 491
160 361 463 514
93 348 415 478
148 212 574 653
256 374 456 536
112 535 556 558
528 646 669 678
205 239 532 601
430 607 610 675
23 382 469 521
124 507 594 652
446 465 620 658
501 583 608 620
539 553 577 638
126 493 580 615
185 206 483 528
274 531 668 671
164 292 486 529
306 490 535 554
45 80 103 514
499 602 649 652
529 641 648 670
320 373 462 623
56 464 507 618
332 627 657 657
287 290 561 598
379 413 414 417
116 250 378 464
612 637 655 671
102 157 169 417
52 673 675 680
365 600 610 614
315 542 566 607
179 237 282 553
411 527 580 628
108 368 481 489
12 486 566 663
56 491 520 526
562 609 672 677
360 472 477 542
170 554 598 642
348 468 477 671
212 640 645 652
145 380 491 578
33 595 672 682
457 519 553 583
140 350 498 632
51 601 611 612
83 537 626 642
64 386 494 611
222 577 655 663
277 621 641 681
256 257 331 484
153 350 437 488
315 553 611 652
316 632 660 665
547 560 598 634
170 177 189 256
79 648 672 680
35 149 195 373
36 421 562 613
132 461 501 609
294 312 422 566
127 630 637 664
419 536 598 608
75 652 661 677
498 559 596 635
418 430 487 671
279 414 425 640
106 277 470 601
297 638 646 659
511 659 664 679
225 469 517 650
504 624 669 672
332 403 462 551
262 619 630 651
307 352 464 648
8 484 512 559
397 594 626 677
74 447 495 680
240 585 656 676
413 546 558 638
254 430 442 597
153 543 677 679
217 421 518 543
423 644 678 678
249 565 567 575
176 295 315 339
232 632 642 675
254 635 679 681
150 452 459 475
102 160 526 639
74 352 612 645
378 520 521 669
395 628 650 660
360 658 677 681
513 597 611 620
491 569 585 591
34 39 44 602
347 515 528 561
308 607 656 656
334 470 530 611
116 257 586 669
123 555 634 674
158 449 477 668
124 270 353 409
209 489 615 679
169 445 458 681
18 353 453 565
12 86 128 480
226 618 627 674
552 680 681 682
240 540 570 620
590 678 679 680
474 656 663 668
178 293 456 642
46 270 519 641
61 474 539 588
158 214 413 491
47 309 370 468
590 595 645 679
228 238 582 621
200 255 467 645
284 367 406 556
230 339 402 651
330 615 651 667
252 556 573 574
288 300 416 490
538 598 647 677
31 530 679 679
16 478 510 553
308 572 627 644
175 363 565 606
65 163 201 279
203 226 425 521
581 672 676 679
491 626 639 660
595 640 675 682
127 166 241 535
237 624 674 676
218 490 497 659
568 570 648 675
373 395 512 533
138 614 616 659
187 384 546 561
154 578 623 625
183 606 646 654
205 464 471 649
30 567 639 659
221 423 446 566
108 524 616 662
30 536 650 659
73 89 412 651
422 500 577 633
35 578 662 665
496 609 619 639
349 411 535 618
111 413 541 553
439 574 619 678
397 600 659 665
293 594 648 675
338 648 672 679
249 265 429 520
16 272 279 671
55 77 262 494
27 478 616 679
455 630 636 646
567 612 645 675
285 486 488 538
219 464 557 619
224 238 333 663
107 537 540 673
128 217 230 361
378 511 529 577
388 506 624 652
129 160 621 637
266 432 504 651
203 575 582 644
316 344 648 658
143 360 558 571
103 229 419 494
36 275 281 637
229 337 339 651
465 523 591 640
85 350 595 625
30 539 573 597
529 650 660 664
41 510 561 634
202 624 642 651
313 317 430 439
242 636 651 662
63 521 558 604
308 419 471 566
170 238 464 541
544 654 662 663
131 639 672 679
667 679 680 680
150 409 546 588
98 167 435 612
538 545 577 621
452 492 531 562
188 579 669 679
222 294 352 467
148 587 657 657
453 624 641 659
418 496 597 645
220 330 449 563
22 482 600 665
445 603 653 658
231 525 645 660
141 509 645 664
199 617 629 667
238 411 466 492
260 667 674 676
205 654 672 681
107 121 321 435
108 205 213 674
564 619 632 670
71 144 301 346
45 275 339 602
60 143 217 502
143 252 329 660
321 377 487 596
614 626 630 635
383 674 680 681
61 606 652 660
442 671 674 677
393 578 638 662
150 565 597 626
31 652 667 677
178 358 417 658
69 413 479 673
5 433 491 641
139 646 653 667
44 184 246 466
110 125 145 366
200 584 613 659
390 394 575 587
549 664 665 676
275 374 532 542
424 627 655 674
311 551 654 660
258 648 653 680
305 541 599 655
164 326 599 673
276 485 646 663
546 615 642 673
314 593 647 661
398 439 601 651
36 435 655 671
283 679 682 682
141 320 506 629
5 246 377 517
190 396 411 565
336 603 651 676
142 566 579 591
144 646 664 665
348 672 680 680
101 118 158 161
387 573 591 612
195 499 567 673
166 241 521 582
114 561 605 613
351 654 658 662
276 604 633 649
168 348 382 462
185 404 546 637
72 234 316 547
186 587 648 680
8 216 221 402
269 307 367 390
74 178 368 659
329 576 577 595
210 260 505 597
603 658 669 673
468 588 635 668
172 343 370 629
52 577 586 610
176 328 402 465
59 182 535 561
151 522 587 595
88 364 489 489
241 494 578 625
316 347 596 625
91 293 339 679
60 235 496 504
227 306 421 649
153 250 603 670
373 403 518 582
96 537 613 661
320 581 633 681
66 219 299 669
64 319 640 663
191 473 477 629
179 613 640 643
181 381 520 578
214 231 325 587
166 643 657 660
162 513 525 546
429 555 586 642
305 434 597 638
493 673 674 681
280 550 636 636
249 620 632 671
502 584 658 663
428 668 675 675
424 544 592 610
65 431 599 640
87 179 358 653
59 149 384 439
151 586 615 630
43 193 272 407
189 460 466 609
630 646 656 665
198 618 641 647
285 558 604 663
163 571 603 672
99 577 649 664
217 642 644 652
375 420 453 600
280 340 376 408
103 664 674 682
231 618 635 672
144 674 680 680
57 611 629 636
20 494 513 655
471 669 672 676
430 578 621 670
172 284 428 585
120 207 564 584
82 429 453 656
298 309 479 487
275 379 398 640
234 395 400 675
96 328 347 489
34 95 396 628
35 662 666 666
55 358 501 609
28 532 572 579
389 637 647 670
556 620 653 661
335 515 607 630
202 367 371 513
180 208 347 510
250 612 649 660
325 365 388 512
410 546 573 664
477 653 658 679
142 383 468 649
26 487 564 626
25 223 228 619
142 559 579 652
52 288 296 385
200 558 647 680
173 598 637 654
122 573 664 673
467 545 590 636
83 501 594 606
19 214 369 441
35 86 362 627
487 575 580 634
296 567 591 630
40 578 598 609
169 262 304 605
169 261 417 435
108 536 621 679
423 635 664 666
72 589 632 658
12 574 638 650
270 561 578 600
232 245 372 529
62 466 604 642
101 526 594 604
214 455 456 527
362 405 459 594
69 256 468 563
183 378 492 495
217 518 525 629
378 458 565 668
127 372 602 658
39 285 387 612
422 621 623 665
162 512 583 670
81 478 527 620
268 348 636 637
465 509 518 671
193 242 420 443
140 652 656 676
226 565 614 642
143 556 645 682
184 480 514 644
149 612 617 669
110 493 563 640
467 528 588 592
230 579 598 631
273 503 545 563
218 498 501 564
315 647 673 682
74 192 193 449
103 479 556 680
14 161 358 557
197 571 572 650
287 672 677 682
399 451 569 651
186 485 576 590
110 605 647 678
129 420 593 648
329 510 568 646
3 476 489 538
330 431 601 659
200 316 337 607
224 566 595 645
530 639 642 666
160 581 626 649
373 503 547 590
130 549 609 636
199 596 615 663
49 178 539 567
44 168 270 586
142 610 638 680
98 383 550 615
89 318 380 394
310 505 524 527
157 213 468 660
411 477 495 674
408 613 630 649
341 419 462 655
278 670 675 680
466 576 619 619
268 571 575 644
281 346 397 413
18 162 308 614
570 635 661 669
21 23 450 483
576 618 653 680
24 430 497 614
415 590 653 667
203 608 621 660
1 382 469 611
381 573 636 675
171 360 452 473
46 373 399 575
83 409 526 680
122 388 464 620
70 195 237 636
295 554 583 628
146 221 278 338
339 673 676 682
249 661 674 681
349 616 650 662
137 489 503 605
454 652 666 674
214 336 528 651
312 583 642 656
82 177 252 628
153 601 642 669
426 539 660 678
112 362 402 430
289 618 649 652
98 616 651 664
323 531 539 566
54 177 443 624
96 161 188 210
48 533 546 665
107 150 258 310
455 503 519 669
100 191 291 369
101 248 449 682
174 527 645 657
494 609 645 672
372 427 524 660
224 366 396 458
66 474 605 645
91 378 453 602
15 571 632 670
373 599 631 657
345 591 644 668
373 659 666 667
174 259 404 446
177 642 643 649
608 672 674 677
21 316 334 605
143 437 535 671
258 304 477 522
41 671 673 673
187 211 611 638
114 369 380 409
420 445 488 545
130 681 682 682
276 662 663 675
251 475 571 628
366 576 627 671
202 281 350 391
54 355 429 577
431 551 586 636
379 388 611 666
199 333 451 640
229 490 493 631
183 561 594 669
458 612 653 680
582 608 654 663
265 466 649 665
103 469 482 648
115 153 264 329
39 71 377 659
346 450 511 515
459 618 656 659
222 396 585 674
128 681 682 682
36 226 430 564
433 580 647 679
204 380 431 481
51 160 168 338
291 303 507 545
345 550 555 652
479 600 620 656
85 214 594 612
342 390 489 633
253 525 647 681
56 349 476 539
335 411 600 633
159 161 315 324
159 573 629 671
59 676 677 680
160 500 656 662
211 407 427 501
88 375 404 422
23 137 249 610
368 563 633 639
267 378 589 640
112 128 373 642
57 327 381 441
94 529 564 635
49 608 625 656
26 213 258 272
372 641 648 655
229 648 658 670
151 573 619 670
307 444 567 577
368 436 566 643
224 611 676 678
157 205 431 653
82 201 305 639
46 670 675 680
185 198 525 591
159 525 569 580
376 550 606 645
43 343 366 520
33 281 509 678
387 639 681 681
9 319 623 628
23 51 357 495
229 589 605 631
368 558 601 613
60 489 574 661
65 463 470 542
33 353 592 670
172 273 394 451
168 183 400 583
301 575 607 616
503 599 600 628
193 643 657 673
42 343 499 598
293 681 682 682
592 611 663 676
324 664 679 680
122 658 660 678
431 548 618 680
16 383 457 486
94 337 615 644
39 559 650 661
367 545 576 660
33 165 253 345
661 674 675 679
272 281 518 591
213 224 400 642
285 629 656 669
369 409 488 582
445 672 674 679
92 166 194 474
69 165 358 529
163 172 619 656
177 227 245 340
348 520 568 609
313 415 428 630
198 603 648 666
93 509 512 574
8 294 495 498
391 419 479 599
37 245 267 505
72 101 294 302
129 512 544 579
12 398 409 603
345 638 643 675
263 327 530 605
458 647 667 679
454 679 682 682
275 345 368 389
277 463 650 682
476 664 665 675
133 600 611 673
221 561 573 604
375 482 526 661
269 385 426 621
381 674 678 679
81 252 346 364
530 622 638 662
78 286 384 550
61 106 165 642
162 205 331 584
329 643 658 668
31 357 456 465
633 665 673 676
16 536 543 682
77 105 513 666
65 557 594 631
259 283 298 578
131 647 660 681
251 301 347 408
27 174 461 558
342 391 449 528
289 312 435 565
263 334 576 614
353 536 592 677
287 379 509 601
144 492 628 663
186 406 437 604
126 522 532 553
314 580 659 678
97 584 607 662
252 532 649 651
431 494 547 581
556 677 680 681
291 536 607 671
416 509 516 613
355 404 438 578
568 610 628 657
223 277 473 617
46 395 452 458
67 481 489 521
100 390 473 614
165 261 623 655
404 678 681 681
29 387 441 637
170 289 292 494
236 602 609 652
202 349 492 618
47 487 610 638
160 467 503 677
635 648 661 668
225 549 581 615
32 69 411 507
93 160 309 468
215 654 668 678
138 257 287 345
184 562 576 679
133 135 641 667
326 350 527 577
266 507 631 653
506 663 666 672
460 470 614 632
95 166 411 534
339 364 384 579
123 557 623 645
102 590 635 679
104 565 594 636
260 393 517 553
350 378 481 665
509 644 661 675
16 565 584 652
257 303 335 426
303 541 637 679
243 438 474 647
459 491 531 653
84 565 662 678
181 301 327 377
290 480 481 542
435 562 578 590
187 483 614 671
295 573 578 584
23 130 290 378
63 602 610 656
58 301 545 621
34 520 607 647
227 260 362 564
149 443 504 562
186 635 643 662
78 534 563 571
340 675 681 682
367 407 408 470
101 176 446 449
465 637 664 677
257 449 610 628
569 630 651 665
374 590 593 606
529 643 668 671
171 485 621 648
126 544 550 583
297 389 472 645
564 572 583 590
155 562 636 658
155 386 413 655
316 386 566 616
196 570 587 628
145 447 470 648
272 674 676 679
88 259 276 444
405 677 679 681
383 563 594 678
171 240 434 475
210 257 318 508
71 111 186 509
483 605 645 672
561 604 610 652
287 365 432 443
60 360 374 521
8 620 621 658
231 263 292 556
120 246 494 636
168 339 467 484
225 360 364 461
167 393 587 654
100 604 638 677
10 640 669 680
185 678 680 680
182 202 425 627
49 232 337 600
568 629 633 675
254 266 369 453
298 658 665 673
63 209 376 643
143 680 681 682
49 359 444 488
265 498 593 623
102 645 666 673
185 313 446 556
105 125 175 192
11 225 462 557
530 662 668 668
203 529 548 601
109 270 355 659
206 555 667 678
589 599 610 615
218 420 618 625
411 658 663 669
284 368 602 664
398 452 481 592
108 554 636 643
344 507 512 557
248 639 640 673
49 556 665 668
329 450 487 575
452 594 629 639
581 639 667 668
266 509 639 676
134 572 601 629
411 529 590 668
358 584 635 655
564 598 609 625
213 221 639 648
60 298 366 529
100 419 509 682
77 358 417 599
185 382 473 581
22 298 453 491
190 486 509 567
150 246 289 618
200 493 604 625
278 333 410 423
72 594 623 649
139 486 605 648
69 455 560 633
360 495 550 598
235 608 612 646
9 612 618 648
36 480 551 562
241 412 421 503
465 525 547 566
294 603 625 678
457 517 615 664
57 231 273 398
117 216 434 580
81 630 640 641
269 396 425 511
241 463 520 594
33 158 446 544
507 622 637 656
475 677 678 680
98 327 365 637
310 422 530 623
336 651 660 676
147 478 582 614
310 496 517 641
319 563 638 657
25 89 332 531
227 347 398 435
327 559 592 630
112 118 220 472
499 538 541 570
222 606 644 669
230 415 451 524
45 197 286 671
167 233 376 526
172 459 526 582
606 630 640 679
253 362 370 426
277 456 613 650
41 296 431 476
270 310 530 633
43 539 650 658
432 443 519 595
214 265 424 524
66 201 215 552
569 665 672 672
211 566 589 624
542 622 659 680
261 280 583 654
388 491 513 517
74 584 648 660
130 533 564 583
255 333 410 438
6 606 634 676
39 445 483 627
100 584 601 651
81 86 509 656
384 463 471 488
669 680 681 682
66 71 379 516
68 377 422 473
55 462 488 546
335 522 564 652
315 349 599 613
640 650 654 669
425 633 637 672
177 586 635 667
456 459 496 681
495 536 581 585
178 628 656 678
126 564 639 651
580 668 670 670
445 548 628 659
470 518 602 633
36 404 668 681
278 333 454 618
268 629 643 681
287 594 629 635
452 665 666 667
160 221 313 317
305 338 572 667
400 504 532 679
368 442 616 665
126 480 612 621
157 161 433 624
247 263 460 669
176 422 543 641
470 541 590 635
90 391 524 617
194 447 583 647
108 353 580 586
395 561 594 657
273 667 678 679
125 628 644 647
441 530 533 614
257 627 640 645
249 306 512 585
348 511 582 653
287 322 488 536
11 122 187 391
573 638 650 652
71 573 589 612
58 574 575 664
26 420 527 547
256 632 642 660
265 338 473 564
178 536 617 623
113 577 622 627
187 433 578 587
310 479 539 560
272 495 552 562
25 89 120 241
251 298 548 637
86 132 396 456
638 679 680 682
291 428 467 553
354 445 455 556
212 555 641 675
48 57 456 506
103 548 590 671
360 383 486 646
420 505 603 647
276 664 665 672
246 252 527 563
530 540 570 670
575 622 656 659
195 357 585 609
111 630 633 680
109 560 594 649
565 630 653 664
229 302 428 479
53 420 536 638
253 402 482 496
55 665 666 677
47 276 508 537
615 654 656 662
512 620 674 677
88 398 594 619
122 492 538 621
231 557 566 575
87 171 279 561
86 259 355 552
158 319 430 484
298 497 574 623
42 339 427 428
102 597 616 679
375 459 522 670
198 389 432 530
431 535 539 611
126 465 626 646
15 455 593 609
174 317 561 620
320 561 601 608
83 457 458 508
266 611 626 666
383 462 510 579
138 296 415 606
34 441 523 531
7 337 601 673
137 253 491 634
396 626 628 668
176 443 485 669
75 121 168 214
66 621 632 646
505 656 667 669
352 410 592 605
625 675 676 679
87 100 300 534
242 527 601 674
218 620 624 625
502 524 526 628
433 492 529 608
76 495 613 631
145 526 534 567
14 156 354 470
174 536 633 672
472 581 641 671
402 563 640 663
2 632 634 660
265 610 642 680
116 420 512 531
196 368 422 479
562 580 590 648
394 565 568 652
221 544 603 676
31 176 227 651
378 496 550 670
7 603 621 632
105 588 600 654
9 641 642 666
44 69 133 497
415 660 668 677
402 513 646 677
223 517 574 650
41 630 636 647
184 500 506 641
623 644 659 660
465 539 604 655
560 644 655 677
239 576 585 622
306 392 406 597
470 636 649 657
322 602 652 665
219 406 593 643
57 675 678 679
144 500 504 536
11 410 551 595
46 633 634 647
89 198 213 496
342 580 613 656
119 154 313 375
138 489 632 646
16 600 601 617
60 313 491 596
251 396 409 679
7 247 431 485
194 204 380 440
83 577 645 671
342 374 392 472
383 588 597 602
234 545 601 618
370 481 537 544
54 609 610 682
31 667 674 682
245 556 611 680
158 605 619 682
98 570 618 678
271 465 517 589
154 221 234 419
177 543 583 586
138 379 380 429
5 496 590 605
14 668 673 673
369 467 596 636
324 628 669 670
176 366 413 611
488 574 589 625
112 166 329 402
80 678 679 680
52 58 262 564
169 513 534 600
326 443 490 584
307 652 666 682
351 376 547 567
496 604 611 661
127 505 553 583
100 216 566 573
109 344 581 634
410 621 643 660
8 501 597 617
33 51 279 461
21 166 435 613
569 636 654 675
337 513 526 590
225 337 438 484
89 524 539 595
84 424 444 613
131 448 550 565
383 637 644 657
322 579 607 633
587 604 609 625
474 676 678 681
47 419 513 641
103 448 484 644
396 452 467 568
537 561 601 681
210 367 465 564
375 615 636 646
239 433 444 656
254 483 510 638
454 526 535 563
136 140 291 593
11 119 300 438
284 672 675 677
382 667 680 681
259 659 664 669
188 206 220 582
156 397 519 654
193 319 585 650
448 626 658 664
285 500 518 672
174 259 593 619
346 590 596 671
300 600 665 672
3 560 575 648
20 631 663 674
473 555 652 670
275 382 497 633
107 492 587 664
279 379 401 527
147 466 492 575
19 481 586 640
370 426 457 464
165 188 213 580
218 655 663 671
126 336 401 424
218 448 456 615
156 273 373 671
547 612 634 665
295 440 474 517
321 405 463 554
58 563 616 641
512 544 592 653
358 488 587 677
92 506 532 560
331 633 637 675
94 264 297 324
255 508 630 642
500 534 599 612
184 313 366 367
280 284 376 502
189 578 584 661
328 532 604 680
122 338 372 566
210 445 615 656
455 644 651 675
353 539 615 643
57 280 389 522
32 194 424 547
49 538 549 572
375 504 544 600
267 372 441 650
339 518 640 666
437 565 603 627
425 553 571 581
432 453 558 570
456 557 661 663
155 588 602 662
459 525 541 668
218 495 529 597
180 451 491 586
429 620 638 654
436 487 583 624
391 541 560 647
24 313 426 532
350 432 549 583
264 469 569 640
112 306 409 670
20 98 197 646
223 514 602 669
75 146 408 522
115 538 560 580
235 252 320 527
368 446 488 510
129 463 480 520
78 151 284 385
369 670 676 677
119 563 658 668
12 27 582 586
