510 911
337 481
270 417
249 338
63 173
172 179
82 493
143 469
229 269
273 503
203 280
94 292
349 400
126 156
193 483
258 292
143 391
13 80
21 473
184 212
11 333
97 139
134 305
34 436
57 417
270 377
237 266
60 154
240 456
87 483
65 292
34 220
123 209
64 345
412 507
124 176
106 155
70 406
139 204
265 418
89 466
156 211
165 501
92 355
458 465
199 365
283 447
5 138
81 176
86 279
248 380
87 144
196 292
59 412
103 265
439 508
98 223
3 509
135 312
55 371
373 378
120 497
68 451
302 389
143 266
415 440
219 342
399 433
122 362
267 402
72 509
82 177
10 200
203 449
82 487
314 470
46 425
74 205
25 118
314 378
201 509
211 460
244 377
436 466
69 438
168 286
14 311
132 154
63 457
130 173
86 200
159 505
117 162
373 405
28 340
5 132
236 422
61 143
330 508
35 97
183 406
65 291
258 274
115 127
203 503
47 197
101 500
15 412
42 145
106 140
130 221
78 274
34 75
159 344
124 274
208 273
172 404
61 325
12 203
210 466
106 249
130 394
231 407
139 197
317 327
374 480
148 257
109 324
196 321
118 254
316 333
106 160
62 283
1 466
196 245
215 500
26 400
15 409
219 227
99 319
94 189
399 453
329 437
259 269
265 378
36 124
108 415
256 318
130 318
217 495
148 157
73 508
96 360
411 508
108 336
428 504
309 494
2 311
8 430
28 232
31 223
311 335
228 238
112 396
6 258
295 358
23 343
248 472
129 380
267 408
218 449
286 340
255 271
295 471
100 487
13 445
135 231
37 285
155 480
198 245
214 327
255 425
11 303
103 408
378 509
125 468
146 324
78 203
134 490
157 189
209 278
90 493
17 489
61 196
34 49
216 490
182 483
59 193
65 291
104 463
325 347
56 360
13 213
231 391
222 344
11 419
39 148
34 286
52 425
211 356
78 297
180 337
36 438
269 465
161 438
397 459
41 291
310 380
397 498
160 385
359 401
1 116
264 436
90 162
48 262
260 338
12 495
39 59
110 484
252 275
264 405
284 449
130 357
166 302
366 378
101 432
43 302
167 177
193 299
343 443
111 194
32 70
124 135
14 112
77 94
381 503
82 502
12 356
415 507
79 438
199 274
41 346
249 326
206 324
392 467
42 353
196 443
105 221
7 88
162 491
77 103
55 109
47 100
339 503
256 508
49 49
76 476
277 455
125 370
283 470
204 398
123 355
174 200
226 254
284 351
178 502
179 389
25 453
283 474
232 319
250 360
226 426
111 354
31 157
265 294
127 188
190 215
111 130
365 383
298 383
171 178
329 368
100 347
124 295
118 228
250 284
344 358
110 398
129 132
54 510
32 441
430 444
220 238
5 266
322 380
161 485
3 116
40 319
328 414
95 172
416 431
6 148
163 388
240 380
411 495
343 472
111 276
225 409
82 310
201 373
92 412
32 176
109 221
180 458
41 430
20 159
51 400
180 488
79 476
43 100
237 421
109 217
114 396
163 436
128 445
269 355
21 33
72 475
142 489
66 407
62 316
222 328
228 388
34 355
165 342
153 327
297 509
114 211
296 301
236 390
187 308
39 462
161 290
268 380
247 376
131 410
50 255
302 360
17 262
324 480
21 336
8 89
406 459
20 215
275 498
203 437
348 444
472 509
41 192
350 414
36 147
124 264
450 481
14 310
193 384
277 303
7 79
43 59
285 439
277 440
331 409
97 346
193 474
448 508
328 456
314 395
124 437
181 240
73 82
244 323
101 250
199 404
291 313
110 496
330 334
176 467
74 123
277 467
97 174
76 385
39 276
199 254
53 402
291 392
259 275
32 222
178 393
186 416
277 495
45 425
156 347
221 341
22 428
434 482
284 481
73 227
177 267
313 491
5 319
117 492
18 51
184 349
49 396
319 343
190 230
83 123
248 509
9 183
65 167
176 345
104 448
17 337
42 480
52 386
186 372
131 172
85 252
358 378
151 153
141 439
411 466
449 481
167 269
15 158
223 425
162 501
33 74
219 473
188 216
226 250
18 76
29 98
264 452
51 307
327 440
13 208
51 168
163 165
334 464
43 485
328 475
230 451
77 413
121 423
115 414
401 408
351 492
69 168
420 474
72 461
190 222
443 453
58 322
305 501
67 405
317 482
372 449
344 475
180 476
310 334
56 464
334 503
186 375
119 438
185 321
48 451
263 420
167 508
169 343
23 494
251 332
72 195
137 477
89 218
280 455
223 304
189 419
331 462
357 442
256 349
88 236
412 459
42 324
74 207
105 327
217 497
289 333
291 409
144 485
75 211
168 203
171 443 453 504
3 102 269 344
256 300 331 358
68 363 471 500
169 263 416 462
82 175 271 415
206 408 411 437
67 484 488 497
58 191 246 501
16 228 369 464
80 383 386 415
449 464 467 477
48 457 496 499
170 171 264 364
150 204 323 488
384 402 463 467
51 135 342 423
6 381 403 447
28 434 450 500
259 368 433 506
72 373 442 486
104 486 493 496
156 292 483 504
92 96 130 401
82 412 416 468
222 343 421 460
90 393 454 491
335 481 486 508
4 213 399 421
102 168 303 347
91 420 438 447
69 179 326 356
407 414 423 505
321 426 448 454
9 366 407 413
266 320 336 431
23 253 368 407
319 333 364 400
67 284 350 392
327 385 389 472
122 248 437 489
35 461 492 495
173 350 363 390
204 483 495 507
159 439 455 458
91 106 191 354
167 485 493 498
97 100 282 350
69 506 509 510
242 448 480 506
28 54 112 131
171 509 510 510
216 278 286 412
169 429 430 460
2 109 286 375
384 465 466 508
131 207 300 311
282 292 375 487
30 480 483 491
48 182 204 220
238 456 478 486
25 184 365 492
171 335 359 370
229 271 292 419
343 489 492 502
175 430 466 494
72 179 229 456
165 256 409 435
6 325 449 473
9 469 493 499
190 452 495 508
43 332 347 385
107 330 491 510
451 502 505 508
414 415 443 478
378 385 390 453
55 464 479 505
336 495 496 498
120 149 183 357
268 325 361 397
216 371 402 503
47 352 395 477
85 501 502 506
236 313 393 452
180 263 411 481
73 429 442 452
90 270 412 502
250 509 510 510
352 455 485 496
21 470 473 500
140 235 342 359
96 348 367 381
394 395 455 498
258 346 476 496
89 140 213 245
163 316 321 386
210 238 303 435
101 203 250 475
331 464 474 479
376 437 455 455
240 292 365 393
109 293 373 495
424 430 477 483
11 346 354 375
11 145 172 397
179 419 430 478
75 465 481 496
159 344 360 465
104 475 482 497
110 339 455 467
174 319 413 429
62 413 434 443
360 444 456 498
8 415 438 460
246 356 391 398
292 463 466 489
405 489 507 509
115 231 354 469
40 325 364 458
64 152 201 443
141 218 260 489
45 412 425 498
49 266 368 455
24 236 385 436
440 453 474 489
166 280 346 433
214 492 494 502
369 392 433 462
365 456 466 488
21 249 335 361
18 337 347 403
264 466 467 509
181 471 474 485
403 493 508 510
37 487 502 502
208 508 510 510
66 251 337 485
136 285 312 337
412 482 486 494
68 296 352 494
123 139 154 470
81 350 466 484
10 99 182 456
70 132 274 283
435 498 503 506
215 217 352 419
342 408 415 442
108 272 367 466
274 407 426 500
398 427 499 507
246 263 341 493
323 390 435 471
107 285 338 353
230 359 411 463
40 61 243 400
58 478 492 497
211 303 347 481
95 242 435 492
86 130 191 450
10 51 238 361
210 313 350 468
287 429 440 495
115 176 206 348
8 313 391 473
332 444 468 491
242 415 432 449
39 476 489 495
158 328 346 374
225 273 306 406
98 340 344 358
449 466 470 472
52 434 486 488
174 216 244 486
423 466 478 489
296 388 435 479
306 469 477 507
233 315 415 424
64 308 357 363
123 311 447 459
357 440 478 500
119 278 459 489
115 251 384 462
46 397 428 453
138 450 470 494
384 388 413 484
130 455 498 507
103 281 408 461
306 479 490 498
15 480 486 505
53 387 401 489
268 325 399 401
234 492 495 505
263 350 411 418
221 222 461 483
312 466 482 483
236 330 436 502
14 369 422 477
107 338 435 476
450 452 460 500
65 211 297 486
36 176 261 452
95 188 361 457
246 262 332 461
180 271 338 428
101 109 136 385
256 507 508 509
32 55 113 175
9 280 318 366
80 128 195 422
19 459 462 463
155 451 492 506
198 367 411 458
1 243 308 463
288 336 378 477
52 251 389 435
46 257 303 388
182 236 329 446
119 133 296 444
184 499 506 507
247 268 383 461
21 76 158 219
193 384 464 478
93 387 475 509
80 345 362 444
105 276 282 413
167 291 301 429
300 459 478 501
66 361 430 452
95 138 375 496
157 179 273 314
234 396 471 493
279 409 410 477
453 471 493 506
325 361 496 504
33 73 169 229
40 280 390 451
399 431 451 491
114 280 469 509
131 432 466 494
144 324 449 509
278 436 496 501
149 475 481 482
46 131 191 422
247 282 334 483
308 508 509 509
5 100 180 295
30 429 484 507
16 345 395 473
346 457 465 481
201 326 382 483
91 222 417 470
156 457 483 490
241 491 498 507
68 195 227 436
128 168 186 370
453 492 493 505
317 344 397 489
39 235 278 367
130 262 380 402
449 461 493 493
33 441 443 477
451 500 502 508
16 125 146 334
186 209 426 454
195 226 391 510
10 96 126 173
492 495 498 503
64 141 176 316
171 229 345 477
256 283 370 409
185 454 494 494
1 3 235 480
169 413 423 508
34 37 341 501
306 344 348 453
99 301 457 505
5 448 468 472
45 332 351 420
27 231 305 467
381 463 467 502
234 248 391 480
473 500 503 508
184 441 476 481
38 494 509 510
269 375 377 405
160 201 243 462
310 356 456 468
16 195 417 486
138 281 325 398
169 403 471 500
260 399 403 455
219 424 434 509
134 312 464 493
246 315 394 439
142 212 308 334
146 477 491 509
169 358 473 486
42 269 275 374
155 290 345 458
346 468 475 510
168 359 369 482
330 496 505 508
60 84 313 338
81 506 508 509
24 324 345 459
365 485 498 500
116 188 456 466
241 355 457 468
188 280 333 398
92 368 383 425
183 294 497 508
211 351 356 404
1 254 333 429
467 485 500 510
317 356 361 428
283 407 455 498
92 452 460 482
218 387 430 452
33 404 481 504
192 477 488 508
212 257 379 467
16 399 402 496
298 457 486 502
175 250 376 419
123 446 452 483
119 355 365 417
133 410 428 457
421 436 475 479
28 199 407 485
351 413 419 456
142 263 340 408
438 499 510 510
195 348 415 427
404 432 461 476
163 248 279 441
77 156 382 470
52 107 359 373
232 435 466 494
280 391 445 467
5 485 494 506
237 264 339 418
100 130 295 342
79 465 499 500
351 473 500 504
149 434 477 499
244 334 382 441
148 461 478 499
176 229 391 393
153 432 475 484
322 410 476 487
160 360 375 489
159 481 506 506
8 462 474 476
188 337 345 509
109 259 343 499
4 345 378 417
4 236 363 415
58 258 310 397
271 346 422 470
35 221 236 485
209 393 412 499
73 453 468 510
133 330 337 383
26 80 194 451
19 452 484 497
207 296 426 478
57 336 360 491
15 383 414 457
272 314 429 451
243 342 365 420
151 507 510 510
227 441 472 481
39 40 119 289
31 462 497 504
62 291 459 476
113 185 227 399
61 476 489 504
368 418 452 481
97 123 165 470
280 334 454 501
403 405 424 432
434 502 506 509
275 394 403 473
65 291 418 459
76 275 365 459
240 397 457 498
200 459 490 506
45 392 437 480
327 477 478 487
385 506 509 509
363 464 465 473
90 134 317 445
129 473 480 482
389 464 496 505
395 446 473 491
56 430 439 487
7 375 390 480
245 345 376 401
245 354 467 478
40 206 247 438
231 489 491 502
149 267 449 481
250 312 318 495
395 460 506 507
460 480 508 508
108 260 267 309
216 273 359 415
95 509 510 510
21 241 259 301
45 375 445 475
6 458 476 499
353 481 483 507
51 232 368 373
102 215 275 492
308 388 437 488
17 87 203 221
278 320 436 437
4 145 178 423
12 374 413 467
124 178 272 447
394 466 483 507
279 337 392 414
2 52 227 462
16 247 257 409
217 502 509 510
132 504 507 510
374 379 471 478
312 454 456 501
59 359 394 508
125 174 477 481
151 361 430 500
56 338 377 454
188 479 481 496
406 458 459 508
70 504 505 507
166 194 503 504
62 99 158 398
282 417 465 469
102 433 459 492
112 114 394 406
113 279 354 500
276 318 355 456
286 502 508 510
109 400 429 444
17 49 364 392
25 491 508 510
415 475 506 507
216 357 361 382
107 323 348 476
38 445 480 510
232 239 279 303
34 142 312 469
359 479 497 509
147 476 483 484
220 340 395 424
218 279 332 450
96 301 309 329
302 305 449 463
74 194 308 320
55 143 188 324
266 481 503 507
290 386 437 464
53 471 503 510
181 505 506 510
23 407 462 473
118 132 252 479
185 484 490 496
232 489 492 495
5 350 459 497
199 411 442 495
416 503 505 507
2 11 52 277
106 457 471 478
170 328 390 451
13 416 426 469
280 457 490 501
32 401 418 440
13 127 343 433
203 392 409 500
271 407 448 472
318 488 504 504
31 471 472 475
175 319 416 472
217 395 418 509
20 487 491 500
285 437 444 466
123 224 346 461
55 184 185 325
177 264 355 366
104 216 324 508
411 479 484 510
82 133 469 479
401 409 488 497
77 160 300 411
42 99 385 439
200 282 289 431
388 417 454 464
131 449 488 509
241 468 484 489
22 303 341 414
44 171 206 356
139 178 432 461
19 135 432 433
31 403 490 508
387 395 446 495
72 476 479 503
128 441 443 501
140 462 473 504
86 245 456 462
195 213 341 363
167 178 232 294
9 395 457 502
373 451 490 507
113 397 398 465
126 460 490 492
117 302 337 338
320 405 478 503
25 343 489 502
215 294 380 386
2 81 191 504
80 447 452 452
53 168 417 479
16 107 198 220
7 370 466 505
131 184 192 246
25 368 417 463
237 502 506 507
102 146 342 445
121 189 246 407
128 152 154 488
30 428 435 453
169 472 481 498
61 164 202 261
170 284 419 458
126 146 357 495
377 421 433 477
95 383 392 430
53 84 134 233
390 502 510 510
485 504 505 505
139 455 456 495
134 313 466 490
86 308 381 501
234 383 386 447
170 230 255 440
300 403 454 495
123 308 376 382
14 403 407 435
7 441 467 487
59 231 250 404
306 381 393 407
68 214 285 366
35 301 322 468
38 216 283 356
109 434 456 473
105 177 260 294
276 439 464 482
398 455 473 496
211 457 504 504
24 235 282 482
114 138 340 506
141 467 486 486
211 458 476 503
306 478 499 509
262 480 491 494
128 207 372 427
59 101 220 360
160 338 373 396
125 408 455 463
406 447 457 482
35 335 338 437
127 433 458 471
12 16 258 453
306 366 374 406
223 341 394 436
83 399 447 460
165 165 227 437
450 500 501 509
172 219 220 311
69 201 295 335
24 458 481 493
418 466 479 495
23 196 257 473
104 333 432 465
9 381 408 419
300 500 503 506
68 491 500 504
160 339 436 490
247 468 484 504
14 444 479 505
24 194 227 326
210 264 391 434
161 311 313 458
275 375 397 418
195 411 449 502
219 483 500 504
175 378 387 453
44 375 465 481
237 295 362 470
60 473 486 486
114 283 309 376
232 384 415 425
326 373 403 454
196 289 336 356
118 303 322 383
87 331 410 507
267 382 435 451
114 235 457 505
93 335 416 478
351 503 509 509
36 201 228 431
450 496 499 510
332 441 486 508
17 505 506 509
89 418 465 506
172 497 501 507
291 500 504 504
137 262 423 502
55 112 345 483
335 484 494 494
10 156 158 476
96 167 204 283
6 88 217 388
73 361 467 480
385 434 491 509
21 328 351 394
299 400 478 502
156 289 358 443
249 489 497 500
262 425 463 490
336 346 396 431
29 443 470 476
221 439 440 480
113 471 479 495
177 353 407 480
276 429 501 510
245 507 508 509
64 140 219 338
67 190 462 463
43 475 491 504
440 481 489 510
11 52 159 482
16 48 235 486
168 197 225 260
149 451 482 493
36 257 404 467
66 117 282 442
157 167 234 435
245 329 348 475
416 479 489 496
12 489 491 498
103 475 489 491
157 462 466 486
256 427 442 448
286 469 498 508
156 472 487 510
21 322 438 489
86 235 402 430
164 474 487 501
98 485 486 489
19 161 217 421
56 179 241 369
52 125 193 320
41 424 437 510
12 134 327 356
319 407 436 505
4 102 394 460
317 409 463 472
82 341 391 417
13 472 478 485
201 207 224 373
141 175 313 415
115 384 411 439
130 201 252 415
357 508 509 509
26 233 286 375
446 507 509 509
70 151 216 415
169 284 422 423
34 57 97 110
175 478 479 504
114 298 343 409
20 273 479 505
383 387 426 469
321 498 503 508
231 386 413 510
107 441 457 483
5 167 412 477
44 368 375 391
50 314 468 507
120 443 454 468
95 238 373 411
273 490 492 494
142 387 464 510
63 116 165 486
95 302 388 459
151 374 427 501
239 402 408 450
190 313 392 481
35 201 286 475
161 185 260 403
122 200 230 243
47 76 217 262
1 18 129 343
193 287 345 493
122 262 357 468
115 487 495 503
25 369 379 406
482 488 489 503
231 508 509 510
136 480 493 500
68 108 233 508
280 439 461 505
340 341 344 365
35 261 347 479
130 335 507 507
272 286 322 362
163 440 447 501
218 395 448 455
59 244 436 475
410 459 475 502
75 183 238 310
167 195 462 497
208 287 352 488
94 235 392 493
200 429 492 509
128 193 396 434
133 414 483 496
147 436 438 485
52 238 374 383
3 394 431 452
127 151 152 428
439 462 463 472
143 247 378 446
308 318 405 487
153 425 484 497
384 462 502 510
153 214 221 310
115 336 412 491
43 491 493 494
127 189 211 325
144 364 387 463
27 470 489 506
57 167 304 409
21 337 351 456
167 505 507 509
24 209 260 486
104 312 409 433
111 140 241 335
180 429 472 509
79 106 386 491
180 470 480 488
3 67 209 368
69 349 386 469
409 499 503 503
49 224 396 426
146 345 400 405
178 277 380 394
101 178 329 510
344 346 416 467
227 268 290 430
56 216 218 231
295 452 483 492
124 405 432 500
191 276 334 360
177 279 322 338
141 324 328 505
57 355 359 464
95 308 337 486
99 495 500 505
301 473 486 505
1 53 395 494
17 163 209 400
92 357 419 422
98 102 149 422
2 408 417 430
56 374 409 412
82 204 371 379
275 395 431 484
18 69 342 478
99 243 275 503
327 388 473 507
279 351 398 406
222 456 489 503
454 477 487 500
225 229 245 387
81 347 412 471
233 280 441 444
180 331 348 414
397 437 448 473
195 407 454 470
65 335 393 409
21 326 391 471
351 429 451 466
479 491 496 504
20 44 180 240
70 72 118 231
118 298 315 357
80 220 287 407
449 508 510 510
76 110 383 495
300 402 424 425
186 327 355 395
451 452 474 509
53 75 76 205
116 327 487 498
40 79 358 408
141 236 288 296
153 472 480 508
2 124 158 385
203 344 382 430
147 375 432 509
44 409 462 470
372 389 456 502
7 508 509 509
97 486 490 497
301 486 491 492
262 465 504 507
57 215 465 499
120 424 444 483
309 377 407 438
145 446 460 477
293 448 486 497
222 305 310 365
179 319 405 507
215 396 442 502
144 365 438 490
252 291 414 441
141 191 265 290
33 429 445 450
103 110 451 469
63 416 454 492
397 467 484 494
425 436 459 479
207 210 252 318
272 351 399 507
190 363 380 418
38 399 451 454
276 506 509 509
96 114 143 195
223 459 469 479
197 357 481 494
212 232 267 431
267 494 504 505
115 279 312 407
118 197 205 310
49 172 379 420
371 411 439 453
39 266 298 347
282 403 405 432
425 481 490 495
99 333 363 503
266 419 424 505
272 281 336 355
4 432 462 466
179 194 440 503
283 336 349 446
147 239 244 276
70 285 467 501
162 411 439 499
151 336 424 429
159 396 425 481
65 141 220 433
57 322 333 381
160 432 477 497
461 469 479 504
327 430 442 455
421 478 479 479
347 504 506 509
226 364 398 405
1 238 334 397
406 446 450 457
11 152 288 354
301 462 467 482
162 411 453 475
11 137 142 215
129 291 443 460
395 452 458 507
217 495 497 503
60 454 456 483
139 155 258 500
41 296 441 493
105 105 259 506
8 374 419 429
26 237 380 463
251 378 488 490
336 497 500 500
153 382 383 454
338 382 440 494
29 301 440 448
173 357 419 472
6 422 436 445
222 486 502 503
199 268 309 365
199 398 494 495
296 352 353 450
411 473 491 506
17 342 369 440
54 236 305 488
332 442 451 461
170 200 348 480
62 369 446 495
114 130 352 497
146 383 473 501
204 500 504 510
21 292 320 342
304 369 386 503
58 284 326 391
96 273 339 352
141 263 351 361
235 387 464 475
