1906 1261
58 1100
292 1204
1628 1904
294 298
372 1170
1235 1651
1520 1660
358 692
425 1053
300 1260
1354 1662
786 943
231 1745
1235 1289
823 1390
796 1745
432 851
1555 1568
1418 1562
450 1364
90 1361
1029 1152
188 638
1318 1882
20 127
773 1571
537 654
207 371
466 1409
921 1332
616 1182
1178 1745
235 1507
362 1135
328 1185
771 1160
953 1440
312 958
967 1271
39 1106
479 708
964 1036
736 1332
560 988
293 762
848 883
221 1042
379 603
652 984
154 320
85 1161
788 1535
1238 1709
41 177
236 294
619 1650
282 1704
469 1450
77 814
56 740
31 912
1322 1857
1265 1721
199 1768
815 1165
129 474
111 400
56 1772
152 1547
391 1633
131 284
1210 1506
1040 1732
317 434
263 1043
1023 1062
480 881
2 1383
482 1252
914 1706
243 1641
103 736
1695 1834
953 1511
1151 1470
1411 1452
312 1362
68 1050
727 772
182 1530
259 279
419 1874
534 1459
524 1149
972 1876
414 486
1719 1904
198 900
257 829
1656 1668
312 980
969 1378
240 1869
286 1835
1547 1568
459 1166
151 1015
1430 1453
172 1038
696 1066
83 116
580 1422
99 804
445 1578
1249 1861
333 937
838 1681
449 1450
724 936
707 1649
724 1389
1087 1293
659 820
39 1582
949 1066
96 1265
1076 1594
1059 1771
344 748
701 1025
1343 1833
827 1356
1391 1686
1383 1838
447 1074
158 225
170 905
761 822
96 215
580 1704
979 1299
234 1603
822 1363
754 947
1337 1777
1345 1842
170 1860
287 1824
1144 1408
1835 1856
442 1545
655 1729
1559 1822
1753 1868
377 462
137 237
1103 1156
1280 1399
304 1199
92 848
804 983
1359 1835
735 1755
505 1848
770 1481
727 1081
11 1153
293 1368
361 622
182 1207
939 1899
1015 1254
26 624
1735 1746
768 1041
507 1191
1228 1479
563 1336
567 1683
557 633
1542 1637
62 1515
44 1437
336 355
402 1314
364 757
1048 1895
528 1514
294 921
472 703
27 340
1123 1625
248 885
606 693
447 1159
652 1307
390 835
1427 1435
281 1713
1727 1832
54 885
1735 1773
666 1369
15 952
421 1287
1204 1524
598 1222
243 546
367 1595
948 1749
459 486
105 1378
242 1151
95 1556
27 669
176 916
1050 1820
363 1784
393 982
192 1553
467 1685
6 745
718 972
1077 1698
881 1859
52 497
560 798
499 1469
392 470
1278 1769
250 1583
909 1145
429 1274
1072 1729
168 1220
343 1145
921 1460
1507 1892
764 772
501 1268
387 666
291 700
737 834
38 1338
914 1444
233 879
1431 1782
1089 1322
537 1102
664 1166
188 1044
953 1112
150 1361
1084 1518
189 1309
708 1784
1057 1756
798 807
644 1342
82 1553
539 1347
1100 1537
359 1762
730 756
852 1250
5 934
636 1163
505 1852
242 1180
219 1673
554 1588
993 1299
1166 1202
586 841
82 600
157 1346
34 1765
1167 1482
616 628
563 1076
642 1464
643 1564
1513 1670
11 1003
954 1023
257 343
927 1511
748 1600
482 1102
629 1250
747 1551
23 521
468 632
1387 1412
1642 1654
1259 1309
282 1053
127 802
31 1422
214 1101
211 453
36 1095
168 1038
511 696
84 1708
564 926
1109 1524
246 1480
570 1284
605 1311
626 1788
1073 1335
1207 1825
1127 1482
206 482
356 1659
773 896
132 1469
432 1028
729 1344
138 1649
342 1338
7 345
575 976
245 287
820 1240
633 1435
1078 1687
625 1542
821 1778
942 1503
14 1162
188 387
471 641
97 1124
316 823
1154 1372
23 192
1586 1639
1260 1339
822 1321
82 130
412 731
192 806
1170 1436
188 1481
1044 1553
931 1557
500 974
342 1865
326 376
427 1880
1031 1703
32 181
985 1843
124 1106
1105 1250
50 1333
1583 1862
296 1382
487 1802
357 1750
782 1297
336 993
383 992
160 1593
930 1757
1310 1843
1343 1835
846 1159
202 728
1511 1856
229 1766
38 588
998 1835
496 1267
318 549
530 1587
409 584
734 1115
1116 1372
1083 1521
1483 1533
78 1855
132 1364
313 1304
1510 1872
97 1559
355 1749
448 1302
679 816
197 592
190 672
20 1429
840 1829
1803 1836
572 771
1092 1792
1108 1617
371 912
80 1707
1103 1144
168 728
394 675
446 598
179 354
326 1664
1189 1902
758 1199
138 548
476 1769
42 151
78 1431
545 857
195 1654
1610 1853
810 1453
1210 1210
9 1647
1083 1595
1185 1890
949 1165
197 700
829 1651
824 1085
1701 1854
1132 1770
896 1025
464 613
604 956
846 1684
169 1332
122 1863
1006 1422
615 642
676 1047
381 1290
381 519
708 845
815 1897
1213 1825
1119 1169
914 1150
224 1654
1254 1834
753 1410
346 1565
298 851
265 896
604 754
1073 1850
518 1700
327 1597
310 1275
109 1586
46 1079
135 1080
1480 1821
131 567
1463 1831
116 421
564 1374
1306 1657
901 1036
960 1828
123 509
211 1658
213 1874
1454 1844
495 1590
842 1274
1848 1895
1228 1683
65 1747
467 1548
452 1784
667 1359
1002 1060
1227 1452
748 1751
1301 1906
1335 1715
921 1108
1108 1557
339 612
135 307
423 1054
1584 1617
133 1782
623 1615
643 1747
22 1328
296 1439
95 1401
1385 1618
628 1352
201 1122
1114 1497
402 1827
1190 1246
1252 1605
89 1007
295 315
1390 1796
132 696
808 911
199 729
125 1857
584 1796
546 1538
1183 1587
1181 1731
313 1386
662 1202
664 1755
553 1483
136 1555
290 953
1112 1622
188 1815
904 1422
1477 1726
1446 1469
570 1641
514 679
180 1119
357 507
830 1077
712 857
1383 1583
930 1265
449 1444
472 767
346 759
620 1664
941 1508
642 1715
435 1102
611 1427
1384 1684
658 1161
146 461
1222 1712
61 1582
265 607
488 536
96 131
221 991
399 484
886 1198
439 1227
231 1618
188 346
253 1209
963 1577
174 386
313 498
1606 1619
20 882
13 1268
918 1834
302 480
396 1512
56 238
2 673
922 937
392 1818
198 452
1632 1726
37 1646
544 851
348 831
1078 1226
403 991
690 782
1238 1775
107 818
66 1044
210 1845
521 1227
1019 1350
1442 1751
1305 1529
1230 1852
726 890
1145 1887
512 1823
1114 1263
47 1623
852 1158
874 1156
257 605
170 327
374 820
529 636
761 1475
262 655
1144 1377
381 1503
1178 1308
1095 1098
920 1057
1292 1708
221 1400
606 1138
1042 1204
1598 1723
374 529
394 1064
197 826
1550 1890
317 445
948 1051
1026 1145
1455 1854
830 1658
717 1745
760 1140
983 1316
610 1075
1324 1515
597 1859
1219 1455
1165 1808
829 1278
572 1421
973 1332
304 1822
855 1830
1658 1674
35 1898
802 1872
372 387
1386 1800
133 138
441 1877
348 1063
523 1179
585 1448
1173 1460
409 1850
1050 1620
1237 1708
190 1350
1718 1747
1083 1307
674 1730
668 1566
375 1173
327 1883
1344 1391
1583 1675
1251 1537
133 679
530 1116
1237 1497
34 1001
452 611
1381 1608
647 1487
786 1234
26 471
1413 1851
234 450
30 281
389 1666
852 1315
553 1840
1513 1875
971 1861
163 223
229 1829
40 943
690 1419
595 1690
664 1398
143 1890
39 1612
909 1418
691 915
210 383
826 1261
102 1777
24 1073
752 1621
1390 1445
1453 1528
493 1735
486 1799
976 1083
1118 1869
259 1455
771 825
906 1795
163 204
456 930
1445 1761
867 1502
104 592
112 1071
932 1093
1329 1526
591 1686
1126 1481
1401 1645
1276 1711
367 1359
879 1058
650 934
595 1875
1206 1904
50 177
698 1595
744 1235
1275 1395
817 1240
108 728
826 1856
77 782
1004 1361
915 1147
639 1679
169 690
1289 1642
972 1422
824 1213
146 1705
229 247
404 856
59 203
440 975
559 1727
661 823
1389 1776
960 1245
571 1731
1175 1677
219 693
292 494
81 1823
93 1424
1582 1761
24 1666
902 965
800 1489
1566 1873
890 1374
428 1066
1100 1521
614 1492
775 1847
481 1058
913 1472
1157 1640
126 905
1448 1692
121 1331
751 1621
927 1721
107 1733
1487 1765
225 1847
996 1189
300 557
1606 1725
521 651
44 83
689 1823
776 1728
625 1502
469 1805
1022 1586
442 1253
294 1388
238 1857
1210 1734
665 913
1032 1494
410 1669
1138 1880
612 1669
1184 1310
549 1490
620 1103
500 1042
1202 1579
82 1587
527 1247
1049 1861
472 754
322 1601
499 1645
433 1328
1426 1492
987 1601
1001 1328
463 1558
652 706
1047 1128
1352 1796
1002 1015
528 679
1689 1753
34 396
351 1173
1059 1215
25 1846
464 1264
878 1508
853 1559
777 1404
437 1186
732 1746
1616 1750
1323 1664
1075 1627
943 1613
1201 1267
534 1861
588 1166
333 686
610 1392
3 238
252 416
622 1615
1247 1413
1320 1352
469 1861
416 919
863 999
225 863
658 871
171 484
849 1708
1006 1760
306 474
97 1270
1034 1469
180 675
42 129
308 788
1327 1382
707 1752
1316 1653
1085 1163
413 706
689 1644
595 1354
1044 1887
877 1904
1282 1447
52 650
143 713
23 1578
1191 1738
1035 1131
660 691
450 1176
1373 1701
1289 1310
1361 1651
92 1237
609 1521
1039 1090
277 365
67 989
789 1754
617 1041
780 1464
131 1235
833 1638
159 275
142 1181
915 1329
388 1414
620 1873
48 468
559 1377
978 1351
1280 1510
337 376
752 1059
1046 1328
295 1731
582 1379
1341 1822
1141 1150
918 1213
679 1074
32 1390
83 917
1263 1768
1644 1713
106 1409
482 783
692 786
415 928
27 1859
973 1088
197 1675
1565 1857
25 1376
980 1791
288 839
647 1425
834 1266
268 620
213 1076
250 481
1075 1569
76 908
566 664
831 901
252 1575
189 195
430 1835
584 1693
371 1510
1337 1834
740 805
773 1887
65 1608
576 704
24 1785
535 1315
1073 1515
130 226
1048 1633
883 1788
581 1801
738 1425
400 454
330 1369
171 810
1431 1742
523 1208
1107 1342
690 981
1301 1335
1335 1459
174 496
155 1123
15 1405
725 1053
137 1145
1572 1608
681 916
516 1156
176 1022
750 1179
46 942
277 282
20 941
35 1043
249 867
598 973
183 1035
491 945
27 1148
1490 1648
15 1443
1638 1765
29 158
1399 1689
134 188
1750 1833
1216 1428
424 1177
846 907
362 879
1053 1764
34 1732
1512 1906
481 1406
244 518
1138 1358
187 205
35 1046
268 1435
48 664
553 838
1015 1163
296 1750
462 498
125 338
640 1595
99 434
1786 1830
1702 1788
549 1069
701 1736
1083 1899
1146 1344
197 355
507 1089
463 1245
585 1250
524 1631
503 1415
10 1584
916 1283
1249 1476
31 1763
591 1060
269 554
395 1548
272 1750
854 865
6 89
779 1523
835 1218
361 705
581 1634
312 738
1776 1847
705 1568
510 809
1195 1626
178 891
266 826
735 1253
563 1337
1619 1790
293 1553
61 1010
38 1274
277 922
1451 1739
712 730
404 578
459 1451
416 1095
994 1579
897 1593
255 769
390 1896
1064 1541
898 1353
70 558
1197 1763
217 1407
664 679
134 737
1301 1775
941 1343
445 646
1443 1647
852 1462
1367 1899
721 1044
1085 1412
788 1642
30 258
382 661
357 993
6 1453
249 646
646 927
475 617
709 1045
1008 1120
88 530
1013 1390
126 804
97 169
555 996
1439 1763
201 514
345 657
63 545
1166 1583
174 1722
148 1223
135 879
1360 1606
256 1588
515 1639
486 1713
593 627
1294 1596
953 1545
427 1550
1222 1310
1027 1102
466 1851
236 1871
818 863
1611 1780
1234 1527
842 911
610 761
765 1569
1514 1594
979 1051
1515 1767
528 827
39 1069
376 1776
902 1648
597 1819
6 861
254 279
807 1334
737 1631
1091 1200
316 857
1411 1510
678 764
199 872
1646 1857
652 1076
920 967
527 1483
877 944
532 649
761 834
973 1252
578 1282
446 494
1160 1310
327 866
584 1707
117 1621
429 1487
303 663
52 343
738 872
288 1231
607 1486
112 784
58 291
727 738
116 936
258 690
570 1460
311 1657
1422 1496
51 1317
914 1450
591 1683
1137 1464
959 1258
910 1197
828 1584
791 1766
461 475
997 1184
364 1199
242 1567
243 285
655 1732
862 1065
387 873
582 704
800 1768
103 781
421 685
95 1473
303 522
977 1259
1102 1198
348 447
415 1365
1021 1094
883 1601
1110 1248
1532 1851
433 1572
797 1064
957 1372
391 994
181 1522
1242 1616
1460 1867
228 313
633 691
924 1261
682 1432
355 560
1264 1740
254 1800
8 1348
795 1305
1107 1749
916 1088
636 1259
310 1304
175 712
366 632
1008 1894
639 1203
137 1751
594 1603
496 1018
1315 1645
409 1405
984 1315
328 1220
407 1540
323 822
961 1179
539 1466
9 570
1204 1493
350 662
149 1204
372 1698
911 1678
1121 1132
318 961
450 1250
918 1381
1408 1548
847 1332
1128 1606
679 696
432 957
793 983
570 1180
1016 1336
437 1012
164 1112
696 1538
440 785
664 1591
175 417
681 799
60 206
1220 1740
701 1314
224 1652
1114 1217
326 396
700 1488
405 769
527 1851
1418 1588
633 1816
116 1355
1699 1845
157 1677
587 861
195 1560
525 1906
133 494
588 1352
1200 1571
68 468
261 932
1242 1738
1419 1649
1754 1896
990 1298
28 1840
417 1068
622 1906
855 1733
764 1881
1253 1765
634 1691
913 1684
267 1569
380 632
938 1311
585 1826
921 1384
369 1027
962 1812
393 669
1207 1489
80 433
236 1084
24 1164
1201 1830
212 1666
1288 1546
590 1075
114 1827
622 1602
404 434
1238 1706
876 1533
679 1086
481 1052
1024 1114
1179 1192
832 986
557 607
25 282
1478 1537
221 461
31 1607
750 1051
888 1396
1043 1705
736 1603
1078 1241
16 968
587 991
1280 1636
254 1263
354 1412
524 1683
1511 1667
248 1148
38 898
323 1121
356 1570
525 824
104 1271
258 305
636 877
394 814
1194 1425
670 1901
43 957
92 1485
426 923
901 1710
712 724
512 1330
1411 1590
90 1590
847 1308
74 663
639 645
527 794
163 669
1006 1214
794 995
1017 1073
104 1401
1015 1495
261 1287
55 1812
273 1166
322 1171
243 1240
381 837
973 1843
204 849
564 1465
241 1635
314 424
342 1183
1546 1905
550 1288
1518 1900
1447 1854
676 1343
16 1687
362 1883
146 1726
285 819
490 991
6 697
333 666
1152 1499
407 1879
668 1608
166 190
318 732
773 1475
621 824
641 1813
1130 1568
607 790
656 1000
255 1021
557 1430
563 1882
2 319
659 1229
579 664
700 1329
483 843
159 806
187 427
188 498
218 461
599 1718
1636 1648
628 859
474 1817
41 807
730 1627
627 1272
1651 1872
79 1841
560 1898
767 1254
203 1538
933 1226
1191 1773
995 1353
320 891
451 1036
900 1650
84 1773
601 1637
1284 1438
487 1377
420 777
240 335
213 571
1001 1121
709 899
37 487
1563 1632
490 674
6 1641
166 1742
647 744
781 1510
516 601
1330 1361
208 1145
436 935
281 902
514 749
42 665
1785 1859
1310 1616
1085 1664
702 1864
464 785
95 697
1140 1886
182 964
266 1687
34 849
971 1437
1085 1402
4 1799
618 1371
178 832
977 1902
106 1322
974 1064
525 874
1262 1684
794 1786
676 1505
582 1427
638 910
522 1075
437 1229
298 1451
73 178
833 1254
199 778
987 1200
337 1010
203 1869
1213 1723
1328 1587
148 445
1285 1599
1588 1759
406 540
408 698
206 527
45 137
786 1709
1084 1652
583 1295
1446 1796
1205 1486
882 943
1163 1884
1249 1792
1310 1668
90 1632
276 1259
9 79
1225 1749
411 1514
1045 1645
309 537
1119 1340
820 1301
1482 1679
1104 1852
1061 1304
82 320
297 1617
1313 1492
618 736
185 265
764 973
208 392
268 977
1057 1212
434 1461
1759 1884
890 1357
1532 1619
1270 1496
1183 1488
680 1505
319 1204
33 354
85 1200
1058 1208
354 1122
1171 1862
1254 1764
259 1254
1379 1599
1609 1743
312 925
215 1884
447 651
709 860
1258 1814
13 1538
795 1314
948 1856
502 1006
187 822
1851 1891
706 1635
172 1555
1437 1608
477 928
1653 1731
321 1747
1412 1429
663 909
119 1294
611 1097
173 1319
1065 1430
1103 1197
207 673
426 475
563 1883
265 926
1414 1677
1139 1638
1090 1122
375 1758
360 469
505 788
177 439
343 1801
35 718
532 1241
1103 1264
1250 1464
456 1163
767 1075
425 842
1077 1583
744 922
556 1674
167 1008
590 664
157 1847
3 1615
1291 1449
932 1103
625 671
134 224
1706 1826
543 655
908 935
72 853
1473 1505
16 1755
462 995
1474 1890
1217 1752
905 1555
20 806
181 1211
860 1503
866 1160
816 1107
1 717
463 984
891 1669
206 553
377 1334
4 772
1208 1814
195 1172
515 1703
171 234
612 1729
354 1154
794 1798
312 1849
120 1218
175 707
43 1545
1046 1205
700 1030
450 506
1345 1394
193 1624
922 1097
513 1176
811 1862
658 1432
354 1784
97 1170
926 1224
186 834
644 1537
148 1004
515 1524
14 960
1276 1319
500 1847
767 773
276 1054
1185 1728
1737 1850
399 1314
1159 1239
656 1608
1167 1850
44 1886
902 1324
228 930
343 1103
482 649
553 1335
81 935
733 1407
967 1109
107 197
593 1615
1502 1733
923 1336
59 500
517 544
117 258
1214 1366
1316 1660
445 1627
343 1274
338 540
770 1485
611 747
670 1135
201 1628
65 1679
625 1584
501 1778
1104 1285
1413 1851
478 822
519 1076
14 1378
61 892
906 1423
360 1414
126 429
644 1030
603 1432
436 1879
246 1850
284 1490
103 754
93 1719
850 1329
533 683
990 1559
1015 1419
1520 1841
997 1151
627 1003
994 1157
1426 1898
259 612
533 1690
310 1860
184 1121
125 430
1213 1355
1116 1538
106 1163
799 1722
246 1766
356 650
202 1361
19 443
88 882
772 1372
732 1037
1 70
917 1577
180 579
953 1902
550 1841
1089 1530
1291 1852
980 1094
269 1136
868 1103
97 144
155 1886
343 1179
723 1077
1445 1782
122 388
556 627
124 324
546 981
829 1706
1223 1671
456 1874
273 897
1588 1864
115 1792
526 820
916 1168
207 1577
530 1865
915 1760
261 947
1087 1177
457 1794
913 918
542 1385
340 1442
252 1147
1193 1571
104 1906
692 1472
183 651
650 1065
222 1576
1298 1793
838 1496
578 1698
1130 1347
432 1715
836 1627
870 1705
576 1171
104 439
195 1108
1029 1708
184 576
113 353
445 1739
945 1875
1172 1721
230 272
712 1768
19 1143
717 1340
875 1742
1081 1220
1161 1755
410 434
45 1084
321 1309
405 699
15 1397
1531 1836
177 1515
807 1035
330 1572
906 1805
696 1511
461 1679
1012 1106
1551 1711
564 1781
297 939
94 272
308 788
156 1704
1559 1805
489 607
1512 1632
718 870
1394 1713
924 1209
943 1555
923 1049
153 1822
1093 1404
1115 1718
498 1688
940 1430
514 1623
662 1739
244 1059
688 886
627 973
975 1148
449 616
221 249
790 1603
566 1054
263 687
288 1672
285 834
370 1902
40 1027
1233 1403
749 1588
1062 1257
804 1179
813 1004
107 1323
816 1027
83 1215
893 1279
983 1780
68 602
130 417
1411 1784
43 1581
563 1812
409 1854
1059 1765
889 1442
934 1826
1151 1294
1322 1578
115 169
910 1369
2 618
1326 1834
426 1013
1692 1740
129 1606
807 1894
1060 1302
26 635
1002 1187
591 1065
60 337
1407 1553
460 1499
569 1014
578 1436
368 844
1668 1826
565 1038
241 1765
464 1484
999 1856
468 871
751 1699
582 1572
77 564
1400 1686
122 1296
799 1513
989 1609
308 1874
495 1442
654 905
888 1340
856 994
255 1181
458 1814
1036 1873
345 1048
1306 1442
40 497
47 107
857 1352
152 1294
991 1898
738 1071
463 1513
941 1797
489 1061
345 1729
809 1380
461 1659
353 1259
1034 1281
1440 1846
449 885
56 758
1100 1238
487 993
283 1154
323 691
256 366
809 1636
150 662
1384 1744
1735 1812
947 1630
186 1711
1033 1517
892 1541
1282 1352
211 1445
233 1259
684 1292
937 1631
1412 1681
1051 1445
869 1871
192 1365
658 1197 1620 1836
607 870 997 1781
300 1854 1874 1891
664 1840 1849 1875
908 1759 1818 1879
596 1318 1336 1392
285 1648 1672 1684
1027 1873 1879 1900
624 1330 1623 1713
758 1105 1737 1878
1494 1532 1614 1787
429 1743 1761 1801
249 1647 1737 1801
1672 1782 1867 1879
46 1224 1463 1608
754 1885 1890 1900
61 1417 1441 1798
448 1131 1144 1523
16 1291 1496 1497
1548 1581 1598 1861
290 736 1509 1647
286 586 1101 1639
999 1686 1730 1758
251 1350 1486 1739
390 1057 1470 1597
63 1264 1312 1630
1168 1171 1190 1641
976 1457 1525 1844
1061 1904 1905 1906
22 1710 1779 1899
328 1548 1623 1864
552 1350 1734 1834
597 885 987 1701
4 174 330 1776
1002 1802 1820 1903
1 1674 1757 1760
177 563 799 1878
469 551 824 1514
1273 1650 1845 1871
833 1801 1813 1845
562 1197 1227 1249
328 1025 1731 1877
939 955 1431 1689
1393 1661 1708 1866
975 1437 1762 1795
595 1476 1754 1858
549 1147 1562 1595
60 276 891 1794
812 1260 1327 1771
196 712 1067 1223
944 1706 1805 1823
1264 1751 1789 1900
413 1824 1835 1905
688 1347 1353 1563
24 572 905 1720
659 1561 1671 1707
1414 1706 1708 1905
230 1789 1869 1871
787 1672 1744 1765
868 1420 1592 1805
982 1341 1387 1431
225 472 1463 1750
633 1178 1674 1861
1350 1692 1727 1770
62 178 557 1491
271 807 1763 1831
167 428 728 966
241 773 1072 1441
1008 1089 1207 1688
56 729 964 1850
394 498 780 1166
294 585 627 1454
93 1339 1499 1644
272 674 826 1179
77 1263 1372 1381
930 981 1121 1400
1769 1901 1903 1904
1001 1369 1376 1445
600 1780 1803 1884
682 1318 1744 1874
1311 1902 1905 1906
447 465 667 1430
242 610 1567 1759
562 769 1125 1483
497 599 1411 1601
236 977 1070 1704
769 1862 1865 1879
360 1903 1905 1906
644 867 1558 1725
1140 1693 1814 1888
1289 1659 1781 1795
1763 1788 1808 1832
1057 1306 1334 1395
665 1647 1899 1906
987 1238 1272 1753
132 1604 1777 1889
371 1572 1871 1900
694 1568 1732 1817
1624 1741 1786 1865
641 1817 1855 1898
345 482 1267 1500
441 1359 1723 1802
78 1716 1763 1768
988 1351 1393 1584
504 990 1079 1122
835 1814 1854 1899
13 664 829 1448
169 392 1042 1350
312 639 1277 1870
136 795 1153 1847
1674 1729 1814 1900
629 690 1444 1769
161 1443 1773 1814
200 811 1274 1283
341 375 387 1630
922 1471 1599 1657
699 1193 1343 1692
882 1018 1557 1826
895 1435 1464 1665
203 921 1153 1371
1695 1733 1777 1851
1048 1734 1736 1897
1410 1897 1898 1900
83 301 547 1124
186 1693 1751 1771
570 580 894 1805
429 449 1256 1438
341 1645 1785 1877
627 1431 1585 1738
77 749 1093 1210
285 1717 1733 1734
910 1356 1358 1627
68 1462 1637 1722
1133 1358 1517 1860
706 858 885 905
390 1784 1820 1899
1109 1436 1565 1808
176 853 1549 1808
461 948 1158 1258
446 1215 1359 1613
299 854 1107 1476
515 1145 1383 1835
290 731 775 1891
557 737 899 1838
111 402 475 1097
611 1197 1250 1754
298 550 1071 1806
369 707 1030 1456
455 1524 1574 1754
98 210 255 559
1152 1397 1695 1721
200 1700 1843 1899
1620 1889 1895 1906
28 1123 1537 1606
426 939 1271 1430
457 1162 1523 1794
599 1144 1171 1355
1411 1598 1829 1840
686 1416 1498 1693
245 490 1353 1589
1612 1850 1902 1906
921 1171 1341 1764
106 1352 1678 1861
352 1708 1793 1837
284 1748 1780 1811
764 1352 1677 1886
897 1314 1319 1432
123 1843 1877 1883
1396 1578 1599 1868
721 879 1226 1530
74 1519 1615 1731
72 455 767 1383
1122 1671 1883 1902
967 1018 1086 1615
841 1503 1740 1778
50 1434 1776 1814
32 568 580 741
254 1264 1277 1498
627 1887 1896 1905
1107 1604 1691 1880
532 1823 1828 1851
312 1779 1817 1842
18 1431 1527 1564
943 1516 1600 1856
900 1538 1680 1775
101 959 1278 1330
270 1048 1081 1709
799 1446 1485 1846
663 1091 1133 1505
910 1822 1867 1872
444 930 1580 1770
931 1663 1878 1891
708 1160 1586 1877
1426 1444 1570 1779
87 1082 1199 1500
1383 1451 1539 1685
440 1834 1838 1841
881 1087 1397 1408
512 601 967 1466
1021 1780 1813 1872
88 909 1409 1532
1378 1501 1801 1892
59 1691 1725 1794
156 896 1164 1847
747 828 1717 1732
2 1455 1563 1673
230 1330 1338 1540
963 1100 1566 1806
221 598 1210 1852
1279 1540 1574 1775
512 1516 1553 1719
1213 1720 1899 1905
484 862 1592 1883
30 712 1041 1874
894 1029 1274 1799
627 778 1321 1387
336 1270 1644 1681
244 1299 1742 1804
187 393 874 1805
1092 1205 1404 1684
832 1855 1873 1901
490 850 1405 1423
411 1663 1673 1727
507 1394 1399 1573
894 1766 1774 1793
223 1424 1442 1762
838 1654 1694 1706
313 848 1553 1580
721 1714 1780 1863
275 383 691 1329
934 1795 1799 1859
1397 1717 1741 1881
1187 1206 1337 1724
804 1055 1226 1343
575 1557 1631 1753
481 1796 1815 1860
1716 1837 1843 1849
761 888 1351 1715
1229 1371 1591 1867
928 1390 1490 1652
498 1051 1320 1552
495 669 1163 1514
1642 1873 1893 1900
1228 1760 1768 1879
413 1104 1177 1812
1521 1615 1687 1754
1532 1635 1759 1876
253 882 1068 1170
171 1672 1681 1715
923 1384 1654 1713
58 606 675 1706
432 1376 1577 1740
616 1269 1409 1746
1070 1346 1367 1458
1183 1400 1674 1817
478 1898 1904 1905
561 1569 1684 1760
808 844 1060 1516
57 1546 1855 1883
765 977 1528 1902
680 1419 1696 1847
593 1051 1340 1588
50 1665 1708 1724
1104 1561 1867 1899
394 1386 1525 1646
709 987 1123 1509
203 293 1461 1734
700 1092 1579 1862
907 1542 1631 1825
100 1590 1715 1879
929 1129 1293 1302
1121 1659 1730 1751
560 757 994 1168
701 833 1013 1649
1646 1778 1794 1834
243 1371 1762 1856
306 1219 1579 1659
1133 1230 1348 1530
215 235 1379 1389
56 1762 1764 1904
1019 1259 1632 1758
201 413 929 1002
440 708 772 1051
723 1601 1697 1903
253 1643 1728 1811
1242 1261 1404 1753
451 1595 1609 1714
1078 1509 1531 1544
561 1717 1823 1847
246 399 1352 1397
871 1400 1427 1787
281 550 595 1247
338 1257 1622 1647
244 1362 1575 1815
293 916 1469 1620
741 1578 1828 1896
811 944 1130 1836
236 1326 1348 1599
50 1205 1439 1505
908 1311 1552 1840
274 685 1225 1329
909 1688 1703 1801
174 1025 1704 1737
1105 1627 1715 1884
676 1349 1388 1654
1494 1523 1753 1873
938 1715 1733 1839
165 559 1125 1723
675 1502 1542 1701
229 540 1146 1286
944 1338 1673 1680
1385 1783 1801 1804
137 471 1043 1754
1275 1893 1895 1897
747 1216 1652 1786
201 313 739 1193
670 894 1436 1628
1066 1650 1664 1731
127 1220 1248 1898
1196 1300 1402 1528
1129 1440 1882 1901
984 1191 1665 1856
1229 1378 1521 1559
922 1688 1850 1859
565 1483 1752 1766
386 1042 1555 1802
705 1651 1718 1892
817 1212 1443 1542
613 1428 1594 1876
1481 1621 1644 1739
816 1312 1582 1603
664 881 1229 1880
18 1417 1747 1889
414 1198 1405 1506
681 1214 1301 1443
1137 1894 1897 1901
616 1704 1795 1883
254 1781 1787 1853
167 588 926 1799
567 1184 1593 1658
156 1405 1415 1673
567 1456 1693 1815
861 1291 1314 1882
1129 1177 1676 1719
906 1818 1872 1897
168 183 1032 1320
512 1471 1524 1574
1772 1896 1901 1904
819 1854 1869 1880
201 1011 1658 1823
1085 1879 1884 1906
1048 1084 1531 1555
335 630 1066 1492
442 1814 1870 1894
609 653 1280 1627
548 1840 1891 1905
1206 1609 1712 1717
968 1864 1878 1897
738 1329 1365 1870
821 1881 1886 1894
667 1064 1371 1828
690 933 1023 1189
1022 1522 1654 1867
732 984 1048 1078
258 1319 1371 1596
177 1475 1581 1597
288 381 576 816
630 813 1127 1232
154 360 1528 1871
1608 1621 1735 1763
1236 1484 1601 1881
756 1519 1883 1884
492 1234 1399 1693
1100 1768 1842 1902
96 1194 1457 1746
679 1777 1800 1900
993 1048 1240 1645
628 1399 1702 1827
452 877 986 1781
809 1232 1686 1777
563 1032 1197 1291
992 1117 1447 1514
1295 1433 1507 1851
981 1599 1694 1875
1160 1271 1351 1533
862 909 1581 1870
770 1599 1707 1815
493 1033 1572 1642
52 1118 1211 1873
233 1027 1075 1573
227 1508 1614 1759
1274 1552 1554 1806
542 1834 1847 1895
912 1034 1134 1283
349 461 843 1208
537 1483 1793 1803
222 679 1332 1675
12 450 858 1625
1143 1680 1761 1887
68 345 953 1589
303 635 1138 1169
1157 1347 1569 1637
515 1655 1870 1900
424 1495 1587 1724
389 1557 1581 1878
95 941 1547 1581
274 1622 1688 1803
639 1099 1244 1627
949 1861 1876 1899
180 1427 1542 1877
850 1733 1799 1892
1260 1605 1888 1892
826 1644 1806 1877
197 644 1000 1667
127 1079 1510 1788
619 1310 1609 1624
727 1243 1524 1610
1465 1561 1650 1707
1032 1544 1572 1830
1407 1794 1802 1868
956 1106 1162 1670
1819 1831 1876 1883
840 1407 1566 1816
1088 1379 1384 1575
997 1603 1647 1839
59 340 341 1434
482 930 1342 1777
1360 1775 1818 1869
756 854 926 1042
696 1772 1845 1887
791 1814 1838 1863
252 1739 1790 1808
690 1526 1611 1824
390 470 627 712
414 1554 1623 1801
822 1660 1759 1875
50 507 996 1478
609 1156 1234 1235
68 1852 1854 1904
903 982 1334 1794
1486 1632 1642 1803
1333 1433 1587 1906
819 1715 1774 1781
242 1848 1881 1897
1178 1605 1659 1804
221 454 885 1719
435 1364 1733 1789
1475 1697 1906 1906
1698 1768 1782 1853
312 1849 1860 1861
388 1308 1516 1691
1295 1806 1879 1884
41 1815 1859 1882
654 1225 1342 1658
360 1376 1520 1588
315 340 1369 1529
168 1722 1838 1882
1019 1323 1575 1713
133 1304 1761 1871
5 85 783 1227
216 1394 1520 1613
551 831 931 1800
41 783 1436 1792
46 251 494 990
855 1428 1564 1871
173 1521 1561 1883
193 1280 1522 1671
54 1608 1688 1711
907 1802 1834 1900
28 1396 1515 1796
983 993 1209 1683
424 1623 1857 1903
59 1813 1835 1900
599 1368 1390 1572
382 1096 1822 1851
118 462 485 1224
133 994 1069 1319
688 1179 1356 1834
692 1081 1103 1422
1046 1465 1516 1642
298 1500 1590 1706
648 1435 1664 1878
319 1792 1841 1864
88 1322 1608 1665
734 1829 1831 1843
1378 1393 1517 1859
1640 1752 1885 1898
110 300 471 613
1595 1739 1791 1822
1200 1369 1694 1843
657 1726 1746 1754
947 1355 1392 1480
1322 1530 1544 1694
422 1299 1806 1830
601 1881 1884 1901
664 1825 1874 1892
839 1624 1727 1819
93 117 454 987
179 1055 1365 1585
1102 1289 1399 1809
557 681 804 1044
111 342 1209 1487
1171 1270 1416 1792
205 1787 1793 1877
588 1875 1882 1906
225 1157 1580 1619
1034 1263 1332 1354
167 511 757 1207
209 1271 1446 1447
887 1539 1551 1901
1140 1140 1244 1613
1132 1190 1450 1559
67 937 1616 1858
1597 1743 1830 1887
834 1528 1649 1687
44 687 770 990
841 1499 1544 1794
823 1354 1538 1758
115 1754 1831 1881
428 1115 1424 1575
1827 1849 1854 1896
493 1900 1901 1904
285 1469 1767 1871
1458 1571 1733 1752
826 945 1506 1524
11 1124 1596 1716
246 478 1058 1786
345 648 1407 1474
211 838 1238 1373
875 1828 1846 1879
388 1740 1845 1849
1192 1467 1524 1725
217 493 1316 1441
1062 1897 1902 1905
1115 1815 1831 1865
173 1875 1878 1895
355 1466 1548 1662
604 1656 1759 1815
478 858 1402 1559
422 514 593 842
190 1438 1740 1866
177 1116 1262 1369
996 1548 1816 1864
414 933 1629 1888
513 1854 1861 1873
332 1227 1649 1785
465 1133 1164 1799
946 1637 1663 1668
253 1428 1756 1885
683 939 1106 1805
351 1687 1733 1880
1328 1768 1781 1834
715 989 1217 1754
417 1450 1490 1548
987 1611 1658 1881
50 1098 1454 1791
1354 1863 1891 1901
1576 1879 1892 1902
113 614 1160 1448
189 1406 1779 1906
46 1637 1754 1817
412 809 1030 1330
1183 1209 1262 1675
495 1816 1871 1873
338 413 1538 1876
52 768 818 1155
588 868 1029 1372
1318 1488 1771 1859
895 1467 1732 1746
1342 1598 1645 1747
923 1240 1264 1612
570 822 1565 1804
62 1702 1765 1840
220 1461 1570 1785
18 813 1658 1905
843 1585 1661 1865
159 461 1484 1670
1005 1189 1454 1811
981 1872 1881 1901
784 857 1148 1749
225 1217 1813 1834
176 688 1234 1289
594 1697 1761 1802
582 1512 1676 1709
272 665 1410 1849
619 752 1156 1174
593 1312 1338 1566
3 1817 1851 1879
226 1884 1886 1899
1486 1601 1769 1887
536 1386 1436 1628
247 346 1222 1715
546 576 891 1077
241 1219 1434 1544
798 811 1029 1432
815 1776 1818 1835
309 1199 1813 1837
789 1149 1405 1535
124 373 1239 1577
448 1032 1333 1595
1316 1779 1865 1889
318 763 944 1719
831 1341 1348 1387
270 683 1178 1714
700 1494 1651 1673
566 1656 1670 1871
924 1235 1514 1588
269 1088 1132 1688
220 954 1043 1895
1274 1415 1533 1888
1462 1530 1534 1653
339 1760 1895 1898
1156 1212 1688 1787
45 101 367 497
95 317 966 1233
1154 1414 1514 1768
789 1603 1678 1719
641 941 1528 1859
65 1778 1825 1853
284 808 1311 1687
1668 1696 1846 1865
374 1519 1591 1641
567 579 875 946
964 1738 1780 1799
666 1397 1655 1904
571 1511 1720 1875
1203 1677 1695 1829
347 952 1548 1880
431 574 1188 1769
14 1563 1642 1672
1138 1225 1687 1706
1647 1673 1689 1857
119 135 528 1749
234 657 663 1170
659 1023 1365 1600
539 842 1435 1865
90 147 511 1303
745 1469 1688 1867
156 158 808 1514
1167 1232 1284 1593
173 1790 1796 1840
203 823 1693 1876
1175 1818 1828 1831
154 1407 1420 1479
382 590 1715 1893
72 947 1304 1727
1195 1750 1778 1893
753 1363 1375 1487
97 1660 1661 1893
740 1447 1587 1678
617 1282 1547 1788
69 1557 1662 1819
226 669 727 1251
701 1269 1506 1545
259 474 622 1319
632 1761 1847 1848
349 1771 1779 1869
781 1735 1772 1818
344 1047 1160 1387
472 976 1722 1769
335 475 1409 1508
649 1847 1851 1873
255 1159 1620 1706
1491 1540 1748 1827
1129 1294 1512 1787
1151 1620 1683 1717
776 1104 1234 1455
78 1321 1490 1897
345 594 777 1506
1694 1728 1777 1780
1 1382 1573 1696
290 1597 1643 1697
533 1256 1283 1469
378 790 1140 1272
97 658 791 1267
1058 1170 1264 1782
168 1804 1815 1905
382 706 741 1829
26 1830 1833 1902
1120 1561 1839 1873
367 1837 1864 1881
305 885 1345 1380
201 502 620 911
1258 1876 1894 1905
967 1140 1221 1856
806 841 1695 1795
266 1742 1781 1797
291 1215 1894 1899
240 653 943 1204
824 1895 1900 1902
530 1129 1292 1757
1223 1495 1671 1778
577 1469 1540 1811
26 1101 1699 1708
525 903 960 1750
667 1597 1737 1853
346 795 796 1566
431 1396 1477 1608
1653 1890 1898 1900
378 1106 1223 1727
39 254 1151 1870
165 593 780 886
611 1727 1819 1835
844 1250 1324 1900
767 1498 1556 1713
1090 1510 1606 1818
525 1362 1609 1644
273 1631 1672 1692
644 1327 1483 1672
768 1718 1757 1872
113 388 874 1861
219 1552 1579 1863
757 1117 1251 1396
493 1772 1805 1856
1141 1732 1780 1839
603 1823 1875 1880
968 1386 1625 1703
1536 1572 1729 1899
767 821 1350 1838
562 1333 1479 1647
1562 1592 1751 1875
667 1612 1728 1781
88 1888 1898 1900
840 1723 1835 1851
973 1710 1741 1834
332 1360 1390 1617
473 723 1449 1789
121 362 377 1212
415 639 772 1819
738 917 967 1281
1363 1880 1899 1904
709 1188 1561 1738
367 444 712 1748
527 1538 1712 1740
460 833 1090 1332
816 1441 1649 1700
163 1690 1756 1867
108 144 660 1069
1242 1700 1721 1830
823 910 1038 1624
303 1334 1487 1660
504 1875 1887 1894
1216 1884 1885 1895
1322 1804 1820 1860
1420 1806 1830 1903
1050 1676 1713 1896
915 1441 1498 1608
1670 1793 1860 1890
1555 1621 1665 1679
1089 1800 1873 1879
757 799 1008 1882
650 1562 1661 1902
632 1825 1894 1902
801 1792 1809 1865
1194 1893 1899 1901
1062 1624 1721 1741
227 1876 1877 1887
970 1109 1272 1350
727 1099 1224 1666
614 1645 1792 1890
485 1271 1579 1804
762 1240 1675 1763
1465 1759 1850 1880
461 993 1026 1603
251 712 1322 1463
535 1035 1158 1172
192 743 799 1872
185 459 714 774
24 145 373 1377
133 447 1280 1424
675 1164 1358 1884
1023 1154 1652 1881
1482 1594 1635 1861
126 1411 1502 1610
717 1691 1829 1843
864 1891 1895 1903
564 987 995 1394
587 1887 1893 1902
1569 1728 1767 1894
1051 1362 1442 1617
1460 1548 1824 1881
1124 1591 1794 1906
663 1457 1768 1818
106 591 646 934
589 1229 1460 1516
704 904 995 1597
569 1889 1896 1903
299 307 619 673
1295 1755 1827 1871
99 1174 1386 1847
1337 1551 1758 1890
880 1631 1717 1758
889 1701 1742 1782
105 355 430 919
523 795 866 1891
458 1327 1367 1410
892 1812 1828 1898
891 1438 1722 1902
639 1431 1655 1875
815 1178 1210 1424
135 314 812 1415
1176 1273 1368 1863
363 1290 1465 1651
793 1409 1589 1606
760 1362 1728 1868
577 1314 1650 1765
531 1083 1309 1618
286 1266 1357 1544
365 1368 1685 1873
421 1817 1844 1905
694 1192 1498 1586
1030 1349 1677 1831
818 1640 1778 1782
705 1071 1160 1457
1186 1820 1877 1902
209 1481 1560 1714
732 862 1137 1344
779 1091 1634 1841
1297 1796 1857 1889
367 1705 1744 1845
555 1840 1862 1870
1177 1896 1897 1901
1391 1547 1651 1861
899 1313 1564 1770
415 515 791 1710
454 588 1021 1423
1220 1227 1721 1872
614 744 1356 1480
210 229 903 1148
1145 1494 1724 1901
781 1585 1621 1901
704 1874 1889 1897
818 946 1199 1627
52 1098 1583 1891
85 1119 1141 1828
1515 1646 1805 1903
1458 1620 1634 1689
40 79 488 1283
755 1409 1457 1884
415 617 1145 1318
212 515 1189 1301
1439 1586 1764 1769
531 1144 1328 1504
1001 1905 1906 1906
1314 1591 1618 1903
300 945 1652 1851
51 964 1477 1591
19 1860 1884 1892
1179 1285 1479 1606
1475 1851 1864 1900
224 641 1489 1651
439 456 880 1692
177 779 1302 1844
309 1219 1447 1703
134 693 1522 1684
700 1698 1774 1895
1441 1641 1695 1881
457 1090 1611 1817
1363 1814 1869 1890
227 811 1223 1785
95 1633 1726 1758
790 1066 1201 1293
570 1881 1890 1895
56 1805 1839 1864
11 1004 1058 1746
357 873 1139 1470
173 1260 1847 1869
205 778 927 1766
857 1515 1540 1602
837 1381 1820 1874
123 1534 1860 1864
1657 1904 1906 1906
148 1123 1475 1769
1345 1359 1524 1711
1540 1544 1591 1846
1400 1491 1854 1897
274 507 542 574
271 1720 1726 1765
805 885 1287 1338
582 797 843 1749
738 1335 1519 1770
112 1392 1706 1780
52 1632 1756 1813
1076 1817 1819 1873
319 1042 1246 1522
436 1439 1589 1763
928 1009 1462 1557
501 1676 1776 1881
986 1797 1816 1892
307 1093 1821 1859
268 284 1269 1312
13 272 1271 1675
620 1837 1872 1887
364 546 893 1515
1472 1830 1870 1889
1432 1543 1584 1739
2 1441 1697 1759
22 414 1158 1421
73 725 1514 1824
1279 1455 1510 1587
111 1818 1821 1831
1646 1742 1827 1840
416 1182 1430 1519
139 1853 1870 1896
192 1406 1557 1802
1444 1720 1761 1817
65 111 739 1845
440 1536 1846 1873
30 1697 1841 1856
678 1190 1351 1458
1396 1848 1863 1895
1163 1196 1511 1778
127 906 943 1380
611 1418 1808 1898
662 1071 1134 1577
209 1559 1638 1705
738 1088 1335 1356
358 382 1708 1868
109 915 1268 1866
760 1473 1554 1872
761 1855 1880 1897
779 808 1215 1643
71 1289 1290 1499
286 1671 1878 1900
800 814 1269 1450
304 1803 1838 1899
1094 1131 1285 1437
770 1541 1795 1817
266 1752 1780 1904
719 877 1641 1809
735 1529 1697 1906
1263 1856 1866 1900
624 699 967 1486
554 1130 1305 1725
422 1290 1731 1843
61 727 1624 1705
225 254 486 1545
1108 1300 1605 1790
1149 1367 1625 1656
874 1544 1580 1876
398 486 1603 1629
70 383 392 1644
1187 1505 1554 1671
837 1598 1813 1817
304 1686 1700 1827
1027 1562 1604 1685
1528 1675 1753 1861
1604 1684 1730 1825
620 1703 1718 1885
665 1703 1819 1882
1408 1849 1874 1881
1102 1787 1812 1835
682 766 1428 1736
1141 1240 1260 1899
157 586 1043 1588
559 672 1310 1869
45 1313 1405 1508
104 1099 1142 1747
829 1664 1803 1903
1048 1691 1763 1841
958 1883 1899 1900
462 1741 1810 1853
30 1404 1410 1870
318 1287 1513 1606
1135 1766 1857 1876
908 1479 1504 1604
926 1159 1535 1815
1615 1828 1870 1880
323 661 680 1148
349 494 668 692
240 704 1552 1711
1265 1460 1812 1830
142 782 895 1680
464 1698 1845 1851
24 358 1326 1469
5 48 1169 1213
1099 1182 1555 1616
1029 1862 1878 1888
1361 1694 1707 1817
1252 1305 1646 1691
867 1765 1882 1902
505 526 986 1803
369 1306 1337 1710
1469 1564 1727 1813
101 1265 1384 1757
1040 1110 1594 1904
101 1466 1537 1865
107 838 841 1525
661 907 1195 1685
416 1232 1341 1787
139 183 746 1385
1418 1657 1680 1791
334 1548 1553 1566
423 909 1247 1314
638 1695 1746 1794
1220 1278 1693 1862
1629 1813 1814 1847
253 717 1109 1499
577 701 1180 1758
798 1865 1874 1898
862 1397 1533 1665
663 1156 1220 1712
1382 1490 1771 1794
501 526 719 1893
1341 1809 1817 1842
384 1580 1702 1846
577 694 731 1745
171 265 1288 1371
256 593 1542 1576
834 1415 1601 1689
482 804 1196 1720
628 1024 1717 1889
217 305 415 1134
1229 1247 1255 1271
1141 1547 1566 1854
820 1209 1733 1905
262 793 831 904
657 1517 1684 1810
427 1016 1655 1840
685 1655 1662 1812
1020 1328 1364 1374
78 953 969 1900
491 806 1469 1635
1196 1540 1544 1779
876 1711 1739 1771
1642 1849 1896 1901
497 889 1139 1476
947 1460 1469 1659
1033 1574 1580 1659
842 1888 1899 1906
1096 1283 1577 1684
1281 1528 1634 1651
784 1669 1690 1873
371 1559 1717 1777
432 1081 1282 1878
715 1541 1586 1635
140 443 834 1356
1021 1099 1326 1517
353 641 1379 1637
166 680 1553 1588
948 1610 1668 1824
1000 1085 1266 1328
27 329 890 1834
432 891 1752 1828
707 1099 1459 1805
441 1341 1527 1586
1386 1881 1890 1898
95 623 1088 1123
429 487 656 818
579 1382 1548 1661
1339 1601 1635 1871
307 360 383 1243
202 1899 1901 1905
441 1001 1229 1794
688 1666 1853 1883
485 982 1067 1538
117 1558 1608 1724
1164 1547 1591 1878
486 905 1034 1216
1467 1793 1862 1879
1245 1289 1369 1709
575 1056 1081 1548
1529 1696 1793 1900
363 931 1087 1550
803 1436 1486 1783
771 1844 1852 1905
1108 1775 1791 1833
654 1017 1399 1400
1379 1788 1850 1874
385 762 1444 1464
237 825 1791 1858
172 1283 1440 1584
706 1249 1397 1425
488 1185 1466 1570
119 254 1046 1445
1600 1737 1818 1860
539 1300 1429 1525
196 801 1056 1393
57 1272 1714 1803
1276 1556 1664 1881
1132 1250 1763 1765
197 289 499 1235
885 1141 1604 1760
154 927 1018 1459
264 1536 1669 1822
556 977 1122 1276
526 1174 1692 1782
276 1876 1889 1889
84 1677 1743 1797
1452 1790 1797 1900
656 1209 1534 1608
1109 1613 1720 1898
223 1069 1295 1330
1334 1753 1765 1779
417 931 1363 1777
166 1577 1638 1767
55 1656 1663 1902
1642 1644 1783 1826
682 1426 1460 1482
981 1079 1577 1746
851 1582 1656 1856
912 1777 1833 1833
1133 1221 1656 1777
1434 1787 1823 1838
1301 1555 1561 1857
1086 1205 1364 1688
211 1700 1854 1866
122 1533 1700 1841
57 1594 1634 1709
864 1163 1430 1606
1283 1508 1521 1842
493 1738 1742 1905
164 422 1354 1829
701 1489 1558 1885
1186 1333 1398 1486
62 440 1205 1222
337 1277 1477 1518
514 923 1039 1764
99 216 702 1681
47 1076 1530 1797
707 1386 1646 1667
1372 1432 1500 1841
967 1259 1585 1799
303 826 872 1636
339 420 781 1499
90 319 323 1387
663 1522 1641 1880
1072 1767 1876 1902
262 1855 1857 1864
624 928 1029 1079
634 1811 1878 1881
130 1532 1651 1793
433 1101 1624 1631
249 324 457 1080
19 616 1652 1687
359 1814 1888 1895
252 794 1572 1798
1590 1744 1791 1803
425 581 869 1182
1064 1289 1311 1598
661 1227 1499 1650
571 1135 1515 1709
775 1581 1669 1824
195 222 1827 1848
66 910 1014 1730
1171 1654 1733 1786
178 1522 1551 1613
339 1043 1397 1818
879 1898 1905 1906
60 806 1311 1901
294 439 773 1765
136 912 1047 1899
842 1535 1683 1898
134 480 492 1153
1285 1546 1549 1761
6 730 1196 1224
652 1233 1560 1841
997 1493 1522 1608
505 1164 1221 1602
934 1311 1598 1734
438 1348 1529 1755
52 1744 1801 1847
1633 1745 1783 1835
211 453 1513 1625
1080 1611 1650 1789
516 1657 1778 1787
793 1249 1534 1785
529 1236 1293 1903
449 796 810 1541
269 821 1020 1744
263 1736 1835 1863
1179 1540 1673 1877
942 1634 1784 1876
782 1755 1774 1843
61 1816 1866 1870
476 1250 1339 1499
65 1808 1829 1842
553 1832 1875 1886
471 830 1527 1715
230 1612 1629 1646
109 1122 1419 1823
1652 1681 1747 1811
370 1099 1674 1782
5 1127 1482 1489
770 1458 1733 1772
1056 1662 1691 1777
698 1700 1860 1889
301 591 1018 1403
1329 1895 1896 1905
68 95 353 1545
129 1443 1572 1651
1053 1785 1830 1896
972 1776 1805 1805
1336 1880 1889 1891
1299 1505 1615 1750
334 1630 1684 1818
292 1144 1429 1464
507 1748 1871 1873
1051 1729 1874 1906
77 438 515 1572
161 714 927 1815
531 1752 1772 1804
143 1030 1112 1167
1465 1736 1808 1818
1034 1457 1470 1892
1894 1899 1900 1901
831 1191 1607 1703
486 1739 1753 1808
422 1436 1490 1680
983 1349 1577 1885
497 768 1082 1391
400 875 1524 1701
60 310 488 559
1028 1187 1242 1687
1090 1697 1838 1872
790 1299 1367 1506
152 1696 1785 1834
1655 1709 1716 1891
1223 1487 1527 1715
151 1380 1489 1660
962 1033 1460 1475
471 1591 1709 1733
547 1390 1490 1750
1662 1740 1782 1803
606 1586 1801 1864
864 1165 1169 1416
264 1588 1597 1763
894 1002 1081 1363
311 439 831 1775
540 1448 1849 1856
646 706 765 1732
502 1382 1571 1677
292 1574 1757 1758
60 196 269 1199
762 1271 1322 1615
411 1624 1741 1832
75 538 1075 1249
1153 1247 1268 1764
906 1341 1440 1811
289 1779 1781 1797
1158 1405 1501 1859
1115 1373 1480 1862
367 1775 1831 1884
1271 1781 1873 1902
375 1662 1780 1817
904 1547 1573 1727
444 591 1070 1487
295 1529 1593 1898
1130 1437 1633 1799
159 859 1028 1373
91 1117 1689 1717
886 998 1109 1497
1213 1246 1265 1783
470 549 562 1082
659 1873 1879 1880
1705 1783 1873 1901
68 1517 1518 1788
298 1744 1750 1839
981 1200 1457 1887
1764 1803 1805 1845
481 917 1194 1479
