1039 73
9 860
332 848
261 769
222 238
701 1034
262 679
117 971
257 669
614 731
596 840
347 419
559 892
829 931
486 934
314 838
4 526
139 767
718 849
133 324
169 451
226 655
396 779
374 708
583 997
35 499
26 1007
439 503
161 656
791 928
876 1014
65 118
911 975
483 776
473 970
366 472
456 858
438 723
281 837
410 886
369 545
372 543
62 434
682 810
68 282
243 762
21 418
35 474
10 21
139 998
688 891
334 726
201 288
468 854
254 852
317 779
567 1035
270 580
461 521
576 909
337 776
236 931
224 507
53 485
341 720
596 1020
822 992
37 542
409 940
375 458
202 540
401 591
444 511
863 947
315 458
952 956
238 950
109 410
618 1015
80 823
405 842
603 758
293 541
34 710
28 531
362 749
24 927
672 947
134 406
90 757
150 608
27 914
477 685
123 709
671 762
804 873
298 910
385 969
794 906
457 490
245 963
575 600
283 809
89 1029
33 72
203 515
267 629
239 617
585 961
573 841
933 1001
77 544
323 931
462 979
409 534
681 875
354 446
553 738
401 827
43 668
197 468
367 842
702 1021
870 928
320 353
89 524
116 552
668 673
650 740
37 530
378 539
50 779
46 647
81 221
787 975
362 691
548 938
371 869
472 848
24 534
722 904
352 597
299 504
364 563
125 899
224 934
198 850
170 709
100 406
28 733
21 309
343 707
888 911
631 737
168 616
416 992
657 903
16 280
352 1039
343 470
214 928
200 599
444 851
327 859
250 1028
145 805
301 357
134 347
193 383
62 530
49 274
189 345
866 904
462 659
674 727
547 680
393 902
311 790
413 908
117 184
189 460
259 899
296 634
829 1013
377 849
64 663
100 284
672 817
408 820
344 736
45 481
580 758
523 579
169 463
402 851
585 1006
374 863
98 132
320 919
513 577
488 1029
59 241
57 555
833 889
442 769
86 186
88 406
1 475
948 1015
182 642
16 1016
333 754
704 738
892 971
202 357
638 1018
198 632
213 509
130 459
103 727
517 584
227 814
253 951
285 639
678 929
345 980
292 537
52 828
597 1037
57 93
131 724
165 856
345 1015
260 357
709 878
597 678
31 860
75 133
380 944
132 498
382 793
326 886
346 549
710 1005
321 994
434 474
83 965
855 866
619 986
130 270
706 929
56 718
754 945
142 346
109 455
9 634
501 959
441 979
257 737
834 858
735 860
104 125
327 449
248 726
412 994
254 967
635 751
87 836
587 806
405 783
299 563
95 1006
501 748
795 906
252 411
535 933
415 781
138 724
7 779
928 939
559 685
245 931
707 764
224 305
581 901
45 73
281 837
41 435
542 592
489 899
523 565
352 921
28 359
215 325
525 544
517 563
316 974
145 1011
294 584
677 741
243 717
586 931
79 749
710 784
786 1010
322 419
529 772
769 925
814 940
561 634
41 588
179 248
651 658
83 808
322 460
299 609
611 843
670 882
760 965
24 983
49 427
47 336
437 900
388 997
196 452
24 239
719 911
113 197
42 1002
233 290
125 195
566 850
742 838
165 730
304 969
645 745
348 452
189 377
598 675
136 378
189 204
597 676
949 1004
392 415
871 1005
409 445
34 287
290 314
117 195
67 325
113 731
698 950
23 692
205 681
415 525
330 477
576 921
76 750
108 736
244 742
841 1022
30 72
917 925
803 830
28 100
158 529
344 909
965 998
413 769
819 967
233 649
105 619
83 1006
132 788
373 548
641 726
146 505
26 127
279 546
236 722
138 193
424 966
627 984
868 926
648 811
91 754
104 618
518 1028
667 1004
78 839
512 656
459 712
616 950
69 604
485 767
38 66
7 538
462 676
438 871
80 245
823 965
378 436
202 736
120 399
31 425
60 882
30 449
848 940
603 797
295 920
22 701
189 376
772 811
290 1017
367 632
278 999
853 922
82 1019
355 868
460 733
101 430
541 799
15 366
683 1009
214 241
250 267
716 730
90 133
615 710
334 470
379 801
353 712
383 938
604 669
21 953
543 1009
203 295
606 794
227 796
9 321
224 516
167 981
679 769
458 677
471 792
69 642
450 883
364 641
215 274
7 301
487 596
418 621
232 961
630 987
295 663
251 828
289 617
84 1038
685 1007
100 545
233 463
513 760
324 831
60 444
135 562
420 505
671 907
285 592
648 973
661 986
153 756
520 738
86 512
64 519
173 485
699 1024
754 942
162 260
168 871
40 564
212 303
323 426
555 657
356 952
379 995
240 353
422 798
658 999
302 666
413 532
182 1005
695 922
319 549
126 660
500 868
428 623
441 578
994 1035
93 724
275 681
618 918
77 160
359 941
209 337
700 922
320 953
300 810
362 598
490 894
408 499
220 279
179 792
394 930
417 740
733 760
291 743
49 642
177 363
787 1029
295 303
69 585
514 596
370 407
524 1000
678 961
838 943
93 277
55 419
39 345
462 538
395 754
223 880
376 689
10 79
233 844
486 589
8 720
205 1017
200 874
688 701
542 975
308 339
548 891
193 549
55 841
191 280
151 365
860 1033
601 623
300 557
101 848
380 666
106 421
468 573
37 465
169 514
415 755
105 532
49 575
706 950
634 840
44 185
191 427
60 198
241 859
50 953
200 989
11 283
783 1003
311 806
544 737
283 565
279 308
481 485
238 695
515 1029
307 483
366 764
3 49
829 966
393 822
266 843
390 925
88 556
996 1010
312 463
290 589
339 459
261 316
385 453
860 955
65 892
100 630
356 807
350 595
265 768
32 253
289 914
152 819
298 601
449 584
260 513
609 629
421 922
779 941
211 284
209 711
176 274
85 506
357 778
512 846
208 288
660 828
17 82
57 713
538 997
389 857
688 881
54 571
274 805
205 265
54 940
126 197
155 507
310 535
755 807
242 671
418 994
366 564
838 1010
453 843
241 825
16 142
232 454
641 874
307 962
74 520
93 276
243 465
251 507
558 880
315 665
23 473
100 700
57 981
409 943
117 270
53 442
385 785
600 1003
340 700
557 682
330 889
3 501
117 823
90 94
685 897
1 958
758 927
396 440
16 665
610 633
1002 1022
266 1008
54 540
292 881
13 222
294 316
652 816
922 1019
375 883
487 641
142 871
797 1002
722 873
786 895
521 741
125 924
157 313
421 608
200 534
121 644
199 823
714 850
10 83
459 612
494 657
734 809
106 181
962 1010
515 576
356 718
181 406
283 998
301 657
687 1008
26 341
549 964
413 573
192 207
393 640
47 323
105 846
500 703
21 661
293 746
424 436
404 564
587 669
116 853
280 535
312 494
592 917
300 936
212 595
677 1029
201 964
685 948
635 1033
498 724
285 420
616 993
625 737
87 647
371 462
50 862
455 1028
394 423
265 556
288 927
124 844
655 931
36 675
26 437
172 211
529 842
284 889
134 606
219 222
546 810
72 94
115 864
245 872
648 688
256 422
380 769
316 778
569 953
25 388
45 914
789 982
200 318
282 466
226 972
309 576
72 679
168 542
426 943
445 1020
242 624
336 798
24 29
448 552
419 883
803 987
505 783
445 668
227 807
393 572
334 663
885 911
274 894
674 1036
27 393
356 597
65 297
925 980
883 978
648 971
33 793
352 429
310 743
81 853
33 247
76 776
446 499
885 909
603 701
218 590
308 893
940 1015
11 325
88 161
836 1005
404 946
732 751
32 818
488 804
277 1035
232 337
598 821
205 545
356 762
735 964
410 944
73 968
287 640
281 781
782 785
628 953
166 698
49 581
17 989
118 234
307 502
54 610
103 801
388 952
45 444
743 837
129 688
85 359
312 453
177 908
220 374
652 694
581 981
719 945
326 523
468 508
76 737
110 903
286 998
269 918
656 991
531 789
487 949
318 457
53 740
275 600
202 207
25 912
846 867
4 799
147 602
66 665
71 483
166 672
193 956
148 955
1021 1022
102 972
374 809
470 1037
91 893
987 989
213 644
172 298
195 655
641 978
483 896
584 731
118 457
95 228
671 677
182 222
483 1007
619 659
275 463
106 1006
136 892
228 917
495 1000
755 1018
42 621
655 1018
124 862
548 784
708 794
693 846
51 182
565 1015
417 940
149 543
556 959
465 943
373 477
47 917
532 967
598 999
379 972
387 934
373 982
424 840
168 252
77 838
775 878
601 920
344 872
428 989
292 941
640 864
812 1029
367 580
219 769
130 387
313 561
493 933
326 700
96 776
918 918
68 829
353 768
443 1023
157 313
696 890
607 858
79 611
937 1034
620 964
263 997
741 918
14 164
387 847
123 965
748 874
69 186
173 903
488 833
317 840
51 1032
303 377
33 400
873 893
27 110
301 701
535 738
344 979
229 408
221 981
337 840
102 767
427 677
369 650
723 908
782 925
325 915
359 720
318 333
247 776
37 420
305 606
250 413
20 1031
271 937
201 481
162 895
37 338
185 247
90 660
423 945
143 902
293 901
142 268
692 1002
659 782
344 452
208 1034
237 490
199 692
359 758
418 461
83 228
349 662
59 159
16 588
161 547
141 381
282 430
865 940
216 913
445 796
200 407
506 749
401 789
414 960
62 565
609 790
81 291
147 352
169 621
212 993
125 1015
912 970
1 679
207 863
115 894
256 887
667 927
165 207
434 946
604 855
16 834
196 776
786 863
488 510
168 826
296 471
11 331
32 594
124 153
57 772
103 364
330 362
259 398
633 727
12 542
265 782
549 637
209 387
626 715
367 565
312 851
184 418
57 873
46 866
322 478
39 817
273 714
18 253
645 792
212 344
569 867
363 611
209 764
502 801
690 815
320 880
254 652
119 775
98 798 925 1032
258 699 734 955
717 820 1006 1036
129 484 619 780
198 639 832 930
66 900 952 982
948 1019 1024 1029
283 842 872 936
551 801 896 1008
553 928 946 966
657 1001 1012 1021
411 945 1026 1026
194 222 390 689
993 995 997 1011
30 61 725 871
604 657 835 896
274 464 502 926
788 999 1008 1025
31 955 965 979
886 898 995 1012
66 269 370 704
706 936 940 994
518 651 880 962
367 778 916 1027
217 255 382 576
603 836 908 938
121 480 483 807
368 681 715 962
168 409 853 1013
243 951 1012 1018
633 885 913 988
463 796 868 957
281 488 635 752
478 651 832 919
223 714 794 1001
148 516 678 782
266 914 939 998
198 885 953 960
117 786 949 1017
410 676 818 840
580 1011 1013 1032
34 236 442 557
967 974 978 1010
28 330 974 1036
356 895 900 1000
671 1015 1034 1039
32 975 998 1033
337 435 469 546
332 485 544 851
22 222 748 998
99 666 689 852
793 934 939 948
849 971 1004 1019
503 538 605 696
369 952 970 1031
719 829 838 990
76 146 530 675
840 955 994 1016
273 815 937 998
801 997 1000 1021
402 860 966 1018
415 662 779 781
332 590 756 795
50 485 534 920
252 1026 1029 1030
592 1024 1026 1034
661 812 864 941
575 581 684 695
367 1012 1033 1035
50 513 705 1037
334 626 704 844
282 1024 1025 1032
343 952 993 1003
