1995 2678
1345 1685
3 183
1135 1901
1049 1580
660 1324
118 350
114 1410
612 1619
865 1645
1051 1084
657 789
438 1275
1622 1729
453 1028
592 980
649 1715
1066 1610
1504 1548
1678 1973
159 384
1021 1308
1007 1957
929 1692
523 1594
1266 1300
103 224
97 1661
464 598
765 894
492 1904
6 1432
785 1244
872 1708
836 1243
252 532
345 1720
109 461
654 1826
264 1115
1227 1815
695 1350
1138 1687
636 1712
81 951
1201 1514
203 1184
148 1777
1710 1842
269 1945
1451 1818
966 1508
382 1269
308 1385
78 877
119 440
386 1100
1014 1044
60 1897
46 997
276 1845
623 1382
162 468
338 1411
1006 1321
1089 1740
281 1141
728 1139
1590 1757
315 546
871 1067
226 1989
907 1348
1798 1936
84 455
399 647
50 248
553 1243
65 968
315 738
1421 1739
45 144
348 1304
453 1114
658 1613
1715 1895
788 1067
11 265
163 1343
475 1373
128 1247
282 1845
1621 1883
1079 1277
1411 1435
787 1731
574 853
1113 1600
491 988
281 507
307 538
946 1628
128 1416
229 1141
246 1411
871 1395
1304 1330
679 1407
1032 1886
42 783
471 1601
930 1526
69 689
785 1295
453 1602
439 839
1218 1299
1768 1806
371 1662
202 1553
1262 1863
1391 1521
298 1139
408 1981
1588 1653
253 321
93 410
1782 1912
1262 1269
669 1716
387 1178
440 1567
549 1739
38 1264
1098 1615
1848 1899
746 1329
1273 1454
104 746
476 521
1764 1947
759 1984
28 88
486 1473
315 1616
735 1840
409 515
107 612
1282 1594
1280 1426
60 1370
1515 1522
1149 1692
527 1570
411 709
663 1598
902 1269
121 1604
441 1431
474 1316
1113 1382
442 1526
1714 1796
1155 1961
491 1015
798 1689
375 639
418 1573
578 1552
153 291
698 819
363 1276
502 1787
4 196
749 1815
235 797
495 1986
806 1653
1034 1784
1566 1865
854 1459
26 1697
68 1632
1044 1807
66 1020
91 1768
1367 1571
1096 1990
664 1109
783 1831
820 1301
214 892
369 546
740 1877
98 348
1263 1572
1033 1500
1265 1992
22 1759
1376 1874
983 1525
47 1375
267 654
1044 1838
401 1134
597 1001
15 1922
707 1066
782 1658
159 594
132 1665
614 1906
412 1604
1230 1347
1199 1385
535 1020
268 1523
1540 1967
1023 1362
1532 1627
339 869
1084 1403
115 502
333 1415
861 1782
1378 1397
697 1396
17 355
558 1634
645 1582
21 827
449 1616
726 1408
1031 1952
1025 1855
382 1940
192 1100
273 1272
621 1903
237 1862
1873 1932
482 899
1107 1703
188 284
177 1904
554 1771
844 950
601 1738
190 932
204 1872
1413 1511
752 1326
24 221
376 778
335 1547
763 1504
395 1782
290 1684
1349 1713
734 960
719 782
844 985
559 1485
1725 1891
846 1694
761 971
545 1239
1553 1633
245 1570
1426 1793
136 1748
111 1622
408 594
693 826
44 813
848 1500
158 1483
795 1880
880 1608
82 479
1025 1520
72 1937
624 1747
839 1853
1286 1425
611 1166
1454 1573
818 1763
30 1675
930 1746
786 1222
409 1804
217 642
431 688
1508 1633
1616 1986
1590 1946
1169 1289
496 557
183 899
544 1759
570 651
18 1582
291 1580
1376 1723
893 1246
214 1775
1101 1313
1499 1727
136 1386
205 528
498 610
117 1595
992 1020
203 1916
1 1379
684 816
523 881
337 1359
1770 1803
1447 1905
1712 1874
83 1542
1160 1802
247 1251
214 1991
1678 1810
1032 1437
322 670
1465 1802
268 1136
283 847
290 544
169 1117
845 1590
1138 1873
695 1393
1735 1872
1017 1375
540 1718
854 1516
569 1961
558 816
440 1092
337 1332
607 1858
35 865
699 851
1115 1614
806 1782
1416 1587
197 608
755 1587
901 1024
650 1484
1257 1310
1222 1757
299 1469
75 1914
734 1147
412 607
113 1073
1104 1110
1451 1744
944 1528
311 556
1425 1623
455 1910
432 550
651 1884
1654 1784
1213 1471
933 1803
141 1414
389 1882
1907 1932
826 1159
756 1495
1182 1331
628 1659
1534 1845
297 795
1585 1855
241 1778
1124 1971
76 1117
805 986
1696 1868
288 935
215 1299
251 1406
1027 1402
1638 1742
865 1990
1163 1911
266 1570
1522 1744
1 611
874 1358
571 1738
360 1336
859 1900
531 793
415 433
1120 1622
1001 1553
267 1867
83 1767
790 906
633 1915
294 523
125 349
567 806
1028 1701
749 1172
299 1797
511 653
616 1692
1098 1487
167 1647
889 912
172 581
1020 1862
1086 1225
1078 1828
786 987
623 1462
851 1974
293 1156
243 1582
295 1628
1064 1338
1531 1892
1101 1643
1461 1480
1239 1906
790 1752
605 1401
142 636
1415 1833
335 1266
529 1689
589 1747
308 746
45 253
809 1754
68 605
47 1219
195 616
698 1231
1693 1848
684 1094
1100 1814
1503 1968
444 803
1296 1458
1065 1620
450 1549
1002 1978
741 1407
25 247
810 1834
849 1995
52 144
460 1728
1070 1819
1360 1488
640 1544
761 996
92 1260
1814 1957
1338 1964
342 1297
64 451
62 1449
26 1460
262 876
58 510
887 1320
270 305
474 1092
990 1186
497 1376
77 573
847 1857
202 1573
42 1940
592 1885
1480 1913
326 1501
117 1351
267 1804
994 1218
524 735
604 1367
988 1605
174 995
973 1420
1265 1785
122 1884
72 460
111 971
1420 1785
928 1976
1843 1951
381 1111
565 1727
928 1449
1721 1768
926 1847
583 1928
757 911
817 1119
506 1423
13 1706
1057 1505
69 1021
820 1696
548 716
937 984
244 1165
71 301
274 1864
494 1802
1 1453
375 663
166 350
1299 1840
548 1798
423 1723
39 354
590 1583
122 1071
341 1322
390 481
599 1892
33 961
231 380
436 1943
688 1446
884 1917
172 1434
1187 1882
1263 1537
93 1359
231 1622
332 758
1812 1839
550 614
1189 1541
421 452
905 1821
251 665
561 737
11 840
1014 1020
233 1983
667 1575
136 834
185 1264
1067 1188
727 1564
323 1555
1171 1875
261 496
1206 1546
118 716
121 1886
172 1756
1436 1634
1824 1826
252 1445
342 1586
1157 1764
98 1519
1557 1629
388 501
606 837
45 1744
58 255
216 1069
445 528
327 514
471 705
649 1215
905 1543
657 963
172 290
136 1891
872 1223
1790 1980
293 886
1241 1578
1222 1618
641 912
1431 1993
149 160
661 681
328 876
1342 1853
466 1561
701 1487
39 1584
1460 1847
386 1326
772 1657
1897 1977
604 1164
1289 1687
95 1698
822 1561
184 1436
563 968
376 1687
1795 1815
1492 1988
613 1159
416 1571
86 1774
488 1226
412 1004
609 1674
607 1752
287 311
156 1883
1052 1381
122 1976
424 1438
60 475
328 643
535 1421
566 1255
171 1238
1151 1291
806 1225
1042 1121
52 1154
617 1404
580 1414
895 1005
1484 1557
14 1520
526 1270
836 1896
1502 1736
714 817
1778 1863
418 1873
1159 1250
573 582
496 1927
863 1687
627 1057
915 1761
791 1031
311 555
295 1051
202 1420
1482 1905
378 1816
141 475
575 1380
756 976
185 1071
685 1891
1048 1824
1419 1900
183 1470
1092 1218
142 973
338 1608
1185 1252
162 561
1493 1665
46 1964
121 1204
133 939
507 524
126 1951
1092 1794
242 982
29 769
37 627
297 723
577 1781
458 682
410 1566
747 1817
168 397
416 1370
926 1690
120 492
1009 1755
647 1620
294 1252
1574 1595
717 717
636 781
1345 1780
658 1335
543 1135
1332 1352
707 1960
1 385
703 1427
348 1327
1211 1598
163 430
736 913
447 981
428 823
1022 1131
762 901
430 1538
536 1231
163 326
541 1299
478 1672
1029 1130
352 658
65 1402
443 1011
409 1056
1162 1931
1320 1503
874 1115
650 1687
822 1456
269 1301
563 909
43 1993
720 1675
1217 1974
255 1378
352 917
195 1374
536 1501
1839 1948
157 1973
63 1125
534 967
816 1854
73 1358
307 1540
1184 1353
480 1252
293 946
1111 1792
533 1211
243 1543
1104 1617
733 1781
434 1621
770 940
441 1810
274 1805
68 833
1480 1514
891 1431
704 863
210 916
493 1149
817 1560
835 1779
907 1208
926 949
1410 1964
445 1060
677 1124
134 1167
333 1062
443 501
534 1049
1644 1727
244 1875
1461 1668
82 177
578 1373
777 1073
854 1461
532 657
375 1681
620 1140
714 986
529 1043
184 1363
788 1193
694 1660
818 1874
516 782
614 1666
443 986
777 1972
669 891
447 1009
82 1391
553 1991
130 502
1126 1479
65 1137
307 1644
192 1738
548 1468
233 1364
1367 1928
1451 1963
28 150
1832 1968
383 919
542 1679
312 1659
32 980
103 1914
416 1749
1375 1843
1536 1923
607 1004
544 1205
406 625
1359 1480
371 1772
213 1927
390 743
804 1717
738 1637
126 132
41 1250
1493 1633
932 1803
1071 1634
570 788
1879 1992
354 1665
343 833
523 1350
960 1007
131 1187
525 536
758 939
688 871
1489 1939
61 1922
613 1203
447 1549
801 1722
1010 1578
1132 1309
1024 1482
86 1781
1410 1741
1467 1521
594 1711
192 1445
1406 1629
585 1537
540 1076
648 730
1333 1738
1242 1390
92 1565
1012 1254
244 387
44 1625
581 1882
769 1820
92 629
750 1909
748 1751
316 587
311 392
419 1063
815 1609
36 203
1098 1373
542 735
112 1979
738 1045
75 942
842 1583
1024 1822
426 842
440 1954
862 1200
556 568
1420 1455
936 1617
744 1426
518 1936
121 1239
1764 1797
936 1070
222 1960
199 861
40 1101
1493 1878
172 838
552 973
1529 1580
1640 1962
1525 1976
1752 1875
214 242
1307 1891
1383 1575
13 1195
147 1078
1424 1651
815 886
74 632
447 663
423 1112
491 1692
1395 1481
149 1034
546 1934
427 854
1833 1994
461 1951
313 999
634 1584
584 1637
45 1371
780 945
688 1222
297 1347
130 427
150 221
124 1907
592 1806
693 1943
355 664
193 774
355 1580
444 1177
220 976
1321 1367
556 1383
77 528
1125 1808
781 1326
61 824
1112 1312
1652 1843
211 1393
151 487
1873 1951
282 951
285 952
914 1196
1349 1384
392 1363
773 1112
361 815
684 978
75 246
1585 1855
964 1416
620 631
163 301
397 834
95 1525
75 1035
931 1043
954 1119
458 1859
1078 1188
939 1916
192 1593
233 1403
605 658
459 1421
414 834
533 811
764 776
23 1201
746 1185
1159 1223
611 1861
1122 1380
1172 1493
1303 1835
405 1202
1324 1809
284 1910
562 1943
444 1630
116 1970
1064 1623
787 1529
68 991
660 1291
149 1971
69 205
103 1772
709 1312
116 1363
849 1284
954 1230
1803 1819
1828 1947
584 1599
125 1980
808 1410
767 1848
397 1229
761 1036
243 1926
635 953
466 1067
963 1902
731 1608
1139 1596
308 1546
317 718
1030 1149
358 430
799 1095
717 1047
1431 1624
881 1883
174 1013
272 1406
733 1750
827 850
524 526
868 1066
1129 1840
836 1413
570 1681
1364 1672
63 1947
791 1095
782 1577
75 1225
337 1792
277 789
599 803
243 625
922 1505
1430 1610
1509 1881
1052 1943
131 146
464 605
1353 1484
594 1733
1096 1494
229 1476
138 491
1322 1699
1600 1797
732 1426
277 1872
627 1312
10 362
268 592
488 1085
379 922
763 1248
939 1632
296 1960
57 1683
697 1696
6 205
842 1915
1046 1123
1174 1587
1028 1726
465 1632
785 1522
566 811
938 1166
831 1349
165 296
804 1587
773 911
463 1169
1616 1624
163 175
1047 1190
397 1280
511 1225
23 1154
54 268
464 473
467 1542
1134 1285
1253 1779
1854 1953
404 752
705 769
68 1552
200 1169
185 204
1074 1076
1482 1527
62 692
543 1938
666 1337
328 1389
712 1953
108 381
832 1093
394 908
291 1206
1897 1897
369 414
679 961
734 1686
584 943
1087 1768
265 867
135 552
314 526
427 1312
1436 1764
537 1350
795 1763
874 1703
432 1296
160 1148
1046 1632
743 1172
1207 1285
65 506
143 407
1006 1644
324 383
1120 1379
680 1255
687 1969
304 327
751 1164
642 1116
1027 1761
1344 1365
196 1668
22 1680
763 1666
12 1031
139 1320
875 944
224 1788
892 1306
1633 1975
1535 1890
552 1924
810 1702
1621 1806
1113 1202
1240 1592
69 853
693 1649
269 688
974 1099
69 1955
1045 1385
48 1274
333 1384
679 1860
285 1492
499 1097
98 817
643 1933
87 1874
1282 1460
1002 1813
288 849
632 1372
1023 1570
1049 1433
230 352
1088 1534
231 1225
365 1301
116 355
187 247
1822 1891
1108 1356
1283 1861
804 1014
122 1620
1316 1407
654 1773
230 982
635 1850
753 1081
538 1007
340 810
515 701
1667 1694
1642 1858
1419 1930
374 696
840 923
196 560
176 356
252 1805
302 1552
1870 1978
557 1682
1415 1947
746 1929
120 483
1548 1554
1431 1466
26 1744
20 704
26 1007
211 1483
670 1398
631 1099
1671 1872
4 1911
201 1891
219 1396
984 1467
1490 1530
880 1669
866 1844
366 822
98 817
975 1498
451 1366
851 1482
470 1929
332 1622
199 839
164 569
1306 1577
312 581
965 1366
195 972
299 337
230 1102
692 1030
284 1562
1398 1443
141 736
126 879
1484 1724
1816 1942
45 881
574 772
1257 1355
190 1680
318 1263
217 1805
938 1699
274 483
1546 1740
13 1148
231 1264
1069 1515
257 918
561 1475
776 1061
32 577
1488 1927
162 775
719 1312
1800 1903
341 1165
44 707
1063 1348
325 794
408 1637
1794 1928
1297 1913
555 984
659 990
404 1579
1348 1865
223 1623
343 1380
583 1951
1431 1684
709 998
1133 1845
974 1166
384 1418
633 1763
792 1545
1620 1931
335 1058
593 1793
1053 1633
473 1492
1005 1802
570 1171
448 987
135 1783
1499 1685
658 1465
694 955
567 1431
777 1565
1129 1194
1020 1812
385 1684
1137 1866
1124 1558
916 1520
143 968
61 1284
1035 1649
927 1197
878 1304
1826 1983
626 864
116 1020
1116 1702
1093 1477
1259 1766
970 1960
597 686
153 825
1246 1527
137 590
1411 1766
1478 1918
1581 1841
713 827
436 1255
321 917
434 1609
1516 1788
391 1994
1706 1962
41 1467
1045 1406
1663 1909
726 1364
1264 1609
156 975
1523 1536
996 1347
949 1825
412 558
100 1232
994 1145
1068 1658
491 1183
1721 1955
863 1594
527 882
426 974
725 1774
373 1287
864 1624
329 1493
651 823
96 724
229 1412
463 669
579 1380
57 708
95 669
220 1873
1679 1832
802 1370
409 1464
1486 1916
623 1660
760 1454
1468 1853
1196 1427
230 1790
401 1053
1018 1078
44 1122
479 1477
1546 1831
555 1473
1128 1663
756 1552
331 1708
28 952
350 1106
1093 1586
29 355
597 1211
473 1475
701 1280
217 1504
1063 1357
1126 1966
113 1973
134 1286
839 1794
1256 1724
598 1364
671 1674
127 746
1566 1984
469 832
191 280
495 789
451 787
94 259
947 1575
2 1041
1659 1983
538 697
109 586
390 1823
90 370
1428 1537
848 1158
411 510
23 947
666 953
437 549
311 1550
1433 1616
864 1387
401 1348
950 1153
81 1150
2 277
1592 1933
358 916
644 1955
317 1864
307 1539
1668 1734
376 1929
712 1627
7 1810
112 1170
806 1602
1570 1962
222 1219
64 1216
1475 1504
248 1064
926 1259
298 587
934 1814
1481 1922
439 1256
376 1419
554 1110
1010 1440
345 801
186 1234
23 1590
195 1568
1104 1639
521 1813
1390 1800
452 1018
1560 1653
266 482
1775 1917
612 1967
794 1121
750 1656
1445 1975
744 860
60 1603
3 839
1735 1755
1070 1449
924 1716
1473 1571
1447 1849
1401 1448
1659 1717
475 1738
1290 1659
145 1096
608 773
370 521
269 1434
38 816
1240 1425
330 936
277 1067
326 1472
1380 1455
1447 1810
972 1548
480 638
767 1370
790 872
1011 1757
51 1551
444 722
718 1762
991 1522
939 1326
1206 1666
615 1896
901 1648
623 1330
1005 1229
787 1102
292 1944
1185 1458
394 594
510 719
253 1776
15 472
652 1220
450 459
168 1982
394 1220
179 1524
483 1233
427 1703
761 1218
1058 1156
980 1956
335 1320
1434 1707
650 1435
274 853
323 493
761 1443
1415 1731
1556 1595
397 1410
473 647
1320 1759
765 1904
889 1040
1056 1413
995 1152
140 510
724 855
128 1366
893 1923
321 1054
606 845
139 1795
1411 1686
882 938
258 992
14 1863
283 284
568 1266
479 1670
245 1323
1324 1860
626 921
852 872
778 1371
693 1869
15 679
392 513
1329 1402
448 648
201 962
632 1899
576 701
1368 1370
505 869
1549 1675
758 1964
535 687
332 843
145 1814
856 1213
1822 1850
1089 1536
1601 1976
168 1037
862 969
804 1188
260 1254
640 1847
1028 1236
1814 1951
1297 1399
122 967
1082 1198
852 1004
610 726
663 1167
849 1305
1022 1696
1076 1756
535 932
900 1396
136 399
359 547
931 1193
582 826
912 1766
243 857
279 442
335 1217
79 553
447 1354
402 1699
504 1271
19 1438
852 863
12 667
791 1482
648 1667
526 1183
204 1517
1122 1504
385 1227
316 1538
135 736
338 973
82 1730
53 899
370 1636
433 1364
1126 1166
369 640
210 1841
1214 1383
930 1937
1390 1570
88 156
734 1030
129 540
1424 1660
539 1513
324 618
357 1292
546 1971
852 1458
915 1485
161 1699
824 1065
527 582
1304 1757
287 517
1381 1554
79 1704
852 1956
270 1682
1300 1840
1011 1758
232 1083
270 1446
241 945
255 313
495 1034
311 1291
83 559
1222 1244
1389 1708
211 606
429 1855
371 1323
1336 1970
1359 1635
869 1560
703 1475
605 1273
457 988
242 1314
316 550
600 931
1357 1947
92 183
659 818
1394 1955
203 253
91 429
55 551
178 1242
105 1688
1096 1955
1066 1356
865 1540
606 1705
1079 1458
864 1229
653 986
1054 1556
809 1195
465 1909
274 890
722 851
908 1716
526 907
1310 1753
916 1694
1066 1494
160 343
504 1149
155 381
1380 1498
1629 1815
1277 1545
1265 1982
415 452
1811 1814
774 1965
139 827
1641 1819
150 1069
443 1782
111 1339
317 1693
921 1721
41 111
521 1062
1170 1805
131 517
1030 1661
1074 1779
1243 1342
38 1486
1679 1926
976 1787
217 869
899 1485
490 777
695 917
116 440
1804 1847
1685 1984
195 1314
182 675
80 1391
898 1016
282 856
116 1691
320 463
27 1362
1301 1678
833 1225
1031 1609
45 1790
148 1986
6 935
370 513
196 491
1062 1653
162 1260
1068 1924
216 1200
1315 1654
1364 1679
1284 1982
862 905
99 1024
494 1843
699 1424
300 896
773 1209
164 1536
512 654
16 717
1359 1775
1616 1713
997 1473
807 881
808 1528
20 499
114 1510
108 1210
931 1802
79 1857
1552 1585
1167 1220
1275 1941
790 1408
1429 1782
478 1261
593 1188
317 1554
1093 1462
688 1345
172 1980
8 125
716 1812
627 1004
207 1495
131 668
115 1378
414 829
166 856
778 1753
722 1850
859 1871
703 1646
840 1208
1311 1639
906 1146
838 1577
240 1578
312 1623
738 1475
1109 1781
851 1569
315 1479
1516 1846
489 1215
186 1988
437 1360
564 1140
957 1162
277 579
1828 1927
247 1851
1700 1822
1114 1146
586 1972
1373 1837
530 1425
820 1820
272 781
121 1639
888 1949
785 1487
1745 1863
522 1220
367 1653
1082 1201
540 704
13 1183
710 1575
299 370
102 1033
373 978
406 1889
571 1808
257 303
796 1392
1149 1783
1567 1771
1449 1872
744 975
548 979
478 1420
1547 1848
672 1077
1594 1826
266 1414
102 944
1649 1690
579 1227
96 338
1036 1646
541 966
628 763
544 995
304 1149
1613 1802
429 1603
842 1017
1155 1320
579 1919
432 1464
660 824
708 808
1228 1754
717 974
265 477
636 1562
1225 1273
161 1032
215 1310
248 1225
357 584
524 1911
652 1750
1385 1903
334 1061
404 1683
1638 1648
574 644
136 1420
252 1587
1135 1319
263 1872
498 926
1725 1938
806 1241
793 1348
308 1396
94 1864
1735 1762
432 869
319 1693
490 1622
274 737
897 1747
1076 1745
206 1898
263 546
450 1311
147 1415
50 339
143 1313
478 1088
695 978
82 1895
1239 1678
605 1498
1287 1803
820 1302
745 1543
74 1306
711 987
721 733
954 1031
900 1193
1033 1385
917 1536
836 1261
1332 1866
1126 1133
54 733
1082 1409
255 1721
1324 1564
1352 1696
326 543
1280 1878
1219 1434
666 841
226 1424
99 415
261 539
686 1591
339 1122
447 1923
651 1429
797 1337
78 1131
38 1083
536 1816
989 1804
238 1738
1765 1870
672 1328
846 959
982 1409
111 184
84 1385
727 953
311 1714
316 1560
103 1352
446 1198
1054 1663
1078 1348
52 408
125 893
106 1928
53 1707
647 1668
425 490
494 1471
519 575
1117 1908
288 1393
245 742
292 1527
829 1258
1176 1335
1324 1485
378 1320
577 1102
189 1275
1026 1888
759 1650
483 1264
580 1408
1 916
181 521
295 1149
532 1733
1176 1664
984 1486
187 645
466 606
677 1480
223 466
1020 1688
609 926
84 1699
1411 1421
352 1528
1227 1503
837 1828
714 1786
498 548
1 833
533 1956
240 517
293 1149
82 183
976 1759
749 1922
31 243 246 1200
703 1621 1642 1658
680 1146 1904 1972
1458 1535 1605 1773
541 764 1008 1746
1070 1106 1107 1598
313 1810 1876 1976
47 52 1270 1698
60 1644 1786 1803
633 1486 1546 1842
708 1972 1988 1995
975 1091 1434 1508
198 1796 1918 1958
1212 1550 1560 1772
396 1014 1099 1748
47 1084 1208 1350
1835 1987 1994 1995
959 1496 1557 1976
1247 1657 1688 1830
876 1765 1790 1964
291 1584 1745 1840
1386 1874 1880 1984
1286 1394 1398 1790
1000 1798 1826 1890
256 1207 1327 1639
88 1081 1084 1815
187 1051 1732 1738
477 1511 1825 1903
381 889 1434 1650
1008 1550 1709 1896
314 1774 1975 1984
414 470 826 1895
593 839 860 1152
1132 1278 1834 1972
487 1183 1217 1873
1068 1255 1676 1780
178 882 1118 1398
771 1649 1940 1974
1456 1609 1829 1994
1783 1920 1930 1944
190 1725 1771 1937
1357 1927 1930 1950
243 632 751 963
711 1046 1165 1169
609 1103 1255 1652
963 1152 1679 1691
752 1382 1641 1734
443 1987 1990 1994
587 771 1252 1686
792 1846 1896 1907
1669 1727 1806 1839
92 179 270 510
4 779 1837 1989
1035 1697 1831 1984
607 1655 1735 1908
540 1882 1887 1986
131 1894 1938 1970
1248 1942 1956 1979
195 564 1873 1908
1154 1289 1340 1498
1728 1903 1923 1961
26 394 844 1489
127 328 1621 1634
797 953 1075 1578
453 1921 1955 1967
1176 1667 1705 1983
241 1839 1876 1973
181 948 1089 1751
766 1461 1608 1829
736 1091 1581 1928
543 1625 1793 1933
1044 1928 1967 1982
815 1676 1694 1796
942 1812 1817 1860
276 1156 1239 1680
704 1542 1604 1860
216 1487 1674 1922
956 1858 1883 1968
249 1321 1420 1932
235 1296 1351 1675
390 511 754 1793
225 1110 1311 1504
581 613 1063 1539
794 1874 1911 1935
162 1402 1427 1896
119 180 1138 1483
1223 1472 1897 1920
256 849 1748 1947
395 518 1660 1782
212 1909 1956 1989
51 540 1155 1703
283 685 1663 1758
898 1343 1351 1420
4 796 854 1618
562 1361 1925 1950
1231 1585 1600 1754
915 1019 1217 1686
22 196 247 697
1378 1899 1935 1993
330 1016 1419 1975
163 813 1027 1558
305 368 1443 1564
633 1346 1745 1912
971 1420 1623 1633
1025 1537 1942 1986
604 1393 1534 1846
955 1654 1681 1729
493 1078 1851 1974
2 828 1766 1959
740 1505 1787 1904
415 1572 1901 1918
751 993 1453 1621
100 1714 1745 1961
719 723 1607 1844
839 1832 1947 1991
1206 1655 1735 1961
866 1789 1873 1978
219 378 445 1631
16 1153 1726 1863
877 1344 1449 1674
771 1918 1939 1973
1040 1323 1858 1949
927 1037 1701 1843
946 1713 1861 1972
14 1451 1692 1940
579 1808 1943 1968
986 1486 1731 1986
724 1220 1268 1546
701 1678 1792 1947
585 1131 1224 1748
873 1036 1395 1401
192 1463 1477 1732
271 489 914 1532
172 853 1439 1795
51 1880 1949 1980
1639 1856 1904 1924
1224 1345 1509 1724
717 1757 1865 1971
244 1108 1221 1267
744 1075 1098 1552
130 901 1308 1859
1072 1280 1935 1942
69 514 789 833
278 1743 1821 1884
1412 1594 1637 1783
859 1807 1872 1877
790 1040 1306 1645
1275 1635 1742 1917
648 994 1151 1990
968 1967 1984 1986
1138 1524 1764 1932
1597 1772 1929 1987
256 1230 1357 1963
340 1108 1646 1722
1615 1821 1866 1873
1185 1682 1751 1958
1528 1965 1966 1992
657 1588 1771 1990
83 901 1023 1214
248 1956 1986 1995
450 1416 1640 1821
411 728 1086 1783
437 917 1422 1434
649 1704 1909 1929
292 1820 1884 1898
963 1597 1649 1722
854 1231 1289 1929
1506 1822 1856 1871
657 970 1249 1924
1556 1926 1948 1964
597 1347 1617 1969
581 1808 1849 1995
363 1480 1766 1963
14 1547 1866 1992
437 1471 1698 1723
1472 1717 1807 1981
461 852 1525 1897
878 1269 1570 1625
1518 1901 1937 1950
1154 1719 1821 1891
1842 1965 1981 1981
1478 1494 1799 1829
1272 1711 1806 1947
478 1123 1633 1777
504 704 1929 1972
112 1091 1425 1446
438 799 1410 1876
1175 1272 1344 1398
183 434 1915 1941
533 1443 1661 1797
1526 1641 1682 1806
423 1101 1765 1798
709 1088 1281 1563
338 1387 1559 1579
1292 1751 1862 1932
116 1971 1981 1993
1558 1891 1958 1991
1084 1302 1580 1921
777 1085 1366 1545
613 1703 1852 1869
448 1105 1160 1162
115 323 585 1502
718 1832 1840 1941
250 1796 1921 1967
707 813 1903 1978
337 1811 1833 1859
478 1134 1406 1522
1578 1666 1922 1961
440 1084 1301 1483
1231 1815 1819 1869
295 1622 1793 1899
269 1784 1811 1934
1506 1725 1758 1819
413 655 1351 1517
823 1019 1637 1703
898 1070 1125 1627
725 1377 1569 1645
24 1692 1738 1742
19 940 1097 1415
1705 1988 1992 1995
19 983 1065 1249
706 1058 1188 1342
466 1510 1592 1797
870 1226 1691 1755
86 1752 1871 1939
1563 1743 1892 1977
174 1091 1095 1498
239 688 1371 1793
1423 1474 1542 1912
200 720 988 1288
605 1365 1660 1972
1183 1485 1573 1697
204 1986 1988 1992
323 1353 1638 1817
148 1931 1950 1980
1354 1588 1718 1788
877 884 1173 1350
314 1385 1561 1688
1093 1893 1906 1933
458 1869 1874 1948
834 1413 1587 1667
26 78 1155 1303
45 64 510 907
673 1310 1566 1936
538 1060 1366 1881
541 1058 1419 1994
821 1281 1593 1896
829 1935 1956 1964
1184 1949 1979 1990
280 1107 1529 1800
942 1832 1965 1966
414 975 1787 1854
1480 1741 1778 1819
1189 1402 1557 1881
1063 1264 1557 1607
2 1277 1422 1866
449 596 1211 1774
1027 1391 1750 1810
1199 1836 1869 1972
127 1415 1553 1724
1120 1379 1520 1731
291 1866 1879 1912
1431 1743 1818 1959
633 1648 1847 1907
1546 1955 1960 1987
199 1034 1417 1824
1763 1868 1883 1982
644 1847 1897 1957
664 1523 1623 1698
1053 1290 1435 1902
371 1770 1951 1955
734 1037 1553 1582
775 1118 1169 1729
670 1647 1905 1934
1778 1985 1987 1992
697 1726 1757 1888
793 986 1111 1644
1374 1606 1662 1689
1021 1397 1533 1918
887 968 1111 1661
462 1141 1149 1480
372 563 963 1553
285 1308 1374 1995
1218 1847 1901 1977
1868 1912 1962 1977
218 850 902 1124
1413 1789 1812 1817
1222 1577 1886 1916
1405 1674 1780 1900
576 1331 1771 1851
635 1982 1984 1994
310 1790 1862 1908
437 1573 1736 1875
602 885 1018 1179
1326 1638 1787 1934
754 1050 1076 1597
1457 1703 1835 1838
1412 1658 1876 1916
1201 1934 1957 1974
1621 1631 1741 1747
1678 1726 1869 1936
846 1033 1396 1574
510 1335 1732 1845
137 529 815 1912
436 1877 1950 1990
1360 1399 1594 1919
827 1345 1509 1612
1185 1625 1628 1922
49 590 1066 1300
123 1374 1669 1931
127 1580 1774 1875
1206 1852 1903 1935
625 1730 1763 1872
696 1276 1324 1619
1360 1934 1990 1995
992 1981 1985 1986
977 1202 1246 1316
1042 1294 1722 1950
1228 1407 1542 1852
642 1261 1592 1607
1119 1363 1668 1774
18 1638 1746 1944
257 597 1102 1841
174 1815 1848 1913
382 1089 1206 1255
156 951 1280 1353
53 1388 1671 1757
1867 1945 1973 1982
1214 1321 1653 1935
957 1785 1853 1876
940 1107 1324 1915
877 1413 1481 1614
216 411 898 1854
43 1556 1680 1887
168 1329 1777 1943
1191 1752 1828 1855
1068 1078 1124 1441
994 1242 1592 1809
774 1417 1567 1602
642 721 1278 1804
469 590 605 1135
622 1398 1484 1956
1528 1564 1709 1887
96 760 928 1330
889 1206 1632 1909
420 1709 1755 1943
558 708 1851 1896
1076 1677 1762 1872
232 761 1369 1444
241 1777 1836 1981
486 1913 1971 1978
431 761 800 1876
20 1958 1970 1973
767 1813 1878 1920
419 1407 1612 1852
693 1219 1792 1977
281 1726 1811 1865
1590 1716 1764 1883
130 346 754 1313
150 1166 1508 1749
180 1166 1559 1987
72 1517 1654 1786
643 1265 1625 1751
1565 1592 1744 1910
1174 1867 1896 1988
215 887 1182 1702
104 771 815 1625
888 1701 1826 1862
357 986 1486 1723
1650 1732 1791 1829
73 1371 1413 1500
1414 1512 1586 1829
595 1934 1971 1984
93 419 1279 1437
1567 1868 1875 1981
690 1234 1539 1970
345 943 1015 1133
1024 1937 1941 1978
432 892 1109 1523
591 1095 1463 1505
304 1357 1469 1808
51 604 724 1953
371 1674 1675 1922
53 487 1046 1728
437 1708 1774 1909
767 967 1183 1826
783 1304 1651 1759
88 1390 1867 1955
550 1852 1868 1943
701 736 908 1271
604 1327 1700 1764
313 1333 1397 1913
281 959 997 1243
977 1286 1707 1755
137 1728 1896 1934
1340 1410 1413 1978
41 668 930 1919
918 1067 1955 1991
763 1411 1610 1875
1206 1561 1842 1910
201 1487 1536 1864
332 1798 1897 1989
262 1559 1654 1786
1551 1676 1827 1935
631 1256 1561 1906
616 1893 1941 1977
220 863 1136 1851
680 1416 1612 1974
402 875 958 1915
1207 1872 1890 1924
206 1832 1833 1910
1436 1609 1622 1956
182 216 292 1804
262 313 1404 1655
186 1306 1356 1633
435 934 1150 1700
1565 1748 1857 1990
488 1476 1525 1735
1457 1701 1723 1760
869 1186 1530 1692
413 1967 1981 1983
900 1302 1371 1439
17 1926 1928 1937
137 635 964 1937
1663 1771 1890 1916
83 1938 1979 1993
612 636 1336 1886
624 1798 1873 1879
467 1140 1313 1700
654 1201 1415 1768
681 1800 1921 1971
1790 1966 1971 1983
407 1537 1816 1948
480 1690 1726 1959
1593 1676 1758 1911
65 1217 1364 1601
649 1445 1492 1681
305 770 962 1419
198 391 1055 1072
626 1599 1744 1944
699 1452 1484 1822
284 1573 1614 1650
457 1434 1648 1925
944 1190 1230 1848
1223 1357 1456 1506
1259 1767 1832 1838
93 1768 1832 1976
1010 1409 1771 1871
725 911 1630 1788
119 555 1008 1735
529 831 1252 1429
799 1364 1553 1716
139 435 621 782
357 1925 1945 1987
1709 1887 1912 1927
501 920 1211 1386
1106 1965 1975 1982
602 1671 1824 1993
61 246 822 1435
892 1041 1116 1166
85 1453 1554 1624
308 1890 1906 1911
546 1838 1904 1932
426 1436 1544 1876
1033 1377 1492 1894
127 1040 1751 1866
160 188 1421 1472
807 1568 1836 1954
1722 1967 1977 1980
336 888 1023 1349
74 1166 1322 1702
88 1253 1617 1688
324 1651 1800 1947
960 1712 1736 1945
992 1911 1952 1960
57 980 1009 1538
189 414 1225 1463
849 1009 1383 1976
435 1454 1780 1898
22 463 964 1877
228 766 1373 1608
59 1992 1993 1994
552 1208 1579 1623
1092 1284 1312 1839
1604 1757 1782 1784
849 1195 1310 1487
819 1468 1915 1970
1242 1473 1593 1599
595 978 1888 1908
425 966 1073 1933
301 686 874 1904
549 1351 1465 1758
1677 1795 1855 1951
495 1791 1827 1971
309 632 633 1415
1052 1600 1633 1909
8 1290 1354 1966
201 1286 1431 1944
1282 1341 1920 1969
184 491 519 1400
193 609 979 1153
724 1820 1887 1914
419 1153 1207 1909
185 476 1073 1674
835 1265 1390 1907
199 1955 1965 1988
1436 1884 1890 1957
461 1760 1843 1851
276 386 840 1786
122 235 920 1325
446 715 1074 1452
242 885 1493 1790
798 1542 1934 1960
620 1026 1418 1951
1250 1313 1830 1968
1220 1244 1828 1960
469 504 727 1457
944 1451 1668 1812
736 1287 1827 1866
207 948 1448 1557
379 1375 1529 1799
154 608 800 1111
602 1134 1761 1784
8 440 679 1657
206 281 1386 1456
488 1702 1801 1880
735 1213 1567 1772
956 1332 1723 1879
328 823 991 1847
981 1441 1662 1993
1021 1642 1802 1943
708 1837 1851 1937
203 466 1495 1540
879 1316 1362 1480
314 467 892 1961
101 1629 1852 1857
339 400 691 1536
1455 1931 1964 1973
1435 1904 1955 1958
595 646 1055 1294
688 828 988 993
1238 1432 1756 1887
62 1717 1860 1865
295 916 1297 1618
822 835 1286 1636
1292 1829 1904 1973
525 1284 1305 1915
254 700 1045 1678
461 1289 1678 1993
1419 1876 1920 1979
128 149 1508 1613
636 1147 1817 1843
552 684 688 1115
442 1451 1494 1734
1338 1644 1784 1916
354 1924 1967 1983
52 1187 1399 1802
459 703 1237 1496
1166 1218 1243 1584
962 1565 1619 1657
698 1427 1812 1867
566 1149 1372 1425
40 171 200 1290
1284 1288 1415 1841
393 1579 1694 1850
1444 1639 1786 1793
631 1747 1770 1876
1024 1197 1281 1833
311 681 711 1112
614 1730 1853 1941
1040 1116 1822 1895
778 1360 1670 1757
556 614 1098 1157
583 622 724 1987
220 251 1438 1631
655 1751 1781 1808
1162 1769 1861 1898
349 1765 1794 1885
1401 1944 1976 1980
479 1674 1721 1794
349 472 908 1204
245 1168 1506 1626
919 1854 1920 1966
140 1157 1526 1792
29 176 223 519
814 1977 1983 1993
163 1646 1906 1966
1701 1856 1884 1901
413 781 1104 1429
1511 1710 1767 1820
637 1185 1773 1971
265 333 1421 1846
1262 1931 1935 1985
411 771 1731 1832
205 1663 1671 1837
136 1838 1859 1891
1391 1852 1896 1950
201 1234 1267 1754
245 1271 1726 1927
578 1536 1666 1908
683 1332 1621 1733
559 1187 1362 1814
1176 1353 1613 1843
183 445 510 828
1076 1489 1638 1835
1393 1718 1775 1796
687 1182 1538 1743
1047 1502 1583 1927
285 531 1321 1852
37 1676 1948 1980
551 824 1521 1807
247 1823 1835 1960
138 1377 1746 1892
663 858 1123 1337
554 1938 1962 1993
280 798 1461 1839
886 1468 1575 1983
468 596 1561 1810
1275 1502 1531 1840
195 642 1407 1916
871 947 1568 1646
352 1461 1574 1779
1311 1735 1856 1948
350 1374 1666 1806
1340 1692 1882 1994
1433 1786 1863 1921
84 564 1732 1970
191 571 809 1372
171 1581 1776 1918
123 431 791 1768
1481 1737 1740 1820
1370 1942 1967 1992
1290 1784 1815 1855
225 942 1299 1428
1162 1167 1377 1833
1508 1903 1933 1993
1127 1849 1977 1978
1198 1914 1921 1924
276 1647 1648 1764
576 1268 1439 1580
26 1062 1700 1747
1258 1612 1900 1911
14 359 898 1350
1350 1589 1980 1991
602 1093 1571 1611
1179 1525 1730 1792
335 959 984 1012
1491 1508 1551 1702
1327 1603 1633 1715
590 1205 1325 1834
193 1665 1675 1878
124 1448 1581 1908
320 774 1835 1947
1451 1580 1814 1928
797 1259 1630 1991
951 1498 1658 1781
1150 1317 1334 1607
373 1241 1337 1502
1175 1228 1489 1522
823 1442 1730 1784
879 1023 1737 1954
1340 1565 1704 1971
1470 1557 1611 1631
86 1083 1565 1687
3 17 810 1715
1330 1440 1648 1895
742 1738 1746 1896
195 1529 1569 1828
129 289 813 1992
669 1253 1388 1915
57 153 703 881
117 1840 1860 1907
254 1252 1412 1874
1504 1525 1730 1918
593 881 951 1123
1172 1245 1271 1798
1099 1664 1938 1992
971 1663 1695 1739
314 1138 1331 1912
1366 1781 1858 1869
763 1746 1871 1901
157 1970 1975 1987
892 1530 1538 1749
1284 1305 1417 1688
345 1348 1455 1814
419 751 1661 1704
1910 1969 1972 1979
531 629 990 1702
418 672 1260 1272
859 1952 1965 1984
523 1630 1636 1915
282 390 1042 1167
740 1094 1106 1152
63 1593 1603 1719
273 1435 1773 1944
666 1020 1272 1893
382 932 1245 1492
498 646 969 1777
435 471 517 641
374 1777 1784 1915
1367 1686 1706 1727
486 1086 1212 1750
1512 1855 1883 1984
226 836 995 1388
124 1850 1864 1965
1004 1428 1494 1936
1633 1991 1993 1995
258 1739 1903 1992
1001 1742 1829 1837
232 1826 1884 1907
639 849 1152 1616
1915 1972 1989 1992
382 728 1372 1824
1106 1417 1548 1677
706 1384 1418 1646
1174 1192 1436 1784
272 781 1372 1967
403 1671 1910 1960
138 1652 1720 1970
114 1491 1602 1842
243 1414 1757 1795
78 619 833 1448
132 1503 1785 1837
778 848 1002 1612
1128 1850 1931 1978
1073 1571 1720 1956
383 1584 1736 1945
316 488 923 1720
1001 1523 1538 1610
1031 1599 1768 1848
128 1133 1301 1696
1193 1792 1891 1935
143 206 464 1990
867 1762 1782 1791
672 1098 1301 1581
347 1647 1796 1857
1096 1480 1639 1889
1472 1676 1804 1814
1597 1719 1851 1880
1585 1692 1743 1953
933 1428 1722 1949
223 424 972 1264
1443 1888 1956 1988
1487 1736 1832 1913
1102 1234 1772 1954
646 1481 1599 1796
503 1548 1572 1931
734 784 1149 1590
445 1167 1962 1970
963 1513 1815 1856
605 1693 1804 1926
223 1098 1582 1783
1089 1631 1683 1785
1020 1612 1648 1872
471 1470 1785 1959
498 1235 1396 1529
265 1433 1817 1902
1650 1866 1910 1967
300 746 1353 1852
1484 1949 1952 1980
302 1963 1972 1982
136 1116 1143 1198
216 1458 1892 1948
384 1816 1829 1847
1032 1928 1939 1944
461 1639 1953 1994
35 662 1625 1724
506 1903 1972 1979
716 1743 1891 1970
915 998 1012 1191
986 1375 1514 1976
435 859 1299 1815
359 1926 1934 1987
832 1503 1518 1730
224 1280 1794 1977
194 1866 1884 1921
486 1853 1884 1902
653 1333 1654 1769
1476 1687 1727 1976
468 1338 1515 1898
668 1935 1947 1948
149 1203 1228 1500
960 1335 1555 1669
366 1922 1966 1982
66 1235 1480 1778
193 1979 1987 1992
341 650 1427 1992
1009 1088 1279 1859
408 1071 1835 1969
1155 1431 1483 1892
11 1576 1691 1760
1087 1798 1884 1893
336 1167 1385 1440
24 546 987 1528
430 1636 1738 1767
1319 1503 1646 1706
908 1771 1826 1978
530 1719 1756 1824
144 1351 1618 1951
369 1335 1521 1701
691 1463 1705 1860
1200 1546 1620 1945
636 722 785 1560
1175 1628 1763 1933
185 983 1549 1622
142 1857 1867 1916
736 1209 1242 1338
666 766 1470 1620
424 1051 1457 1888
1167 1780 1949 1994
1285 1733 1743 1745
861 1735 1858 1943
510 1858 1887 1940
85 710 830 1269
1721 1726 1748 1823
1792 1952 1964 1988
366 1122 1196 1379
257 1614 1619 1725
1086 1322 1349 1870
892 1397 1740 1870
904 1435 1689 1696
379 392 1707 1977
1323 1567 1639 1746
95 1284 1494 1665
738 1149 1239 1377
770 1911 1926 1933
34 663 1131 1251
56 978 1495 1831
963 1863 1965 1980
831 1927 1964 1984
1210 1737 1823 1924
726 1034 1719 1917
192 1051 1651 1888
522 1705 1731 1831
1255 1551 1643 1887
105 817 1276 1446
335 800 1106 1737
396 1198 1610 1771
1068 1460 1647 1717
1404 1542 1829 1850
882 1209 1448 1934
107 1347 1409 1577
410 711 824 1420
1885 1976 1983 1995
1297 1960 1961 1993
571 1661 1751 1851
858 1469 1543 1882
854 964 973 1031
1332 1533 1735 1790
845 869 1259 1542
94 1600 1608 1614
41 1058 1081 1915
267 1969 1981 1990
234 1544 1555 1876
129 1660 1729 1900
684 1693 1727 1748
244 1703 1849 1978
1412 1730 1824 1833
1203 1443 1533 1828
429 600 708 762
37 1064 1220 1652
687 1870 1948 1986
589 753 912 1892
1212 1389 1691 1751
669 1552 1782 1852
2 1659 1881 1895
170 1505 1610 1643
583 1832 1838 1989
308 1469 1826 1958
59 1069 1166 1928
410 1920 1946 1967
247 1869 1968 1974
924 1044 1100 1772
543 1191 1515 1877
555 1523 1559 1839
161 242 377 1109
1299 1746 1778 1788
251 625 717 1447
737 947 1436 1884
589 1025 1425 1567
51 586 1208 1635
951 1545 1588 1969
218 1317 1342 1499
167 949 1803 1974
908 975 983 1402
1686 1993 1994 1995
860 1395 1396 1532
942 1264 1557 1675
521 1515 1905 1973
568 1490 1579 1972
1764 1971 1975 1983
715 1369 1562 1577
33 1339 1508 1896
881 1625 1698 1821
689 1794 1828 1991
1090 1254 1698 1892
275 1783 1927 1953
964 1001 1062 1356
1064 1179 1337 1499
1095 1265 1644 1901
462 803 827 1536
254 735 932 1563
640 1320 1528 1793
112 1257 1298 1432
452 1260 1764 1776
1338 1939 1951 1958
134 731 881 1250
523 764 1418 1597
226 952 1172 1814
517 971 1612 1935
860 1442 1614 1891
254 1538 1780 1908
152 1721 1826 1949
604 1905 1917 1919
1721 1746 1784 1809
441 1934 1952 1959
1263 1738 1758 1850
1447 1606 1681 1845
652 1711 1947 1983
206 609 860 1679
741 1498 1902 1931
761 1221 1262 1836
271 1304 1485 1987
52 326 1434 1703
1124 1597 1662 1935
213 1130 1451 1738
240 1777 1876 1972
1236 1810 1892 1982
23 650 1095 1164
856 1635 1734 1894
7 523 807 820
713 1109 1215 1342
937 1215 1344 1819
1409 1451 1676 1743
1763 1885 1903 1913
15 122 719 1046
1481 1648 1713 1804
583 1754 1875 1893
124 818 1354 1383
426 949 1435 1809
256 705 1017 1947
1316 1848 1851 1956
391 1024 1488 1829
1128 1368 1569 1644
1257 1774 1801 1967
892 1806 1971 1983
1287 1466 1629 1736
596 1661 1739 1897
198 897 1474 1924
1787 1907 1942 1960
421 893 1401 1921
783 877 1025 1633
1014 1607 1793 1799
1416 1979 1980 1987
344 1911 1952 1980
410 1352 1650 1755
111 1547 1617 1638
236 1349 1738 1780
563 1145 1185 1976
822 1981 1982 1993
741 1534 1881 1919
81 194 931 1720
624 1640 1770 1826
460 509 1257 1286
1222 1551 1552 1583
207 412 1412 1844
209 1537 1663 1690
2 1211 1767 1950
254 302 606 775
1318 1888 1954 1968
668 814 1671 1965
654 1878 1897 1983
251 1436 1591 1670
294 1739 1906 1966
429 1328 1388 1877
568 1003 1506 1869
1249 1568 1725 1954
54 173 617 1210
1158 1875 1927 1942
1131 1742 1801 1905
325 1738 1820 1831
1335 1804 1859 1972
445 1383 1397 1836
152 1914 1940 1978
977 1314 1352 1629
753 1110 1189 1229
1334 1530 1629 1892
1314 1350 1430 1929
86 1165 1704 1722
1023 1296 1883 1889
753 773 863 1725
262 1614 1649 1811
935 1977 1981 1983
1658 1687 1712 1827
99 494 811 1114
142 1931 1937 1992
662 1895 1940 1963
863 906 1096 1380
332 889 1241 1294
418 848 1022 1089
684 1345 1429 1805
181 906 1004 1557
764 1076 1184 1581
128 317 1207 1314
680 1022 1106 1442
1193 1258 1442 1736
1275 1366 1771 1932
67 1790 1891 1911
1102 1267 1596 1611
380 1921 1953 1983
167 1367 1860 1883
702 1296 1321 1947
618 1503 1525 1591
1721 1879 1976 1993
118 884 978 1177
324 767 1442 1574
404 1252 1351 1743
63 1443 1621 1652
967 1965 1971 1977
610 770 1581 1779
836 1365 1665 1975
433 1580 1645 1859
53 1701 1816 1851
1310 1806 1835 1931
280 1372 1682 1871
852 890 1404 1768
911 1124 1293 1758
56 1193 1197 1472
386 1029 1300 1400
590 1001 1553 1889
1175 1840 1905 1914
263 1688 1783 1926
1526 1619 1641 1978
792 1969 1987 1995
1268 1786 1859 1879
951 1826 1867 1970
854 1334 1371 1650
401 661 1430 1626
688 931 1079 1111
831 1203 1213 1817
811 1573 1708 1849
85 944 1134 1881
102 158 1128 1319
1093 1627 1809 1901
385 976 1139 1798
1374 1388 1716 1916
660 693 1120 1848
1285 1666 1686 1742
1174 1201 1538 1779
1349 1716 1727 1908
699 1408 1437 1956
24 1084 1584 1809
1316 1407 1518 1705
451 949 1017 1806
1624 1695 1714 1812
1457 1577 1676 1926
360 611 1807 1953
462 1339 1578 1655
160 1695 1719 1780
946 1502 1544 1818
874 1776 1949 1994
35 1288 1419 1586
489 935 1711 1879
873 1081 1661 1768
744 1118 1277 1961
394 443 936 1328
751 1567 1652 1656
449 780 846 934
1321 1329 1779 1988
589 1429 1837 1890
400 967 1068 1974
1028 1413 1896 1949
127 278 569 1585
1242 1294 1418 1920
1006 1509 1732 1758
873 1901 1922 1984
396 1356 1603 1791
1649 1920 1934 1947
195 1903 1910 1934
214 1246 1656 1986
446 1296 1625 1774
1647 1776 1890 1954
11 508 1533 1664
871 1575 1793 1988
504 1925 1934 1945
224 1405 1763 1939
715 1874 1914 1951
670 1287 1624 1892
789 1640 1733 1907
708 1765 1815 1908
95 1679 1832 1956
1103 1371 1459 1818
24 1237 1318 1614
365 1366 1614 1802
311 1911 1967 1982
134 844 1114 1167
542 592 769 939
1529 1616 1829 1951
639 668 1435 1540
1064 1625 1797 1965
278 378 610 1837
316 1676 1901 1981
341 660 670 1167
1028 1435 1549 1632
33 1341 1769 1796
576 656 1562 1979
6 1990 1993 1993
727 1374 1768 1784
48 882 928 1135
1050 1463 1573 1928
1401 1832 1835 1930
26 861 1634 1811
492 990 1197 1266
172 625 1531 1842
318 1451 1652 1870
545 837 1551 1711
433 1712 1866 1932
881 1640 1718 1873
896 1154 1402 1878
960 1909 1924 1970
46 1910 1978 1984
608 1355 1862 1972
917 1145 1837 1972
188 763 936 1914
91 1235 1496 1713
399 502 1038 1215
1404 1425 1572 1819
716 1842 1872 1928
1163 1479 1692 1912
735 1220 1672 1898
605 872 1070 1846
81 1727 1815 1831
1164 1340 1792 1900
625 1236 1434 1473
182 1062 1540 1591
112 799 973 1122
201 1582 1902 1961
747 1530 1717 1879
82 1330 1351 1534
1497 1679 1807 1993
1261 1904 1965 1988
782 1461 1570 1807
1645 1690 1920 1971
284 1912 1933 1963
539 992 1474 1502
339 804 1367 1629
201 1692 1785 1808
1112 1358 1459 1546
1542 1970 1984 1992
808 1185 1219 1501
1079 1863 1865 1882
1102 1481 1597 1690
622 1202 1261 1756
368 407 973 1893
566 1537 1727 1876
244 1400 1467 1564
1357 1747 1800 1937
310 886 1247 1574
1779 1793 1801 1966
377 577 717 1776
170 1729 1787 1981
1029 1908 1927 1954
1459 1576 1798 1882
817 1884 1908 1961
657 1938 1983 1986
465 855 1278 1736
562 1080 1180 1913
207 1020 1042 1449
556 1513 1520 1864
182 1199 1385 1826
203 888 1615 1886
885 1069 1082 1406
32 1293 1338 1791
408 1590 1633 1875
842 1403 1533 1548
751 1538 1631 1898
166 1543 1629 1987
968 1589 1673 1753
481 1928 1963 1972
1304 1353 1589 1631
332 1785 1804 1815
1112 1792 1802 1821
897 1948 1987 1988
1398 1824 1895 1952
1586 1801 1962 1978
393 1055 1281 1641
417 1927 1940 1968
609 1009 1142 1247
410 1606 1617 1666
238 864 1064 1119
434 519 986 1752
893 1067 1325 1477
1116 1961 1968 1971
977 1752 1876 1967
943 1794 1891 1974
809 919 1223 1551
77 1497 1755 1897
54 1847 1861 1943
485 815 959 1516
295 890 1093 1604
1104 1214 1277 1496
754 1269 1470 1759
296 1084 1123 1526
505 947 1323 1891
1902 1989 1990 1995
119 1607 1741 1914
1449 1519 1684 1955
1180 1580 1703 1783
533 1236 1383 1915
151 673 805 1304
1502 1733 1840 1953
1158 1597 1676 1922
369 1013 1732 1824
1479 1617 1755 1811
853 1857 1869 1935
873 1159 1395 1807
343 1278 1403 1521
537 1286 1629 1763
656 1281 1387 1859
788 944 993 1855
1056 1803 1813 1826
60 637 1111 1268
153 678 714 1136
419 1431 1599 1719
118 546 1821 1947
816 1726 1842 1875
554 732 1044 1743
623 957 1190 1795
1013 1064 1851 1881
755 1988 1991 1993
394 1615 1688 1706
413 1984 1986 1986
768 1975 1976 1983
128 541 1201 1944
1343 1742 1828 1912
236 747 1944 1961
1785 1915 1966 1988
619 1715 1814 1857
1140 1460 1746 1970
230 1903 1946 1947
1645 1834 1866 1893
1200 1640 1732 1972
526 1249 1366 1758
429 1965 1992 1993
232 1483 1573 1880
267 1666 1958 1993
1000 1416 1685 1745
440 1536 1624 1955
55 143 925 1306
1518 1684 1740 1855
576 1570 1610 1762
909 1315 1507 1838
423 514 957 1826
1683 1727 1896 1900
680 1651 1795 1898
301 687 714 1652
781 1035 1491 1891
169 342 1361 1412
1345 1960 1976 1977
785 1680 1948 1977
701 1413 1487 1629
231 448 576 1172
1031 1389 1467 1856
452 1087 1331 1497
1481 1668 1788 1871
68 1714 1909 1993
968 1518 1936 1961
20 1907 1940 1943
945 1153 1564 1675
163 861 1117 1963
22 561 1526 1656
1509 1643 1705 1980
564 1111 1694 1945
102 1756 1854 1883
591 1840 1908 1959
508 1735 1769 1984
64 572 1436 1853
846 1125 1647 1879
1001 1599 1719 1839
1625 1766 1864 1870
991 1515 1639 1979
810 853 1228 1908
966 1141 1713 1766
720 1774 1841 1874
927 1655 1713 1909
93 694 1522 1584
424 1390 1533 1666
577 611 1122 1862
77 1283 1562 1986
1165 1349 1464 1748
261 1273 1474 1622
110 1956 1970 1995
970 1397 1653 1901
86 1158 1613 1802
528 1464 1487 1862
672 1429 1909 1956
136 594 803 1926
1836 1893 1911 1955
397 710 922 1156
313 1159 1390 1459
410 1382 1395 1978
153 395 1082 1972
1540 1818 1952 1995
49 377 1068 1656
1298 1332 1501 1757
63 279 1174 1389
332 758 1023 1068
608 1506 1884 1938
75 326 454 1719
426 824 1061 1357
931 1164 1517 1686
241 1248 1249 1596
970 1096 1427 1876
202 895 1784 1912
678 912 1521 1975
255 365 627 1730
1565 1852 1878 1880
39 1062 1083 1480
592 1663 1814 1818
842 1964 1993 1993
587 1556 1763 1769
1015 1582 1772 1784
1345 1672 1962 1967
850 1348 1836 1942
564 1259 1551 1789
1078 1570 1914 1984
1431 1902 1951 1964
102 1428 1462 1468
587 1670 1954 1962
309 426 674 803
399 1354 1388 1448
526 1264 1699 1846
205 623 1716 1915
531 1250 1258 1873
15 342 448 1620
919 981 1059 1842
964 1819 1867 1972
659 1792 1947 1980
1068 1288 1507 1885
963 1550 1619 1682
150 431 1059 1389
1507 1766 1900 1985
699 1629 1937 1947
503 1790 1840 1853
684 1694 1877 1953
1498 1717 1745 1907
247 791 958 1956
197 1774 1917 1934
256 394 1542 1599
1300 1969 1980 1991
1615 1721 1760 1762
665 1622 1795 1954
1883 1953 1959 1969
1455 1612 1677 1930
266 701 1058 1828
576 1430 1566 1830
1194 1783 1888 1905
632 1683 1797 1899
43 324 960 1117
1359 1917 1933 1955
29 543 727 1720
1211 1924 1938 1964
1198 1679 1756 1796
213 1213 1751 1910
792 1972 1984 1986
965 1868 1884 1920
232 669 856 1877
109 1444 1843 1924
821 1051 1289 1842
462 1543 1610 1905
670 1017 1382 1462
604 1605 1633 1729
1220 1654 1748 1827
1309 1547 1600 1708
133 430 1283 1833
278 1166 1281 1989
412 1216 1594 1628
208 1186 1410 1742
267 572 832 955
1658 1880 1890 1980
250 1500 1517 1613
397 820 1161 1857
1037 1516 1910 1993
109 915 1078 1189
847 1809 1864 1887
262 1790 1864 1906
413 1556 1811 1986
485 810 1153 1610
1045 1939 1944 1992
232 1962 1977 1988
1320 1331 1653 1863
419 1087 1342 1905
258 518 1153 1546
260 938 1279 1457
1181 1205 1410 1712
1145 1851 1962 1982
999 1483 1655 1679
86 535 724 1318
490 887 1127 1772
1347 1367 1546 1852
1424 1924 1964 1992
925 1574 1775 1900
1299 1377 1448 1515
1676 1723 1791 1978
1177 1934 1942 1945
615 1824 1874 1964
205 363 478 540
479 1400 1420 1956
1192 1514 1811 1982
13 998 1709 1771
144 318 611 900
134 1515 1678 1832
980 1088 1637 1754
313 1872 1882 1977
735 1451 1696 1982
1662 1942 1972 1975
821 1878 1936 1978
208 580 1169 1473
765 961 1119 1444
559 1748 1917 1952
672 1757 1910 1979
383 604 1330 1935
147 1986 1989 1993
229 1795 1805 1983
1021 1348 1640 1873
280 1266 1359 1962
714 969 1253 1769
246 916 979 1833
465 1663 1905 1935
1958 1994 1995 1995
1051 1222 1304 1972
20 712 1169 1423
468 706 1167 1682
1765 1959 1962 1988
749 1422 1514 1871
552 1764 1953 1965
1198 1538 1758 1922
1234 1834 1967 1969
915 973 1229 1348
81 1146 1213 1572
293 1191 1725 1770
1090 1884 1885 1971
181 1172 1365 1496
247 1231 1337 1455
914 1323 1675 1759
1465 1561 1588 1838
1408 1613 1738 1973
1884 1976 1993 1994
1219 1763 1805 1855
167 763 1341 1946
265 1988 1990 1990
788 947 1103 1386
155 1043 1297 1568
63 1141 1602 1967
541 1326 1633 1983
859 1451 1627 1743
203 348 653 1660
553 954 969 1190
661 1297 1521 1934
322 544 776 815
964 1783 1886 1982
1023 1157 1489 1519
122 1869 1940 1946
673 1048 1392 1938
374 880 989 1946
143 503 1108 1617
286 1485 1628 1914
13 192 454 1515
851 1823 1860 1926
1247 1557 1627 1723
372 1655 1687 1923
218 1487 1572 1923
215 669 906 1487
840 1662 1879 1919
1262 1447 1750 1767
369 947 1748 1873
750 1281 1318 1398
1500 1656 1674 1745
752 779 841 1550
33 267 722 1174
183 242 376 1662
133 1665 1719 1732
786 1961 1983 1990
425 640 779 1496
477 900 1154 1332
974 1475 1524 1846
182 451 760 1476
1187 1429 1569 1624
1168 1239 1441 1895
983 1433 1753 1771
491 581 920 991
996 1416 1741 1992
1256 1613 1753 1933
1480 1612 1856 1929
412 1327 1338 1942
45 1368 1762 1849
101 347 447 688
55 616 879 1919
1579 1833 1851 1981
75 1367 1625 1779
886 1386 1544 1964
144 393 1787 1801
185 1162 1400 1468
380 1284 1571 1917
832 1394 1534 1777
95 630 1098 1177
464 1829 1864 1989
1732 1754 1779 1884
723 1608 1641 1781
578 960 1498 1885
325 432 1241 1822
81 871 1538 1775
420 432 1257 1840
97 1671 1898 1911
1520 1673 1688 1827
1480 1850 1869 1972
132 269 607 1664
638 1309 1765 1942
342 813 1781 1985
432 857 1429 1439
2 465 1352 1971
1266 1529 1823 1870
1641 1883 1924 1953
813 1035 1173 1851
966 1857 1900 1992
901 1406 1551 1711
214 1958 1982 1994
779 1033 1217 1332
364 1638 1679 1839
114 1920 1957 1980
51 584 1326 1404
210 1808 1810 1836
177 1716 1744 1959
1636 1963 1976 1988
238 304 841 1095
2 1689 1861 1908
251 1400 1484 1508
990 1111 1299 1922
139 1872 1980 1990
40 1113 1444 1770
247 503 737 1660
104 1688 1812 1981
647 1424 1676 1886
646 1199 1227 1808
867 1563 1761 1915
1057 1814 1880 1987
230 516 670 1945
563 1255 1571 1984
648 1855 1951 1966
339 1683 1688 1879
656 892 1011 1803
905 1873 1935 1936
622 806 1124 1579
1078 1873 1936 1979
1203 1251 1291 1770
733 1379 1706 1974
37 621 1036 1142
1607 1637 1733 1831
704 860 1583 1596
235 397 432 1023
1405 1751 1800 1871
126 454 1039 1511
1203 1425 1656 1774
61 718 1576 1824
748 1850 1854 1885
867 1060 1194 1537
116 378 1753 1970
169 1651 1697 1785
1030 1190 1340 1817
646 804 824 1655
991 1032 1125 1946
870 1073 1105 1709
635 1123 1396 1818
94 565 986 1378
404 1408 1671 1809
750 1352 1711 1791
937 1478 1566 1634
273 1131 1338 1830
1438 1439 1661 1823
1225 1504 1588 1848
775 1475 1497 1747
87 1887 1909 1926
856 1245 1685 1892
800 1867 1917 1993
709 1962 1979 1992
1356 1794 1829 1954
824 1242 1319 1440
126 1164 1416 1781
262 1422 1480 1530
1347 1761 1889 1903
1077 1601 1627 1701
187 915 1095 1746
731 1452 1514 1913
1615 1979 1983 1995
370 1580 1894 1910
5 1007 1570 1776
1613 1910 1918 1969
293 1856 1926 1968
1920 1959 1978 1995
50 673 767 1480
1007 1706 1720 1757
180 1023 1228 1615
477 1090 1407 1521
205 1334 1599 1763
498 1427 1463 1509
182 228 825 1304
561 1324 1455 1823
288 1872 1912 1994
1314 1330 1559 1956
345 541 1574 1729
668 1056 1566 1690
700 1628 1629 1992
1117 1821 1939 1976
116 510 796 1985
372 379 1042 1970
258 1581 1908 1949
781 946 1119 1890
172 949 1475 1840
1047 1203 1532 1835
888 953 1424 1636
1445 1646 1744 1759
254 1894 1926 1976
311 1617 1838 1919
328 1555 1876 1916
743 1807 1912 1963
380 515 623 1944
1408 1783 1889 1981
854 1832 1919 1940
67 336 694 1784
272 1777 1864 1913
206 563 1088 1287
1259 1601 1796 1825
878 1391 1476 1798
1129 1903 1920 1924
345 1676 1681 1841
329 673 1775 1969
465 1094 1350 1949
1400 1699 1851 1886
76 649 1812 1970
421 600 700 1644
889 911 1203 1284
599 838 845 1751
507 787 1384 1617
875 1552 1754 1852
1373 1488 1489 1851
1138 1210 1284 1352
481 1715 1778 1921
1078 1182 1668 1985
188 1272 1476 1726
251 1601 1602 1623
250 609 662 1390
788 1530 1739 1817
725 1673 1813 1880
827 1457 1781 1866
1596 1865 1873 1887
1213 1811 1855 1918
326 1426 1613 1754
1126 1367 1505 1776
984 1332 1506 1933
15 1865 1895 1918
69 494 894 963
560 1270 1526 1753
1722 1980 1985 1985
605 1117 1706 1851
765 1802 1842 1856
1147 1706 1748 1918
881 1793 1977 1984
1017 1143 1434 1986
798 962 1100 1733
1128 1574 1733 1989
148 719 1029 1993
1015 1638 1801 1892
1294 1724 1896 1918
291 1686 1711 1971
990 1639 1782 1966
474 1002 1754 1896
4 1870 1925 1947
657 1581 1719 1725
392 1194 1636 1821
1156 1169 1476 1942
138 1359 1564 1603
890 1418 1485 1719
470 1533 1668 1734
959 1108 1121 1846
1454 1733 1771 1994
895 1710 1849 1928
764 1271 1444 1600
985 1746 1794 1991
779 1682 1727 1979
770 1732 1796 1917
1689 1957 1988 1995
151 1867 1879 1987
543 1417 1463 1559
872 1142 1704 1791
1400 1678 1944 1960
914 1842 1847 1931
662 1188 1416 1959
1265 1830 1896 1983
867 1908 1923 1941
297 532 1131 1776
1013 1807 1898 1901
1443 1836 1972 1976
710 1529 1877 1886
801 833 960 1825
264 322 1374 1417
1413 1512 1756 1923
774 993 1400 1529
604 641 1868 1872
773 1796 1850 1880
725 1901 1970 1992
505 741 962 1143
906 925 1317 1711
1084 1102 1179 1305
734 942 1581 1655
160 1064 1369 1575
63 1456 1574 1827
734 1768 1777 1881
957 1696 1724 1832
253 1055 1618 1741
1755 1886 1893 1924
35 1171 1210 1780
275 1803 1900 1947
464 825 1054 1580
1320 1464 1558 1908
476 997 1045 1255
473 1040 1280 1971
268 1937 1940 1943
1468 1766 1793 1887
1132 1885 1949 1965
248 1282 1782 1982
1362 1400 1527 1687
271 1318 1747 1982
1095 1512 1560 1913
627 904 1656 1721
154 887 1257 1915
687 1116 1716 1979
828 1219 1339 1588
1233 1521 1727 1981
223 967 1193 1921
355 998 1616 1889
389 589 1226 1371
607 1783 1814 1945
847 1661 1904 1905
82 1457 1512 1888
234 1590 1606 1851
194 1465 1764 1977
1105 1224 1264 1992
319 959 1161 1990
467 755 1449 1759
1119 1191 1321 1690
1351 1930 1940 1976
733 797 842 1306
51 1363 1835 1864
530 1256 1483 1903
1367 1962 1976 1976
768 907 1227 1298
527 1598 1643 1708
820 1593 1837 1878
198 699 873 1879
1789 1880 1884 1982
123 396 1240 1633
993 1913 1944 1988
77 858 1168 1401
189 348 445 1517
393 1543 1694 1936
689 1259 1635 1702
202 1783 1802 1994
970 1626 1818 1941
44 890 1103 1274
642 1008 1322 1905
342 1484 1765 1991
705 1440 1669 1918
510 708 954 1680
109 1038 1150 1213
1405 1786 1811 1960
1611 1812 1840 1992
968 1327 1497 1759
336 1492 1623 1656
941 1211 1573 1943
58 763 1699 1893
683 977 1578 1979
1352 1720 1721 1867
1537 1712 1957 1973
293 1004 1507 1809
1167 1545 1667 1879
796 1138 1636 1653
203 744 1253 1331
120 1267 1509 1511
224 445 1373 1808
1394 1643 1668 1882
187 878 1236 1512
460 852 1181 1807
1289 1608 1757 1795
577 1124 1224 1604
246 1107 1680 1956
1095 1423 1644 1762
41 1744 1849 1993
192 1606 1617 1867
54 1408 1660 1839
1037 1307 1508 1716
369 929 1454 1829
1323 1815 1897 1898
1609 1645 1763 1973
628 1991 1994 1995
651 1232 1504 1851
170 1900 1960 1963
409 810 855 1038
898 1349 1508 1713
275 460 1439 1951
697 1341 1442 1749
375 405 420 883
968 1938 1945 1949
655 1336 1500 1632
220 1663 1708 1783
938 1510 1701 1982
840 1744 1916 1956
582 812 1323 1622
774 892 1018 1519
36 896 1018 1603
1405 1743 1754 1981
691 1470 1761 1861
349 1984 1986 1993
556 852 1373 1799
855 1520 1586 1728
237 700 918 1935
751 1256 1426 1657
546 1464 1615 1910
133 176 1359 1676
255 1887 1960 1977
551 1371 1558 1995
1474 1601 1914 1982
536 1351 1450 1727
54 1525 1889 1963
603 1154 1700 1863
61 1009 1860 1914
1576 1858 1976 1976
781 1389 1455 1846
199 1002 1014 1325
413 1590 1609 1682
881 1139 1558 1594
223 1857 1876 1990
659 1380 1390 1965
177 438 949 1806
1115 1745 1820 1923
908 1798 1836 1875
258 524 786 1816
829 1065 1574 1584
204 657 1304 1626
621 1907 1952 1993
23 52 895 1645
466 1015 1743 1801
529 712 1519 1850
1081 1897 1929 1970
1839 1990 1991 1991
1156 1873 1981 1994
948 1961 1989 1992
338 1216 1364 1970
252 346 1285 1429
285 409 698 1684
255 1008 1042 1843
1476 1760 1801 1959
313 606 867 903
393 470 599 1749
455 1840 1921 1985
564 999 1013 1483
195 291 1536 1631
131 494 577 1992
464 1197 1883 1974
467 486 735 1942
111 1368 1737 1786
194 1658 1859 1951
76 1742 1775 1826
1173 1884 1948 1962
14 396 969 1545
175 1407 1410 1650
4 424 1099 1778
1585 1796 1897 1957
75 516 1805 1860
160 497 829 1113
1383 1950 1958 1995
1602 1975 1979 1983
908 1277 1295 1331
870 1318 1470 1993
764 905 1607 1788
299 1442 1471 1705
6 1954 1972 1990
552 1917 1919 1979
199 865 954 1165
1405 1869 1888 1934
542 1469 1742 1931
910 1650 1778 1845
173 1100 1401 1452
1519 1526 1590 1891
88 800 1596 1721
434 850 1094 1814
639 1984 1990 1993
14 912 1066 1279
178 1979 1990 1993
423 541 1134 1904
185 829 1119 1694
250 350 610 1070
430 463 832 905
690 1314 1383 1395
1166 1734 1803 1912
959 1482 1700 1986
528 1091 1544 1609
1029 1260 1558 1665
324 1534 1920 1962
889 1026 1044 1119
38 1675 1715 1846
25 1925 1943 1969
790 1358 1538 1647
66 1297 1302 1784
891 1281 1515 1930
1508 1756 1833 1877
360 889 1713 1966
347 467 1242 1376
432 1959 1990 1992
741 883 1258 1593
1604 1709 1829 1941
819 1800 1918 1951
174 1142 1401 1853
589 660 1284 1491
1610 1722 1822 1905
1311 1417 1809 1994
36 197 335 1042
430 741 959 1368
1343 1933 1947 1994
444 643 858 1030
853 1398 1665 1741
951 1846 1893 1943
465 568 628 795
253 1371 1666 1679
141 841 935 938
807 1957 1970 1992
59 1389 1477 1637
383 784 1554 1890
1432 1558 1633 1893
313 844 1222 1986
1435 1733 1953 1973
264 1101 1213 1682
596 1374 1536 1600
102 169 1348 1391
350 762 983 1721
624 809 954 1900
337 354 1223 1961
123 562 583 1163
370 706 1703 1740
623 1494 1690 1875
604 905 1119 1796
839 1063 1135 1245
195 697 1332 1702
256 507 1277 1877
24 1468 1711 1909
98 989 1441 1821
697 1794 1886 1926
603 1330 1706 1963
195 530 972 1219
124 1880 1932 1938
592 949 1147 1762
240 1481 1697 1850
554 1690 1761 1832
54 288 539 1590
578 1817 1970 1984
1085 1516 1604 1821
1540 1815 1879 1942
67 333 1762 1786
1040 1536 1568 1675
530 1892 1932 1942
1576 1964 1970 1970
1082 1206 1619 1688
200 1408 1514 1710
233 862 1520 1549
802 1311 1659 1858
305 1616 1629 1655
181 1200 1397 1612
39 1870 1895 1912
1020 1530 1531 1876
125 1566 1619 1814
842 1814 1928 1956
42 1332 1389 1925
115 908 1235 1790
804 1879 1947 1969
1073 1230 1530 1570
286 877 1692 1743
212 622 1244 1791
397 723 891 1201
1537 1673 1781 1850
449 1832 1856 1979
245 944 1676 1949
98 1820 1945 1964
1110 1120 1531 1870
1454 1867 1920 1925
816 1578 1620 1871
1629 1956 1990 1992
1132 1625 1813 1860
1498 1827 1897 1953
472 1306 1468 1772
606 645 1204 1227
650 1343 1510 1722
1316 1867 1920 1933
601 625 791 1312
719 900 1244 1298
35 453 775 1149
504 772 1282 1547
1460 1511 1656 1858
199 855 1063 1778
641 1888 1931 1995
585 1624 1910 1980
1365 1962 1976 1984
389 1355 1505 1853
1135 1637 1765 1832
609 1170 1187 1931
1597 1857 1918 1924
374 1036 1524 1844
259 1430 1451 1853
692 1139 1422 1460
1431 1898 1903 1948
121 1398 1428 1986
1414 1449 1820 1849
1267 1324 1451 1989
73 1140 1542 1625
783 1197 1366 1777
113 1648 1764 1888
692 718 1061 1779
901 1432 1741 1845
6 74 114 1410
823 1088 1125 1368
160 271 1141 1394
193 547 1094 1212
599 821 1047 1689
1278 1966 1968 1986
1077 1761 1868 1897
1713 1843 1904 1937
681 1164 1276 1740
1113 1144 1335 1899
482 1949 1959 1963
104 459 693 1057
814 1460 1594 1782
188 503 646 1033
573 1327 1786 1924
1662 1663 1799 1994
832 1760 1786 1922
208 621 1560 1728
394 1477 1555 1933
370 448 453 468
1619 1921 1944 1978
498 1665 1792 1822
1273 1727 1733 1782
625 1691 1736 1820
1564 1805 1899 1963
900 1536 1547 1592
401 1621 1693 1695
205 1834 1928 1978
576 1009 1480 1992
398 935 976 1060
105 308 739 1763
750 940 1291 1615
898 1161 1286 1554
1445 1709 1732 1734
782 1139 1589 1746
745 1371 1698 1933
1342 1582 1623 1895
809 1123 1866 1991
1013 1504 1814 1820
770 805 1387 1744
298 625 1075 1173
479 1485 1756 1824
514 1170 1292 1642
278 1328 1356 1548
213 214 221 1269
424 1676 1744 1771
67 1741 1867 1970
1325 1750 1928 1928
999 1651 1835 1967
987 1830 1844 1962
1010 1771 1777 1850
55 785 1018 1182
345 898 1287 1762
599 1907 1920 1944
576 776 1755 1809
224 258 943 1056
416 1248 1546 1905
552 1058 1142 1387
149 1281 1544 1935
197 1686 1778 1967
221 898 1013 1605
145 1623 1827 1981
643 1283 1490 1741
829 1766 1833 1882
897 1394 1677 1879
220 1253 1678 1708
12 379 1604 1705
1506 1657 1782 1793
20 315 347 1001
1295 1358 1653 1660
1470 1975 1976 1980
559 786 1525 1573
169 988 1031 1928
713 1057 1225 1371
124 767 1017 1732
1223 1795 1899 1963
1276 1619 1660 1841
18 1027 1645 1913
468 1968 1987 1992
1040 1801 1877 1939
709 713 1178 1739
654 1204 1483 1853
407 987 1409 1413
452 850 1255 1668
533 1374 1468 1623
463 1344 1352 1572
206 1411 1439 1888
830 1346 1514 1994
997 1055 1265 1946
603 1016 1355 1362
332 1773 1918 1976
256 1528 1904 1945
306 634 1225 1547
357 1436 1724 1847
459 1527 1801 1832
909 1901 1972 1983
650 1670 1760 1776
300 800 864 1350
450 1736 1925 1928
1108 1548 1760 1975
38 294 382 795
164 1033 1046 1977
753 821 916 1512
744 1887 1975 1990
270 548 1083 1338
58 547 663 849
1528 1937 1949 1995
1672 1772 1775 1795
76 1452 1492 1977
1559 1782 1900 1959
1303 1575 1668 1921
60 247 754 1763
1209 1933 1963 1980
808 1075 1842 1959
1554 1808 1863 1941
811 1260 1469 1502
1824 1991 1992 1993
221 1426 1718 1753
281 1983 1984 1995
329 763 960 1492
279 1178 1406 1761
814 1955 1989 1995
1752 1994 1995 1995
790 1464 1657 1736
391 961 1403 1823
562 626 1266 1821
1282 1523 1702 1765
417 1558 1667 1679
1106 1942 1966 1972
410 1125 1634 1873
1163 1824 1902 1919
25 1865 1916 1927
1014 1363 1407 1695
431 1106 1661 1790
958 1271 1414 1458
117 1361 1558 1747
742 857 1426 1609
946 1189 1287 1490
124 1351 1562 1650
1018 1254 1640 1969
1242 1985 1989 1994
1229 1786 1827 1942
753 1409 1525 1928
160 1029 1180 1228
1034 1126 1245 1916
631 1369 1437 1815
157 1228 1542 1832
450 932 949 1110
128 1751 1762 1792
85 834 1319 1812
473 684 892 1249
763 1014 1374 1818
66 906 994 1334
402 1273 1380 1927
363 763 911 962
828 1268 1483 1551
64 244 1309 1723
397 1924 1940 1972
424 1245 1330 1489
428 748 1354 1973
1180 1277 1872 1926
199 1510 1701 1979
489 1095 1271 1843
2 1776 1884 1918
377 1219 1404 1844
920 1529 1681 1765
496 1270 1504 1720
487 940 1126 1885
685 753 1617 1807
402 463 899 1953
233 1230 1807 1888
1688 1935 1962 1969
238 484 586 1701
1091 1603 1909 1915
2 1109 1171 1344
450 819 1514 1738
723 1942 1949 1958
580 823 1238 1267
432 1393 1901 1917
321 632 870 1993
315 1261 1638 1929
43 1840 1926 1956
762 1769 1791 1862
115 276 584 1920
256 1574 1662 1807
821 1849 1927 1977
963 1920 1952 1989
522 566 1695 1715
173 882 995 1133
245 1010 1328 1988
1406 1442 1632 1638
1197 1566 1583 1893
1287 1913 1915 1960
894 1909 1942 1995
20 1152 1422 1947
100 629 818 847
1364 1564 1572 1665
1442 1552 1724 1963
919 1742 1766 1785
1627 1631 1915 1945
1167 1509 1923 1967
172 596 1217 1332
385 1160 1208 1716
1273 1986 1991 1991
580 1679 1807 1969
1278 1476 1609 1913
741 1078 1309 1385
424 705 759 1693
1046 1635 1751 1844
354 1479 1790 1887
1683 1782 1799 1972
237 425 645 1718
1207 1300 1706 1749
985 1805 1838 1984
365 1348 1485 1518
367 751 1780 1784
1636 1784 1812 1892
945 1203 1410 1463
548 580 1642 1768
345 1764 1773 1901
731 1627 1862 1937
90 93 306 1880
19 301 1643 1886
535 1126 1386 1483
894 1533 1604 1719
780 1038 1066 1390
708 1908 1948 1981
1483 1521 1607 1840
605 1776 1796 1858
132 1366 1503 1825
1078 1126 1648 1809
516 1817 1896 1897
334 859 950 1475
1212 1542 1598 1633
83 428 1212 1716
118 1367 1431 1661
362 1026 1231 1502
440 1178 1322 1940
1119 1993 1994 1995
329 1624 1798 1902
1262 1540 1690 1853
450 856 1711 1761
847 982 1362 1510
181 863 1121 1196
957 1796 1833 1847
431 1911 1935 1951
616 1773 1828 1929
4 1137 1874 1972
278 1274 1294 1888
559 1486 1530 1764
712 1048 1707 1927
1972 1974 1976 1985
623 1680 1894 1905
364 417 785 1718
623 1429 1579 1940
604 1843 1879 1979
1611 1684 1890 1919
1518 1672 1808 1925
278 1872 1899 1982
1268 1491 1589 1775
874 1984 1990 1994
1558 1835 1888 1931
436 1859 1901 1906
844 1007 1160 1605
73 780 1883 1921
1561 1808 1924 1932
1045 1049 1176 1635
384 497 1058 1091
1105 1240 1392 1426
519 1223 1225 1876
1680 1904 1959 1975
1552 1990 1993 1995
154 442 689 1278
585 1977 1980 1983
434 979 1754 1950
615 1915 1934 1984
873 1390 1768 1884
157 933 951 1022
460 1128 1491 1713
655 956 1203 1299
614 1309 1803 1979
424 1500 1678 1699
580 1876 1886 1916
1358 1948 1954 1978
523 1062 1123 1557
864 1938 1981 1982
1081 1124 1151 1819
367 971 1880 1960
941 1352 1702 1710
442 447 1209 1832
288 1716 1946 1973
491 1656 1700 1825
9 617 958 1427
608 1799 1889 1932
594 1604 1974 1990
1040 1579 1729 1758
1397 1861 1898 1964
849 1115 1392 1419
1051 1206 1681 1741
194 836 1378 1937
649 1495 1805 1983
5 1883 1886 1887
176 1918 1969 1990
135 1775 1786 1964
593 729 1159 1176
241 1991 1992 1993
409 548 1868 1879
1278 1504 1550 1798
130 1255 1288 1925
1028 1894 1964 1967
381 503 1418 1754
371 698 1136 1294
461 1077 1483 1855
635 1374 1560 1820
1344 1879 1933 1974
885 1828 1916 1933
803 1699 1931 1979
1112 1133 1222 1385
35 1472 1850 1965
1442 1504 1834 1954
731 1842 1901 1965
246 1269 1367 1425
598 688 807 1505
1355 1845 1880 1901
151 1145 1849 1979
867 1423 1472 1671
1165 1931 1943 1960
250 998 1601 1958
624 1787 1877 1936
244 1970 1980 1989
113 442 1132 1310
556 989 1152 1681
1479 1718 1807 1824
53 233 401 1345
386 985 1261 1588
556 1758 1910 1919
486 582 692 857
471 689 1520 1754
876 984 1290 1410
995 1717 1789 1792
101 1058 1172 1830
786 976 1070 1923
383 1653 1703 1966
1121 1196 1206 1977
218 1745 1803 1826
783 1405 1732 1995
373 1396 1665 1787
504 1458 1573 1661
1592 1615 1639 1898
408 1399 1428 1547
1088 1790 1862 1971
997 1927 1929 1977
166 1367 1466 1907
32 873 927 1054
307 856 1249 1513
683 1359 1761 1877
339 580 796 960
819 1628 1651 1934
524 1915 1943 1976
160 808 1098 1206
1544 1720 1871 1963
1457 1746 1750 1829
39 89 748 1541
969 1719 1801 1858
249 604 781 1799
470 482 950 1747
640 714 1313 1341
443 715 741 1602
780 1442 1893 1906
136 702 1292 1887
860 1867 1889 1978
137 208 290 1492
908 1507 1642 1785
1603 1892 1948 1956
271 1817 1881 1889
809 1250 1723 1726
1379 1486 1878 1926
1370 1566 1765 1943
47 1696 1747 1918
782 1933 1936 1949
786 1155 1654 1965
1079 1924 1935 1984
16 1446 1492 1816
1495 1518 1691 1902
39 1745 1828 1952
1489 1953 1965 1983
102 440 844 921
1160 1288 1659 1847
1261 1616 1633 1697
506 1375 1628 1959
774 1525 1532 1681
289 1379 1936 1951
620 1020 1165 1663
1884 1959 1961 1963
329 1025 1520 1673
298 413 1214 1695
1657 1954 1967 1974
1211 1245 1455 1457
1026 1692 1779 1844
445 1225 1530 1861
430 1090 1725 1878
1605 1928 1953 1966
1706 1809 1815 1824
313 1946 1967 1975
840 1076 1632 1705
20 422 533 1792
1893 1966 1970 1984
272 1460 1513 1979
403 1429 1504 1907
775 1633 1701 1938
443 625 901 1581
635 1898 1961 1972
249 597 844 1339
122 241 1173 1370
584 1965 1970 1990
591 862 1455 1676
513 1208 1609 1907
694 1480 1639 1737
261 618 841 1058
678 991 1198 1494
224 857 1599 1678
160 1899 1953 1954
169 1560 1749 1867
1015 1284 1684 1850
899 1646 1667 1968
7 428 1428 1867
715 1814 1869 1883
267 1427 1464 1611
354 1543 1755 1927
798 1288 1361 1908
927 1837 1839 1855
1212 1400 1573 1763
361 1385 1423 1929
31 847 1117 1129
476 1674 1766 1844
1436 1523 1790 1961
291 1514 1654 1797
842 1122 1488 1604
129 1287 1694 1752
1021 1872 1878 1898
1851 1977 1982 1983
1117 1317 1684 1978
834 890 1433 1719
321 510 1649 1822
391 563 1084 1814
74 227 868 1287
418 1877 1908 1990
32 501 1067 1594
1580 1777 1954 1995
799 1890 1945 1964
676 1305 1465 1487
118 1020 1157 1678
296 813 970 1652
360 677 1002 1233
229 1023 1171 1793
85 1669 1731 1795
973 1536 1634 1971
156 564 591 1417
1157 1991 1992 1993
753 999 1168 1772
791 1218 1282 1787
245 1336 1536 1620
441 1362 1387 1892
129 1116 1594 1732
419 825 1195 1350
574 1287 1394 1778
160 1645 1707 1815
107 968 1589 1611
1065 1468 1563 1951
17 1329 1631 1741
760 1685 1733 1967
603 630 667 1850
655 1739 1803 1972
1429 1610 1763 1828
799 1073 1326 1519
638 1386 1516 1585
269 752 1047 1935
1438 1491 1521 1772
1185 1406 1441 1972
650 1543 1734 1887
244 1264 1688 1719
736 780 1482 1923
33 1322 1336 1978
141 241 810 1039
1002 1781 1830 1853
253 1034 1245 1852
211 1095 1186 1841
1609 1653 1750 1823
384 1352 1731 1954
1382 1816 1849 1881
644 1910 1965 1966
425 1950 1951 1955
1168 1540 1567 1752
1452 1870 1966 1981
13 612 1309 1714
1269 1549 1597 1687
372 1124 1473 1535
834 1236 1270 1587
281 1649 1771 1803
611 647 1635 1945
803 1545 1873 1980
370 503 1533 1968
301 1089 1568 1654
79 310 1249 1267
697 1763 1934 1937
1446 1681 1779 1816
710 1699 1762 1885
554 1633 1828 1918
968 1337 1641 1754
300 546 577 878
728 1564 1603 1991
697 884 1305 1793
669 1015 1350 1738
579 1749 1771 1835
133 1967 1968 1975
654 1665 1703 1955
513 1687 1773 1807
1079 1122 1792 1868
363 1440 1892 1944
1584 1970 1978 1992
23 1139 1725 1985
503 1246 1404 1608
122 1931 1977 1990
228 1449 1542 1745
964 1772 1886 1887
15 1373 1543 1722
1269 1930 1949 1993
55 1951 1971 1987
666 765 1461 1830
1232 1370 1512 1781
941 1838 1935 1957
581 825 1160 1353
1018 1992 1993 1995
558 1525 1896 1901
65 1115 1259 1282
11 1591 1610 1957
657 1272 1450 1751
7 1138 1231 1679
273 1807 1960 1985
150 1873 1921 1995
674 769 795 1108
195 898 1373 1556
462 1638 1699 1741
126 1575 1774 1949
344 414 1278 1846
478 1349 1777 1917
1172 1600 1639 1903
1465 1710 1883 1931
1517 1848 1855 1914
326 799 825 1225
983 1346 1533 1686
878 1548 1674 1926
50 1607 1691 1709
392 1717 1721 1891
113 1464 1537 1561
165 1309 1389 1482
45 1903 1919 1938
647 650 880 1647
214 1368 1743 1870
82 527 1147 1683
264 1577 1915 1945
426 1033 1366 1566
454 564 610 1389
325 518 689 1953
215 1756 1866 1872
314 1293 1590 1786
1145 1192 1550 1900
1043 1876 1905 1917
351 1692 1768 1834
211 550 881 1671
523 1019 1829 1911
1208 1571 1644 1702
142 617 1439 1986
614 1124 1321 1675
713 798 989 1843
78 886 1287 1371
1028 1781 1840 1980
1784 1826 1843 1951
1111 1722 1886 1897
1766 1826 1866 1980
131 1061 1284 1447
222 1596 1646 1909
126 1282 1467 1765
403 709 847 1554
162 790 1227 1347
63 1816 1822 1875
57 470 726 871
532 1078 1225 1504
455 1376 1868 1885
1235 1334 1599 1638
900 1872 1968 1969
158 1474 1747 1884
64 1306 1630 1815
187 356 854 1191
162 1053 1559 1776
114 261 1152 1434
296 872 1371 1669
796 1383 1480 1849
1118 1245 1409 1809
116 232 1049 1648
1201 1952 1966 1983
1359 1457 1518 1964
1285 1913 1926 1943
795 1264 1387 1521
1402 1689 1798 1932
980 1591 1623 1685
1631 1883 1894 1981
242 1272 1282 1954
681 1687 1760 1866
816 1628 1632 1663
293 1031 1187 1836
315 1554 1560 1954
339 899 995 1383
221 1707 1773 1873
1178 1184 1274 1599
1034 1513 1691 1726
1410 1630 1651 1683
245 1772 1826 1875
561 1799 1906 1944
947 1801 1811 1828
689 1975 1985 1994
1776 1846 1872 1945
1362 1848 1854 1919
220 677 1069 1845
68 1382 1608 1929
1119 1811 1897 1994
1686 1890 1899 1916
3 873 1682 1788
680 1814 1861 1993
1196 1966 1967 1982
890 1992 1994 1995
48 1265 1372 1717
709 1591 1674 1796
850 1544 1561 1577
43 913 1120 1939
369 1074 1773 1991
337 1413 1535 1868
36 1773 1854 1911
569 1769 1826 1930
1440 1749 1809 1974
288 1800 1844 1956
88 1677 1716 1726
238 1481 1519 1647
1285 1888 1933 1975
1315 1923 1935 1988
415 713 871 1266
222 248 788 1837
846 1198 1671 1673
560 1210 1526 1817
265 1182 1376 1555
352 1589 1915 1964
767 1871 1884 1920
