256 1229
60 219
113 167
7 152
121 225
120 141
225 236
198 207
194 255
41 61
242 248
100 121
31 226
119 132
116 183
13 79
46 199
8 40
13 250
121 246
36 143
45 251
134 190
112 163
99 151
67 213
101 109
43 180
5 203
82 145
20 36
175 209
1 146
31 77
17 171
178 243
249 253
8 207
166 207
86 249
4 81
60 217
91 248
23 221
161 233
65 110
174 223
124 192
75 164
169 251
37 169
65 226
74 193
137 154
13 89
9 196
182 205
102 214
143 158
41 129
23 38
169 170
199 250
99 246
55 186
20 187
96 100
72 76
47 222
9 100
26 243
125 127
115 252
13 232
237 252
61 186
76 78
34 201
13 214
204 207
72 243
47 221
149 179
31 254
57 67
88 98
62 71
118 239
131 226
42 211
31 198
50 75
57 121
42 230
60 228
104 215
41 200
38 126
109 146
102 253
61 133
40 168
6 87
71 212
40 246
14 116
172 246
174 211
69 250
96 250
17 207
118 249
124 235
41 65
103 236
63 116
16 195
91 136
48 238
9 87
82 210
157 177
125 141
39 76
56 171
191 256
48 98
48 161
24 64
171 172
174 254
42 42
163 210
108 115
13 78
29 30
85 208
67 243
52 158
102 228
65 182
104 238
60 152
32 179
127 131
2 120
4 203
162 179
14 170
51 201
94 223
244 248
68 196
130 138
161 254
195 220
53 207
120 202
162 224
34 41
110 152
195 202
121 173
205 207
12 185
73 206
28 115
63 80
58 177
124 229
122 132
15 195
37 187
52 108
30 74
57 199
13 18
150 214
211 242
21 179
39 196
88 129
127 151
12 109
148 198
28 124
130 177
217 241
16 29
239 241
47 98
74 182
174 182
50 52
39 149
18 56
135 201
51 60
59 61
79 118
107 162
129 249
168 195
52 98
10 121
21 95
148 179
73 199
2 59
15 53
72 156
9 198
3 19
138 158
73 104
105 244
186 200
101 196
54 153
91 99
108 178
73 174
15 121
132 202
77 91
55 121
46 95
106 166
11 231
114 217
151 253
82 206
126 136
203 206
93 238
67 158
55 148
113 254
110 182
48 174
97 206
28 219
197 211
27 225
192 209
102 238
30 58
105 115
168 234
80 198
180 193
82 250
50 161
94 147
4 130
6 65
18 36
69 71 96 208
78 89 152 224
161 239 241 247
104 138 143 195
49 67 86 134
4 73 107 134
137 137 157 200
22 76 143 239
193 238 245 247
122 172 212 246
3 69 103 121
29 206 218 221
176 189 212 236
76 244 252 255
213 253 255 256
233 252 254 254
103 239 244 250
117 172 175 250
222 226 228 234
83 142 165 245
72 144 167 223
55 221 245 254
130 244 251 253
102 170 193 195
201 216 226 233
3 100 163 214
20 150 192 213
185 217 239 256
195 237 245 253
25 91 93 141
153 157 171 244
95 183 229 250
15 93 181 228
209 224 235 254
13 37 138 197
170 242 249 251
43 148 150 190
77 82 185 236
149 255 256 256
112 158 207 207
231 250 253 255
83 84 162 227
34 82 182 221
136 223 225 255
78 92 166 170
102 172 232 251
39 173 221 243
137 187 199 222
98 235 238 248
148 219 234 239
120 184 212 238
44 183 220 251
98 200 202 250
130 253 254 255
154 239 242 249
22 50 70 166
123 135 208 234
29 160 163 246
57 142 147 199
68 87 139 156
3 159 214 230
157 226 232 247
100 105 154 230
173 215 220 240
59 175 217 230
13 150 216 248
194 196 214 241
19 104 158 215
14 225 233 248
145 216 227 230
49 72 167 207
49 208 212 248
28 175 223 248
92 198 243 253
91 213 238 244
18 245 254 255
58 138 179 237
241 244 245 255
45 176 211 235
65 200 218 242
77 243 251 255
74 101 108 173
21 142 198 230
115 210 219 253
195 222 243 246
2 212 216 235
35 149 166 185
35 228 254 255
16 237 251 254
30 104 140 144
14 194 199 235
21 190 206 254
31 216 249 256
13 215 223 226
144 236 237 238
19 153 171 252
146 198 206 236
65 127 150 167
140 217 237 247
107 125 199 237
18 133 202 216
76 144 147 248
89 91 110 209
12 166 180 232
46 223 251 252
89 242 243 256
38 54 64 254
10 218 224 255
20 233 235 247
73 94 180 206
164 241 242 243
119 167 173 249
77 195 205 221
153 188 243 250
93 252 255 255
79 147 210 226
43 74 88 201
171 187 199 255
17 51 104 109
120 181 199 246
95 197 203 226
168 180 236 249
94 185 196 252
19 35 132 250
154 196 202 256
203 235 245 256
79 88 160 177
127 223 243 249
123 222 241 255
42 57 127 213
80 255 256 256
92 96 199 226
73 165 192 208
210 216 240 255
160 162 169 201
76 137 198 229
12 29 31 132
183 193 217 243
111 148 153 216
214 228 238 254
90 164 199 250
79 175 234 240
240 246 248 256
91 176 216 223
57 106 169 237
140 229 245 252
37 201 214 244
74 94 141 158
159 162 189 231
217 247 249 252
40 144 221 229
5 20 74 99
218 234 243 253
143 200 230 244
103 107 146 184
41 158 188 199
20 147 166 235
87 251 252 254
134 170 193 204
122 218 220 235
70 156 158 190
61 84 200 222
18 224 235 244
74 176 186 245
14 215 218 250
123 198 218 222
205 254 255 256
20 140 211 247
230 240 250 253
23 223 236 239
50 212 228 249
109 131 201 209
160 241 246 254
57 244 252 256
185 239 252 256
18 47 66 219
188 198 220 250
79 174 177 215
21 215 222 239
142 183 201 244
69 81 164 175
123 180 190 222
174 234 243 251
25 241 253 256
66 75 190 237
4 102 128 171
2 214 249 254
39 195 205 238
107 160 200 255
52 71 158 180
214 238 244 248
43 208 231 239
5 5 104 173
98 255 256 256
5 163 221 240
15 75 111 237
43 194 203 209
42 115 186 235
99 105 123 154
51 215 220 237
178 255 256 256
16 116 198 225
16 69 145 161
154 188 229 233
26 157 190 192
133 240 245 254
46 144 198 242
43 89 135 240
54 236 243 254
140 168 204 234
57 88 89 104
23 238 248 252
168 213 218 239
72 160 196 224
206 246 254 255
103 209 248 255
8 141 179 250
6 189 203 252
36 225 227 250
78 78 117 143
57 237 239 252
110 157 171 225
81 238 251 254
55 203 228 230
66 206 216 221
28 153 168 190
165 233 235 248
92 242 247 248
84 100 186 205
87 193 199 210
109 238 241 244
139 143 225 244
92 110 128 168
85 156 208 254
192 196 206 234
90 196 199 255
100 186 199 254
113 254 255 256
74 192 222 236
52 229 245 252
29 153 225 230
8 50 136 182
48 70 89 234
83 243 245 245
125 230 233 252
22 233 239 244
26 165 203 245
119 235 236 247
154 223 231 238
33 245 249 253
56 228 243 252
16 225 226 238
188 214 221 256
78 122 150 193
102 112 180 255
133 250 251 253
35 160 169 196
15 95 150 154
107 186 232 256
68 223 248 251
140 249 250 250
23 188 206 225
88 106 119 219
127 201 202 233
7 154 207 210
97 236 255 255
12 25 98 139
75 134 166 215
167 195 238 255
33 149 171 244
8 94 149 175
16 98 203 241
68 233 238 243
17 203 243 252
78 207 210 223
34 202 206 243
55 65 105 244
1 116 126 143
12 31 243 244
123 212 216 226
16 227 234 246
97 132 136 209
89 123 197 203
66 78 139 156
139 254 255 256
122 217 247 256
19 229 239 243
14 211 220 234
137 186 194 197
111 119 130 144
207 238 245 253
10 130 184 188
32 156 181 249
79 83 137 219
21 112 136 209
44 59 106 171
82 106 147 212
34 243 250 256
17 36 59 215
8 23 141 154
144 229 246 256
110 116 196 221
50 215 229 250
7 42 53 143
174 229 239 243
118 148 169 250
158 158 203 247
11 162 170 248
46 145 216 220
120 124 157 229
223 244 246 254
61 171 202 233
69 83 87 255
3 219 242 252
107 160 194 205
91 111 202 245
80 174 200 216
146 238 241 249
175 183 194 207
43 212 217 227
73 192 219 231
125 126 144 168
136 238 245 252
180 208 225 255
147 148 158 207
101 138 199 250
158 237 240 254
50 241 244 256
89 225 250 252
8 24 148 225
17 20 81 255
36 113 135 140
97 177 190 246
148 165 243 246
28 61 155 172
147 188 190 225
184 240 252 255
53 196 222 232
63 221 242 247
47 107 216 218
181 190 234 255
95 172 195 205
17 85 128 251
85 142 176 214
84 167 188 207
8 246 248 252
59 167 175 201
193 214 232 234
180 251 255 256
85 176 214 256
58 133 190 217
159 200 201 205
22 240 248 254
51 69 193 256
125 205 225 234
141 161 215 251
128 173 188 196
82 121 202 205
190 217 241 243
111 214 217 224
50 191 205 216
101 216 222 241
96 244 251 251
170 182 221 222
100 129 180 188
169 192 223 225
191 237 245 250
39 224 229 240
67 85 119 230
216 219 222 230
145 221 234 237
26 220 230 254
128 182 216 236
151 244 246 246
60 233 238 253
157 175 176 215
53 106 187 252
3 14 21 197
208 237 243 247
92 149 183 251
35 178 226 230
50 248 252 255
51 220 244 251
152 208 243 245
199 218 221 226
61 192 225 244
4 154 183 224
79 110 118 229
52 83 112 149
204 211 221 225
134 200 222 237
83 142 178 181
145 170 242 256
54 76 108 191
246 251 252 256
123 183 243 246
83 114 187 249
137 245 254 255
200 226 253 256
19 117 211 240
82 113 147 182
162 162 186 189
242 252 255 255
104 169 233 245
60 141 158 230
75 110 113 147
127 167 229 244
20 76 114 215
54 170 193 237
41 248 250 251
127 218 231 250
1 105 135 175
69 239 249 253
195 213 224 256
93 139 232 245
20 226 234 244
117 167 180 241
115 203 210 219
44 163 174 225
190 239 249 252
64 88 150 236
7 19 210 247
139 175 191 255
86 145 169 225
25 183 185 227
9 155 226 230
172 210 228 250
138 174 190 218
139 172 220 231
80 195 210 246
144 156 227 252
127 147 171 196
79 218 250 252
11 156 174 185
27 117 177 233
99 213 238 240
23 60 99 171
29 171 180 213
167 228 238 256
159 181 192 239
40 159 171 226
3 51 71 89
60 247 250 254
17 104 105 178
130 189 192 206
30 49 128 134
15 167 201 244
9 13 99 172
26 197 238 254
72 72 93 176
185 244 253 255
89 118 121 179
9 195 218 233
30 42 43 220
42 236 246 255
57 151 193 201
47 91 144 242
45 244 249 250
71 136 184 190
85 176 184 201
14 97 183 255
150 186 234 235
167 181 192 254
75 201 206 211
93 225 232 236
15 236 251 253
41 81 173 181
35 134 146 219
245 247 252 255
130 180 215 247
128 148 153 154
53 249 253 253
128 181 198 252
236 254 256 256
93 195 197 244
23 207 237 239
27 93 143 171
95 122 142 204
115 138 159 221
106 216 219 227
55 159 173 189
195 225 227 239
27 132 211 243
21 32 69 126
164 233 242 256
147 204 207 244
15 129 168 180
18 98 218 235
118 228 245 248
38 234 244 247
137 184 202 222
207 208 250 255
75 127 136 247
2 8 36 45
146 200 216 249
28 44 70 229
194 253 255 256
94 217 236 238
63 244 249 253
88 157 206 219
66 174 194 229
63 240 242 255
37 228 234 251
34 230 236 247
166 225 231 233
112 199 235 254
12 110 122 188
66 233 238 244
121 172 194 238
32 40 109 141
50 90 115 196
109 240 244 248
125 161 183 204
21 195 223 242
27 215 232 236
17 94 139 222
20 172 229 233
230 252 254 256
46 54 203 213
187 240 246 251
155 197 210 248
87 127 143 227
83 103 155 197
23 82 188 193
114 128 132 172
119 202 220 256
50 133 154 172
201 211 220 250
206 243 252 253
119 232 249 249
158 235 247 254
177 240 243 246
179 213 222 225
40 81 141 206
111 156 217 252
48 102 117 240
116 207 233 233
5 110 131 234
20 232 246 249
30 195 218 240
200 243 245 249
52 147 205 206
4 207 238 245
152 235 250 256
37 183 239 239
143 175 206 235
81 171 211 253
156 174 224 239
27 41 47 67
20 224 237 238
77 211 248 254
39 189 209 244
8 222 237 242
49 199 216 218
92 134 246 251
54 147 160 179
6 240 241 243
83 230 241 254
138 220 238 240
200 231 233 251
11 123 228 248
62 227 253 253
12 207 238 238
39 79 186 204
134 221 241 247
139 145 211 217
7 65 79 199
99 178 202 253
76 190 246 249
145 236 249 251
93 179 219 224
3 28 73 228
140 212 217 256
212 232 247 253
115 155 222 237
29 32 175 214
71 251 252 255
35 70 113 168
96 184 196 217
7 216 241 256
178 196 226 233
53 160 192 233
230 232 245 252
133 163 222 239
29 242 249 251
68 84 164 255
16 161 237 241
37 88 155 223
77 136 180 221
47 249 250 252
11 179 186 200
121 158 173 175
8 247 255 255
70 252 253 256
194 214 231 253
137 170 175 240
3 120 166 222
128 244 245 255
181 185 221 228
103 157 200 203
146 230 231 232
6 86 171 228
85 97 186 195
150 214 222 253
74 171 177 230
23 219 233 254
32 53 230 238
217 238 241 242
43 90 112 245
51 63 92 240
44 130 199 247
81 115 193 252
163 181 227 244
216 255 256 256
29 119 165 192
134 141 176 177
138 162 208 250
150 174 177 205
63 114 146 210
45 133 208 248
7 180 229 253
20 102 208 222
12 91 200 201
221 237 243 246
43 122 188 256
115 188 212 232
48 238 246 256
39 163 164 237
27 112 191 221
21 23 38 236
40 116 152 183
96 196 207 226
48 200 248 250
14 80 112 247
201 249 252 255
136 174 238 251
66 70 212 233
5 85 188 228
48 56 106 172
50 71 140 177
2 236 241 256
2 174 184 227
7 209 222 228
17 62 122 182
34 220 256 256
66 94 144 241
85 210 230 247
171 213 225 237
21 115 178 188
84 85 241 252
231 234 244 253
23 104 130 163
72 234 241 246
131 201 231 248
29 248 251 256
75 217 224 231
2 239 240 252
114 236 241 253
43 198 217 239
113 239 247 248
18 137 186 219
178 249 256 256
46 202 229 246
62 143 223 237
84 230 241 246
37 121 176 197
30 139 145 198
204 211 235 245
52 84 95 191
25 254 255 256
143 188 211 242
158 184 188 205
88 176 219 249
173 213 217 224
170 176 187 245
50 144 172 235
128 142 198 244
97 244 246 250
81 90 107 183
6 39 85 104
67 163 170 199
1 103 174 202
27 48 122 194
10 216 248 253
160 171 216 242
53 68 69 72
37 218 226 230
153 158 208 228
158 189 191 218
171 178 205 254
50 71 145 173
112 188 225 226
101 108 121 180
248 251 254 255
110 169 184 187
28 199 231 232
60 181 189 241
153 205 227 239
21 193 220 245
167 242 254 256
90 190 225 239
115 191 217 230
164 193 250 256
96 213 242 245
11 131 182 231
182 229 237 250
84 148 158 255
155 222 227 249
26 49 89 169
27 247 249 250
14 200 225 229
68 142 188 238
128 198 240 247
55 106 120 208
180 204 230 243
88 211 226 243
15 69 102 253
14 55 73 124
144 236 241 250
13 41 65 244
155 167 219 232
104 166 207 212
139 193 198 207
39 175 205 207
173 250 253 256
133 199 225 234
32 201 210 225
201 237 239 244
138 240 244 256
92 165 168 236
17 73 192 193
22 43 178 187
135 164 237 238
103 112 155 158
44 174 203 219
181 229 235 238
85 192 227 247
103 165 225 237
180 252 253 255
152 185 209 226
25 38 67 231
66 82 126 149
160 213 223 248
33 50 149 157
76 190 193 233
4 54 96 254
184 229 247 256
44 152 207 224
64 229 238 256
46 235 236 256
20 237 240 245
87 241 242 254
38 253 256 256
36 157 163 193
71 203 206 254
197 246 250 254
168 213 226 235
18 232 239 251
60 87 134 173
71 220 231 245
144 240 242 243
95 251 252 252
103 139 180 216
95 195 210 253
129 221 223 235
12 35 222 243
99 145 213 225
101 209 220 247
64 183 221 236
18 231 249 253
22 150 182 218
66 208 219 240
46 163 238 251
56 79 100 255
138 213 234 245
33 150 211 250
223 251 254 255
99 128 189 239
66 255 256 256
15 173 206 219
62 155 188 200
84 88 98 141
7 63 158 208
131 239 243 247
102 196 214 249
20 247 249 256
139 231 232 233
121 238 245 246
52 252 256 256
77 136 140 239
18 117 154 185
43 254 255 255
176 227 250 252
4 255 256 256
76 131 212 215
116 204 216 218
63 142 181 238
51 193 215 248
33 123 134 214
166 175 181 205
185 221 233 255
49 183 191 199
41 75 112 141
61 79 160 217
105 184 234 250
66 83 154 239
74 130 171 229
31 109 201 236
24 186 196 220
91 230 244 249
77 208 222 236
11 33 52 239
15 144 209 220
49 98 121 185
172 189 248 252
193 237 241 252
161 178 192 223
151 211 216 245
133 246 249 253
234 253 254 254
181 223 253 254
28 104 167 223
4 229 243 252
86 91 112 223
98 189 195 239
76 176 220 240
98 132 176 180
102 247 249 252
62 138 174 213
28 46 127 152
85 251 252 254
106 124 184 221
54 171 199 203
32 180 193 214
32 229 230 239
53 193 197 246
58 145 179 222
141 251 254 255
75 120 148 242
167 211 219 252
141 208 233 240
147 194 206 247
169 247 253 256
91 196 199 236
218 223 226 247
94 124 231 245
146 222 229 234
49 238 248 250
52 210 219 222
1 29 155 198
147 246 248 256
21 199 248 252
112 145 192 237
125 132 198 240
71 209 231 233
26 89 173 205
190 194 238 248
21 129 139 234
34 251 254 256
171 203 213 232
54 129 163 228
84 163 202 256
234 247 251 253
95 198 203 220
43 199 210 222
158 214 226 242
151 199 218 219
3 68 79 193
104 199 223 232
73 123 190 191
16 64 200 232
33 217 239 252
131 222 253 253
145 212 217 248
91 123 161 223
203 236 244 245
67 235 242 252
101 171 195 244
40 242 248 249
46 152 174 213
101 221 232 245
50 240 242 246
134 190 199 242
37 83 225 250
17 77 195 230
192 218 231 244
160 198 224 245
13 116 142 150
27 200 230 235
33 61 92 154
87 210 214 216
13 244 245 253
50 116 130 183
19 104 128 226
111 117 175 176
232 249 250 253
13 234 237 241
214 252 256 256
57 166 205 246
97 127 151 251
105 181 226 253
73 116 154 219
139 226 239 246
117 192 215 251
12 183 240 246
59 228 245 252
106 179 202 233
174 231 241 243
49 135 190 251
50 179 235 241
45 240 243 244
186 209 223 233
149 198 205 234
116 171 224 243
80 144 166 173
29 158 163 171
234 251 252 256
40 107 178 248
81 99 153 205
124 172 199 221
103 135 210 220
124 161 237 238
226 254 255 256
162 210 238 245
21 134 182 189
131 198 216 222
62 230 233 241
74 197 207 238
145 198 217 219
104 225 245 254
2 149 194 208
120 212 213 251
167 192 194 219
83 158 176 253
51 254 255 256
58 247 249 251
32 124 143 239
77 134 189 202
48 67 218 227
160 175 227 251
3 206 248 251
108 210 215 247
36 169 172 202
70 198 208 247
170 220 243 256
61 194 208 240
25 198 216 251
56 176 191 221
41 107 190 224
15 151 153 201
33 248 254 256
103 149 154 209
87 198 228 238
191 253 254 254
8 189 239 255
46 156 233 247
68 189 206 222
114 220 225 242
109 133 204 250
84 100 177 216
125 159 178 189
232 239 242 253
6 226 230 231
72 206 207 209
64 230 241 256
111 163 195 251
74 87 201 220
42 170 178 188
19 132 162 210
109 138 226 245
57 111 134 223
159 202 239 239
166 184 191 197
112 241 242 247
98 207 253 255
182 229 238 247
218 220 253 256
128 214 225 228
19 172 177 189
46 53 72 237
8 25 73 225
109 231 251 254
72 218 220 231
176 190 198 211
83 247 251 253
24 249 251 252
15 181 200 244
168 170 227 248
66 181 189 190
34 158 231 245
212 229 246 247
211 227 239 250
131 226 228 236
32 145 159 233
181 212 221 244
13 217 244 245
15 37 70 199
19 112 198 231
160 217 232 256
31 96 180 180
199 247 251 251
200 207 217 255
59 88 165 167
208 216 225 239
11 172 192 230
219 234 236 238
99 210 224 224
199 250 254 254
16 59 82 210
58 133 179 228
46 242 246 253
62 148 226 243
171 250 252 256
82 182 191 220
125 155 190 256
136 213 216 222
234 239 245 252
201 224 234 247
118 151 186 196
75 173 210 255
96 190 191 222
74 120 133 220
148 165 168 234
25 98 131 239
110 114 134 255
59 239 246 248
102 137 224 255
18 93 224 254
107 110 164 194
33 138 184 227
3 183 210 224
67 89 129 236
63 212 232 247
18 23 227 237
79 92 97 221
21 47 126 250
128 191 243 249
54 189 214 251
45 157 161 230
142 240 243 253
42 74 79 254
30 32 171 213
99 195 209 250
40 150 244 249
139 230 248 252
42 97 165 250
85 160 167 193
88 215 219 224
92 164 215 217
117 151 156 176
78 196 204 211
30 169 182 192
24 75 144 226
112 204 233 234
131 166 167 204
88 230 235 248
65 238 252 255
161 249 254 255
115 148 196 204
110 227 238 243
97 191 227 254
112 156 209 225
146 207 238 252
190 210 222 251
157 167 216 252
64 211 213 229
71 146 240 254
134 220 233 244
41 240 252 253
133 174 219 254
112 165 177 227
134 191 222 227
190 209 230 236
160 168 191 199
82 92 194 215
153 186 225 236
100 163 184 191
162 185 234 244
56 63 118 220
34 77 110 211
37 121 134 230
113 190 235 252
63 234 242 251
70 153 237 250
103 154 155 209
151 183 190 233
184 220 226 227
194 210 238 252
49 243 247 254
149 177 187 245
68 122 148 169
128 132 167 241
111 153 161 245
100 217 228 245
26 57 121 232
83 207 209 217
4 60 69 129
88 138 154 212
87 135 138 236
157 177 248 249
69 70 106 157
73 233 245 255
71 74 97 161
19 77 151 209
45 203 226 249
48 182 249 254
50 215 228 244
20 74 146 218
73 214 223 233
77 138 172 201
123 202 238 247
231 242 254 256
33 36 222 236
162 212 214 216
32 110 181 187
18 145 192 214
75 242 249 253
28 68 101 204
34 220 228 256
18 201 228 237
166 196 212 220
2 173 240 245
142 180 207 246
57 217 232 237
195 216 222 245
34 71 123 130
77 157 164 251
62 252 253 256
16 46 56 171
163 166 213 229
26 171 180 202
165 203 223 256
91 194 214 244
16 251 254 255
87 185 188 221
95 112 163 220
71 78 177 207
36 161 167 204
178 194 233 249
47 78 120 146
35 167 214 248
54 123 146 225
43 106 120 146
160 202 237 253
99 249 253 254
80 143 157 162
10 79 118 134
201 254 255 255
49 121 151 191
80 203 220 249
57 118 142 230
199 224 239 248
13 204 217 220
111 138 153 222
20 31 124 160
49 60 143 176
6 169 174 249
64 169 176 250
13 78 101 202
83 127 140 181
71 213 223 236
75 78 89 181
147 244 251 253
17 23 55 85
25 240 248 248
97 124 228 242
102 181 208 217
159 175 207 226
166 223 236 247
67 99 134 135
204 253 254 254
147 177 192 209
23 88 237 252
60 126 194 235
149 206 238 248
171 211 213 219
93 221 247 250
31 255 256 256
88 175 199 244
126 162 184 244
103 106 117 135
59 215 248 256
10 242 244 252
30 79 200 231
196 220 230 239
63 250 254 256
98 202 255 256
14 109 172 209
238 250 253 253
147 193 197 212
140 166 175 220
92 111 163 248
205 216 236 243
102 150 211 242
96 241 254 256
94 138 192 215
51 224 235 251
35 129 139 150
76 247 249 256
99 230 233 238
1 237 240 247
31 106 198 205
25 225 245 247
40 169 212 255
91 109 131 137
108 230 248 253
243 254 255 256
101 113 136 149
222 245 247 248
124 227 239 256
114 165 238 238
192 218 242 248
73 213 216 234
16 62 134 197
27 54 58 94
70 210 215 243
117 176 208 229
37 242 243 246
102 234 248 253
65 204 229 254
115 242 251 256
222 235 249 252
55 243 249 253
137 231 232 240
128 144 164 211
5 208 236 248
6 108 129 158
68 142 207 221
22 62 182 199
