1790 1811
238 1457
956 1022
1301 1535
995 1479
874 1611
136 418
130 1769
1134 1595
438 1334
149 1787
75 91
1479 1521
386 1460
36 308
539 773
90 197
484 717
1283 1488
48 636
101 803
153 904
764 1184
573 950
23 1485
68 445
687 1460
621 677
575 1383
374 1766
275 1064
782 1271
1613 1629
809 1599
777 930
666 1496
590 1522
952 1197
767 1020
1041 1166
76 1515
1297 1668
297 1578
815 1117
415 1707
1620 1747
552 1362
979 1547
693 1365
107 166
434 436
1181 1746
858 861
487 639
584 1009
397 1162
1378 1747
211 1406
1393 1477
515 1696
1282 1422
323 1378
214 814
808 1593
360 1604
357 946
1161 1737
562 1675
1032 1394
696 1037
346 1069
706 1212
204 506
47 246
971 989
775 1439
838 1562
438 889
496 1775
314 1216
32 1099
603 1236
1691 1789
131 400
577 862
852 1103
739 1220
1234 1588
17 898
48 1024
398 1248
343 1674
777 1761
628 1190
490 669
455 954
726 1076
376 1440
621 874
562 1431
446 1344
361 1696
252 508
434 1666
651 822
668 1551
1181 1331
428 1505
427 1336
345 977
678 1501
636 1587
1491 1669
262 1591
1480 1720
255 1573
210 1582
154 1539
1241 1568
677 1041
33 1624
640 767
1484 1579
285 943
804 1511
168 746
310 1684
218 1539
263 490
232 1092
716 1417
1197 1461
247 859
513 1386
585 1787
837 940
654 1696
1716 1722
718 1686
1153 1257
1052 1367
129 513
26 698
1323 1432
771 1678
990 1506
355 1618
1196 1416
479 566
779 1086
178 1426
77 613
290 1067
1200 1227
441 1082
334 890
631 1406
948 1642
1521 1569
275 1108
245 1631
229 1077
301 1163
25 806
930 1157
1607 1674
476 664
377 1762
876 1010
506 1203
456 521
523 1190
218 1044
205 1681
785 1755
569 1096
147 1026
933 1295
894 1787
83 714
1 1025
979 1249
566 1355
1263 1427
715 1658
667 1073
1664 1682
974 1303
547 1740
796 1703
254 1464
444 1782
1216 1633
620 822
335 784
582 1646
517 1739
1589 1727
66 1124
670 1017
1009 1134
587 894
237 447
117 475
1595 1693
235 1714
92 868
156 1524
327 1651
799 1010
497 544
357 1128
941 1518
1173 1592
125 1216
357 382
1108 1174
22 617
483 1474
1246 1388
76 1347
603 1568
50 1003
47 625
1280 1713
532 1224
309 1373
1287 1360
9 1210
95 1279
26 1486
1205 1670
530 1583
910 914
5 483
466 1431
1119 1352
172 795
576 1184
968 1511
525 1070
106 763
142 226
1562 1608
657 1497
39 1050
240 849
343 408
16 1152
927 1007
488 1085
594 1452
103 1459
942 1166
1187 1286
1010 1154
16 155
1361 1783
239 468
1177 1178
209 1037
518 1155
921 1708
1296 1690
245 748
1519 1712
765 1082
427 1558
49 58
95 847
635 1348
199 1568
574 732
1082 1772
805 1215
70 1146
722 1273
66 84
43 101
594 1310
768 1586
103 904
462 1258
1383 1429
1081 1774
1406 1637
412 1081
334 1256
408 1126
835 891
232 634
839 923
473 769
123 841
858 1086
793 1663
14 488
61 266
1471 1750
599 1504
417 1336
1689 1750
97 1189
912 1281
561 1134
721 1018
482 877
748 829
191 833
1058 1158
756 1446
1047 1356
660 1459
234 558
364 1055
284 1152
321 1496
298 653
1199 1676
941 1413
134 1091
1129 1510
850 1286
287 1461
455 1638
952 1458
138 519
482 1151
763 975
368 961
1457 1608
533 1068
723 772
640 1517
1248 1486
263 609
576 1352
83 1421
472 1229
62 1072
959 1426
1481 1578
1437 1695
3 139
343 1189
444 1037
254 909
231 990
367 1624
732 1053
403 454
62 117
78 1436
17 1545
1146 1718
1260 1476
665 1418
1354 1409
553 1164
1506 1634
557 676
1692 1720
1305 1517
1109 1679
452 917
254 1555
247 317
406 1532
143 250
968 1280
851 1275
877 1328
117 616
700 1539
239 1752
677 1362
797 1281
205 632
1018 1560
658 985
265 998
636 964
889 1129
603 710
1135 1605
10 785
154 307
1622 1784
1053 1375
973 1653
390 1088
588 1006
84 1782
1027 1360
80 670
628 928
1438 1632
399 1108
215 1251
1485 1539
433 1670
124 698
387 1063
1100 1610
164 1610
1434 1520
213 821
58 1439
564 623
284 875
109 1162
637 905
1525 1625
149 1498
470 939
362 1505
772 1764
122 593
477 795
497 853
1156 1296
1261 1763
945 959
1209 1491
450 1420
1036 1347
1005 1713
1055 1089
682 893
120 275
1381 1766
1244 1550
641 1012
1158 1254
184 874
699 1634
823 1093
109 1617
287 640
13 825
3 739
1028 1544
1002 1716
533 1683
732 1148
997 1429
326 1048
37 374
486 1617
236 578
13 941
462 1185
479 1474
10 779
592 1488
100 921
1204 1669
48 585
645 868
1528 1540
274 834
265 1417
269 619
1052 1217
318 1650
112 1467
133 706
1404 1730
339 1080
380 732
453 1477
32 1633
921 1610
974 1456
1217 1307
356 1642
647 1506
1123 1262
650 1083
745 1022
1101 1688
481 916
51 1195
126 476
747 1665
538 1698
384 505
360 866
585 882
196 711
185 303
721 1060
45 1172
781 1521
192 681
221 590
682 708
173 856
82 1319
1245 1498
1197 1487
95 1077
545 1403
492 824
640 1177
85 607
617 910
1082 1283
1594 1753
425 902
183 1763
28 1221
174 335
220 1127
39 1071
291 803
1083 1443
102 485
543 581
121 485
127 399
378 1600
954 1127
976 980
885 1452
1732 1746
922 1523
31 74
416 1273
517 1448
1470 1598
374 494
709 726
81 1415
1180 1237
704 1736
1096 1507
702 782
697 893
1110 1151
1344 1535
801 1454
887 1349
75 868
173 997
671 762
72 1648
1084 1471
451 1737
1203 1549
58 404
552 1355
695 1399
1116 1760
983 1248
725 1322
617 1351
1097 1683
254 1710
345 1072
233 954
1413 1693
19 780
1254 1266
1366 1474
75 399
104 1657
867 1467
832 1542
1260 1264
794 1246
165 698
380 572
1268 1475
689 895
132 1402
323 1035
349 1577
22 1384
1011 1510
1267 1506
1568 1618
1448 1695
205 275
363 1216
1372 1566
517 1164
424 856
45 1063
458 1480
441 1096
934 1052
683 1527
796 1163
244 1354
312 808
280 1743
627 1126
718 1219
843 867
775 1669
1063 1392
555 828
226 378
49 1261
439 1292
969 1173
343 1171
195 1707
1144 1378
188 1315
1093 1689
23 1074
266 1479
394 667
190 994
909 966
795 868
591 1064
1329 1583
55 1052
508 1566
590 1407
649 892
610 898
425 1691
1344 1473
487 1477
79 307
793 1081
758 1640
1330 1490
634 1129
298 1560
410 436
359 472
54 527
611 1761
103 620
1205 1564
711 731
8 963
632 1758
619 1406
347 501
508 963
503 1753
675 697
55 1320
73 188
952 1368
853 1090
1383 1655
35 126
232 340
439 959
598 761
144 1630
118 1459
1748 1766
92 254
216 528
795 1430
1263 1465
969 1492
480 1497
914 1353
1096 1673
1091 1387
842 1264
777 906
10 717
130 1757
679 1342
873 1219
71 1289
205 1130
1181 1291
1228 1398
950 1416
462 1048
336 710
463 644
1305 1449
515 1274
1289 1446
84 93
992 1766
1041 1557
859 1737
892 1392
427 824
837 1620
909 1045
1050 1754
928 1530
38 967
1304 1587
365 985
297 907
799 1759
953 1339
363 1530
393 1541
399 845
1328 1659
1410 1659
261 440
105 1758
890 1196
742 1498
1184 1355
611 940
1207 1291
177 1207
720 937
764 1755
724 1448
305 742
76 848
1010 1744
933 1663
859 1603
710 1025
386 477
487 1107
202 369
738 1164
1434 1725
117 656
19 1042
384 404
1470 1697
197 1543
426 1305
1041 1200
475 621
92 1719
1295 1762
27 950
295 1765
627 960
50 512
391 962
534 738
665 1288
54 478
482 1355
185 748
563 810
778 1506
70 994
119 1685
610 1398
177 1286
162 863
1147 1299
75 1231
31 1212
195 846
29 746
340 390
259 848
53 344
31 667
1010 1534
844 975
1121 1327
125 1736
39 1421
835 1733
1209 1305
679 1316
968 1298
901 1248
1342 1550
816 1369
737 1429
504 1627
735 1682
508 1013
1686 1723
52 1592
474 836
382 1512
11 164
172 841
823 947
882 963
82 1200
1045 1371
514 1614
950 1158
182 1680
73 807
308 1036
1327 1537
650 1232
446 1442
1410 1450
606 711
313 923
798 1347
1015 1465
749 1406
204 765
995 1422
1343 1550
88 900
546 738
1367 1438
1010 1215
499 1285
211 1306
151 1576
90 1249
1596 1774
652 980
470 639
522 1654
107 595
902 1137
143 746
230 808
849 1712
18 819
1053 1580
168 1554
46 685
318 655
986 1602
493 629
1030 1422
1473 1754
594 791
712 1716
42 1575
252 1352
62 1578
622 711
1437 1735
105 420
757 1024
641 1771
486 1005
714 1215
1632 1656
72 1027
1315 1736
1294 1546
671 672
651 1349
109 1589
2 367
884 909
113 673
737 823
568 1029
25 1260
855 1737
313 543
250 1047
257 314
633 1319
113 700
23 469
589 1441
133 237
771 1179
236 1614
32 1614
387 1302
1164 1613
696 1551
218 1083
367 584
1142 1623
158 1567
729 799
87 548
236 1734
190 1735
785 1711
309 1470
204 1711
1534 1735
336 1455
981 1128
307 319
718 1007
111 438
457 1180
804 1596
128 1480
1172 1440
259 1247
489 1574
1460 1596
759 1123
451 793
917 1001
85 1191
689 1516
109 1714
66 278
291 1369
1384 1438
339 1633
771 1456
1484 1599
308 1409
819 869
1021 1609
634 1174
830 921
490 1160
727 840
147 1305
865 1357
289 1777
516 520
557 897
309 545
651 851
435 1147
1528 1614
1268 1716
80 1381
222 909
1224 1556
1140 1427
257 1008
1047 1652
69 901
333 687
506 1695
1262 1657
747 1260
334 856
208 1780
1351 1597
286 1018
216 642
956 1662
113 849
422 1527
17 1195
560 1685
1078 1293
211 1447
1040 1247
980 1361
902 1020
1032 1226
277 1375
1235 1435
143 1518
666 1326
76 1660
1155 1331
1482 1730
870 999
291 1140
966 1392
333 560
245 267
402 747
198 208
1080 1126
935 1600
313 1732
121 1591
21 1058
73 79
972 1085
21 1156
714 1185
1269 1295
102 1736
325 943
327 595
385 1481
989 1471
505 1580
862 1537
101 628
475 972
796 830
1037 1180
1398 1740
283 1331
1433 1555
667 1637
163 168
716 1451
413 1625
1441 1668
552 1753
56 301
637 1301
591 1119
581 1404
376 1168
76 1356
1106 1142
470 719
689 1092
861 1044
291 720
10 1402
6 288
215 1412
1355 1477
570 1098
1197 1274
55 1552
576 1274
340 823
1093 1574
200 1595
221 1160
979 1463
1527 1661
420 1662
701 870
223 1445
308 953
485 1748
1428 1517
321 1402
806 1385
1567 1629
1236 1282
790 1347
568 1091
993 1400
1094 1247
340 1477
677 1096
288 1099
1661 1699
856 1696
481 638
1082 1486
342 984
1052 1528
211 1151
170 957
1102 1135
58 1608
1112 1248
1271 1608
1117 1629
621 792
1097 1712
480 835
73 469
388 1393
48 454
299 1634
601 873
195 1137
42 1228
619 999
313 1197
710 1260
806 1096
733 1404
68 1152
156 984
198 1497
613 953
702 1617
404 1721
914 1471
637 645
1036 1249
1474 1596
1499 1735
678 1368
1160 1436
385 797
53 1402
568 904
358 636
676 1622
67 1768
97 226
829 861
562 1123
575 938
698 994
859 1440
145 507
226 1273
1179 1518
156 1497
243 1635
412 1739
385 1499
613 1705
491 1767
10 222
109 1694
77 265
311 1708
106 1248
248 1263
766 1516
839 1047
932 1537
1133 1477
266 1443
1483 1578
10 899
548 1631
455 882
1617 1771
441 1227
429 1340
458 1020
217 1044
73 1543
262 1196
186 1474
553 1741
245 921
1258 1380
183 1148
1195 1495
188 572
224 645
772 890
218 1126
430 1252
1427 1468
319 1455
366 463
119 1074
643 1379
522 943
245 830
236 915
58 238
306 1651
239 1694
832 1135
1240 1507
481 772
495 1383
349 366
388 1140
47 1769
1046 1590
687 871
471 1545
112 130
286 367
1565 1755
962 1616
272 1594
1165 1319
214 1074
531 1277
1213 1695
147 839
787 1620
452 1533
936 1298
366 460
670 1542
1587 1673
535 714
109 346
119 1337
42 1581
641 1131
1302 1690
7 12
126 784
116 827
746 785
40 545
131 621
1577 1734
913 976
968 1676
871 901
503 565
63 501
396 1340
6 311
113 496
479 1227
203 240
18 544
262 1742
167 1384
1176 1580
884 1456
45 840
370 1523
272 1635
405 1329
163 656
1493 1520
890 1444
190 1319
129 1759
197 1379
503 1022
573 1686
112 1532
861 1325
12 295
323 1305
453 1560
251 1691
573 969
351 1610
495 1673
450 852
16 649
603 901
577 1675
187 1050
152 546
1046 1138
1030 1628
358 1501
87 1504
424 1689
1578 1671
1561 1761
313 1708
830 1421
1279 1501
1149 1282
696 780
92 1358
1041 1143
215 1050
1383 1492
397 1276
990 1762
65 1267
287 616
531 1099
61 898
646 1733
229 342
697 746
59 1422
667 1703
302 1127
656 1019
172 1627
547 977
311 1447
101 1314
629 1593
885 1717
100 1639
939 1528
609 1274
976 1667
1109 1614
489 947
435 1445
41 1033
1460 1494
677 1238
423 1075
1156 1705
101 741
174 209
570 608
50 1585
245 585
101 1434
100 375
1070 1117
392 1696
1118 1204
1187 1697
422 1298
1384 1477
249 644
53 1299
39 836
500 1223
173 403
1193 1329
660 787
205 759
372 1659
353 1172
656 1218
333 1751
861 1329
457 1774
104 1001
1048 1569
764 1112
584 1789
202 807
866 1435
162 847
286 1285
476 694
530 656
70 1689
93 274
332 1471
455 655
1195 1375
40 1115
1662 1789
892 1441
127 1312
926 977
1181 1262
346 1567
1043 1317
147 449
483 1650
650 1784
677 1776
1247 1408
1571 1606
31 1461
188 1164
483 1715
198 1651
174 499
487 980
912 1786
199 563
749 938
486 969
607 1663
498 550
133 1517
199 856
1247 1626
267 1108
441 1645
561 799
4 392
119 1711
822 1396
966 1770
482 927
1134 1479
171 665
540 658
161 1223
398 436
935 1513
553 1309
493 612
166 713
437 645
1596 1694
1315 1522
4 386
51 945
123 1487
208 779
638 1431
894 1439
253 527
360 1640
361 394
111 1043
838 1327
386 868
1054 1682
922 1002
269 874
546 1413
37 1406
1107 1785
898 1242
1501 1694
827 1695
29 848
571 1524
331 1383
664 1671
1015 1057
264 1420
1224 1560
582 896
328 638
428 1423
317 863
326 1463
12 1578
246 637
611 1446
730 1324
463 1238
108 1239
676 1166
708 972
260 599
620 1626
345 1331
1030 1681
390 1093
402 939
570 1669
655 890
473 1069
887 1767
598 1673
1196 1638
354 715
847 1685
691 971
19 1490
1072 1309
436 1204
52 1611
1296 1698
1416 1582
1250 1260
411 857
79 228
415 798
66 649
1010 1390
1355 1770
145 621
317 884
112 294
1425 1679
164 912
74 1679
598 740
495 1016
237 1005
1090 1659
82 1133
23 1742
1061 1444
36 371
211 1701
896 1167
719 1094
558 629
873 1237
519 1011
602 1628
244 1565
877 990
70 1408
37 1420
641 983
815 1632
212 881
499 1381
988 1465
1120 1244
88 243
1364 1697
731 795
694 765
1107 1479
336 773
295 733
1117 1614
405 578
99 1196
247 324
461 656
349 756
1344 1388
1 1696
376 658
65 763
1173 1317
46 1553
29 1413
1510 1607
528 1438
919 1189
74 1385
37 709
281 1107
446 1366
1043 1631
1136 1782
739 1054
576 1628
273 1526
11 1347
985 997
3 847
630 1504
415 940
19 602
868 1038
1473 1693
89 1134
247 998
1223 1460
599 679
370 1084
679 1620
573 579
437 1296
101 646
1268 1551
214 928
1112 1167
624 707
1529 1643
1003 1278
33 1580
1494 1632
55 800
1077 1363
1422 1471
582 958
464 1214
1274 1397
283 383
559 1452
220 1042
1108 1565
503 1764
766 1030
963 1579
1397 1660
384 726
910 1668
368 1397
655 885
456 1061
1234 1393
1215 1687
426 857
447 1155
96 480
280 1088
50 1323
159 1344
756 799
904 1027
68 704
1038 1178
1311 1743
454 1094
764 1333
390 561
18 302
1393 1785
1396 1685
575 694
1161 1196
96 1733
145 1180
689 737
573 808
1329 1768
441 1509
659 1626
82 1661
342 691
391 1701
246 1304
1489 1769
1196 1411
22 1147
1001 1499
268 841
767 1570
413 1675
1313 1392
708 1699
230 1463
22 818
535 730
1393 1740
447 592
928 1286
211 1334
762 1454
38 795
1139 1647
922 1382
316 1269
1165 1665
448 626
16 614
809 1678
910 1131
1385 1673
381 1147
1043 1256
248 1077
550 1698
86 1609
1109 1548
874 1646
1179 1363
1254 1411
202 763
1046 1529
793 799
451 1712
919 1630
79 868
307 818
171 1648
361 1245
1145 1778
201 1459
1324 1387
161 1159
746 1450
703 714
1137 1712
782 1550
1164 1423
482 777
924 1135
530 584
52 719
968 1633
382 800
854 1732
1237 1532
1729 1743
686 1330
90 1546
439 1343
460 1476
191 448
716 877
994 1073
913 1409
718 1406
294 947
1074 1783
552 961
869 1079
750 1506
310 821
708 1546
130 609
875 1222
286 1088
621 912
1440 1465
649 845
594 1727
398 1173
1396 1701
1059 1480
16 1710
296 1164
212 442
175 546
415 1542
272 1630
217 1345
563 657
133 762
527 995
523 792
1750 1787
508 1350
113 1613
20 529
1469 1604
299 1536
406 1506
1291 1593
588 614
659 1551
91 1770
513 609
101 1108
400 1684
154 544
113 456
757 853
697 1095
1221 1707
1020 1127
592 1016
1397 1693
458 1733
287 788
56 1227
105 1275
778 1460
305 637
1032 1770
160 389
499 1198
846 1638
1084 1770
155 253
463 799
52 524
24 1076
613 1095
766 1045
1431 1579
574 1628
398 1251
1058 1151
208 211
1642 1780
541 1637
439 1261
1542 1556
187 1100
77 707
566 1008
445 1765
843 986
296 339
772 1646
1276 1543
1175 1572
756 1164
233 303
732 1401
159 778
3 910
332 1655
374 640
615 1469
1305 1690
833 1127
380 621
648 841
1414 1615
443 901
932 959
888 1026
260 1262
879 1401
125 340
264 1276
109 780
720 1635
919 1363
22 652
1534 1725
137 1658
12 1140
1383 1536
153 713
1452 1623
428 1650
950 1263
994 1786
215 944
435 524
437 711
113 1458
106 539
734 1267
1398 1404
106 279
1237 1698
321 1566
627 1512
575 836
271 478
483 1097
227 503
39 1099
363 710
21 149
694 1103
691 1077
836 1725
1143 1629
1025 1294
224 1026
903 1723
230 1773
7 562
551 1260
555 914 1391 1407
538 882 914 960
570 1044 1074 1391
1258 1709 1743 1776
221 1568 1751 1780
281 760 962 1094
1056 1511 1705 1745
368 756 935 1332
290 313 1326 1326
438 942 1001 1434
671 692 783 1372
709 1347 1672 1683
825 1567 1643 1762
664 1705 1766 1787
912 1115 1396 1435
172 756 937 1547
135 418 495 718
1161 1489 1542 1786
224 545 560 609
815 1718 1739 1768
1031 1241 1545 1681
739 831 1037 1377
574 933 1067 1160
238 968 1468 1660
1023 1195 1257 1384
319 375 769 1133
783 1771 1775 1789
233 1550 1574 1645
856 1610 1682 1785
148 1707 1715 1766
876 928 1260 1557
966 1064 1404 1505
117 925 1214 1777
460 687 725 937
1105 1152 1200 1235
881 1515 1590 1716
441 678 819 1500
1604 1621 1644 1676
620 1402 1673 1728
19 996 1387 1775
72 1613 1711 1731
564 895 1319 1320
1399 1527 1540 1602
520 1418 1459 1758
108 551 831 1563
581 1763 1764 1777
582 590 1187 1537
1021 1488 1624 1765
37 1006 1541 1658
363 739 1034 1550
1723 1727 1742 1785
837 1168 1458 1464
665 1055 1145 1276
1220 1579 1713 1729
127 1436 1476 1554
250 1457 1592 1733
352 698 884 1618
940 1274 1405 1529
626 909 925 1253
145 794 871 1633
35 1509 1559 1663
428 819 890 1073
45 355 1166 1729
1014 1519 1573 1784
939 1145 1206 1283
951 1124 1231 1324
812 1063 1447 1607
1467 1533 1661 1723
864 1243 1530 1630
1315 1663 1676 1778
919 1206 1583 1589
64 689 803 1060
259 967 1008 1597
974 1057 1670 1781
1079 1497 1558 1747
137 539 617 1052
1220 1656 1683 1782
470 1553 1578 1596
900 1494 1628 1739
1204 1623 1656 1765
650 1158 1159 1453
1450 1595 1644 1709
144 912 1069 1115
488 1366 1411 1423
656 1380 1544 1762
401 429 1078 1746
1256 1405 1661 1746
551 773 823 1150
53 1780 1781 1787
123 987 1280 1742
492 757 834 1455
976 1635 1690 1746
489 1439 1621 1757
155 1553 1745 1758
269 1041 1363 1738
15 1257 1526 1545
179 248 658 1400
318 1235 1259 1479
179 419 1105 1504
1162 1570 1631 1736
1093 1483 1610 1780
435 1537 1678 1722
578 1699 1761 1769
696 1786 1788 1790
1149 1572 1681 1748
500 770 1368 1573
1003 1638 1735 1776
206 1107 1391 1584
1010 1170 1360 1571
159 1038 1631 1695
453 1470 1494 1748
100 1725 1735 1775
363 1124 1557 1702
844 1151 1332 1592
62 151 340 1155
609 1611 1623 1654
1224 1625 1721 1754
702 1343 1565 1623
383 796 1131 1171
50 78 642 897
193 203 975 1379
1573 1651 1694 1711
121 703 1277 1618
1176 1777 1780 1784
115 926 1373 1714
284 1020 1044 1413
49 65 938 1408
21 136 363 1379
361 1735 1758 1760
89 486 625 1022
461 1526 1549 1757
90 1506 1569 1733
36 384 571 1147
123 479 906 1145
425 1194 1238 1263
427 779 1491 1756
539 1144 1615 1735
1389 1390 1592 1599
731 1368 1697 1704
384 747 772 1723
771 1104 1126 1373
649 1719 1733 1738
674 1185 1299 1509
478 810 847 1515
596 1238 1312 1666
787 1767 1771 1783
1011 1466 1534 1661
67 1319 1357 1522
445 1318 1606 1609
436 1712 1752 1758
211 317 571 1719
793 1542 1578 1632
812 1547 1558 1725
566 1555 1569 1590
841 1142 1388 1582
646 1573 1612 1668
924 1515 1662 1769
129 252 1127 1553
320 826 1229 1678
1231 1485 1521 1537
1257 1460 1568 1614
540 811 1104 1155
1222 1476 1592 1743
298 572 724 856
208 362 895 905
67 147 295 307
462 778 843 1656
42 259 293 526
1089 1535 1664 1775
1453 1698 1724 1779
321 1333 1576 1723
3 1245 1475 1596
52 1038 1219 1332
433 616 1384 1457
202 908 1131 1194
57 714 1149 1488
766 1432 1485 1705
447 1459 1465 1554
9 19 173 1239
839 1743 1746 1752
837 1289 1574 1698
16 334 1210 1289
758 1386 1464 1768
545 1004 1328 1593
1064 1704 1747 1757
583 612 887 934
535 1640 1736 1780
134 1233 1423 1739
1157 1338 1375 1729
625 1072 1387 1579
24 1369 1387 1624
343 440 1312 1688
417 1451 1542 1692
190 210 1457 1461
530 1406 1415 1673
894 1550 1619 1649
142 1248 1279 1691
503 842 1006 1516
390 1334 1592 1698
48 392 555 569
880 1497 1712 1737
728 1434 1480 1525
58 1302 1319 1706
764 1337 1685 1767
837 1071 1076 1084
1131 1465 1670 1692
395 609 1186 1748
187 491 757 1412
342 654 943 1334
130 208 295 577
1207 1549 1555 1777
883 1334 1468 1724
706 1402 1647 1647
1076 1522 1638 1752
52 446 609 1454
438 762 964 1293
492 532 1502 1666
310 1767 1771 1773
69 499 1021 1668
343 787 1309 1728
476 1462 1692 1746
699 1294 1331 1606
37 1109 1339 1539
72 322 537 1039
183 1103 1275 1431
392 464 636 1174
1262 1449 1471 1540
1506 1739 1757 1781
129 309 534 734
984 1471 1654 1783
8 929 1026 1783
1362 1772 1777 1778
100 909 1423 1461
650 1095 1468 1496
59 1553 1655 1674
1000 1024 1570 1577
121 1428 1461 1622
973 1427 1448 1477
201 1009 1193 1618
691 1024 1135 1645
548 596 674 1661
331 425 879 939
326 1406 1778 1785
469 1460 1564 1658
195 565 1316 1444
78 1309 1626 1760
343 652 1017 1374
147 1126 1662 1742
717 1652 1693 1744
1138 1359 1622 1687
297 1789 1790 1790
145 1474 1576 1576
877 958 1203 1393
26 1077 1108 1712
49 174 815 1325
515 1378 1396 1725
214 468 667 961
89 1743 1747 1754
843 1019 1605 1764
1411 1492 1608 1710
400 752 835 1311
439 1708 1754 1764
234 1652 1683 1721
561 1351 1367 1421
61 1140 1753 1786
665 958 1605 1651
484 1337 1459 1499
1368 1580 1618 1678
1678 1782 1785 1785
846 1588 1637 1662
503 639 899 1146
263 1648 1665 1687
537 564 1409 1633
422 1034 1303 1420
769 1095 1421 1700
656 1726 1754 1760
369 1000 1095 1209
1402 1649 1682 1737
588 832 1547 1622
382 1098 1176 1212
31 1534 1585 1676
655 809 1075 1485
64 1054 1534 1592
266 711 883 1073
2 1428 1526 1574
1096 1180 1190 1325
205 526 949 1245
323 1430 1529 1531
1073 1713 1724 1757
793 1549 1710 1737
452 868 1282 1358
425 1340 1575 1730
30 1718 1750 1782
1111 1345 1553 1772
1725 1726 1736 1754
952 1692 1709 1763
1078 1583 1704 1738
700 971 1022 1655
1113 1344 1371 1432
154 1686 1758 1767
1131 1519 1572 1602
1446 1759 1770 1777
1194 1203 1310 1442
263 271 457 688
1263 1745 1764 1772
726 754 936 1509
154 251 502 1644
229 468 942 1443
1117 1673 1695 1786
1222 1340 1655 1762
777 1601 1652 1758
763 1685 1696 1706
762 940 1363 1751
169 1060 1198 1537
21 1235 1586 1757
1367 1658 1724 1788
918 1384 1416 1561
152 833 1243 1429
1719 1773 1776 1785
853 1451 1633 1669
147 1508 1624 1765
514 1739 1741 1759
793 811 1191 1398
3 527 842 1543
4 18 161 1066
111 1650 1690 1698
133 1698 1719 1730
252 1547 1633 1652
345 1096 1227 1466
714 1202 1456 1495
1130 1187 1366 1739
1208 1236 1309 1634
440 1167 1569 1721
292 949 1276 1720
1042 1165 1465 1743
1365 1625 1720 1780
1401 1615 1689 1744
269 605 1148 1214
1105 1743 1752 1774
378 1056 1114 1360
213 1450 1484 1525
1580 1754 1772 1773
1373 1780 1781 1785
962 1566 1651 1699
369 1284 1515 1711
93 1750 1773 1778
1228 1406 1432 1505
1681 1789 1790 1790
741 848 1142 1234
379 657 1465 1780
1144 1436 1504 1776
480 979 1411 1629
1367 1719 1742 1744
458 743 1445 1517
864 1296 1395 1471
657 1289 1304 1661
767 1622 1697 1755
1262 1450 1485 1640
388 834 1091 1204
301 821 863 1144
1281 1536 1618 1727
452 1140 1208 1758
810 835 1354 1395
442 904 958 1435
1005 1112 1492 1503
320 1511 1631 1732
87 1094 1712 1718
29 1227 1381 1599
1126 1479 1501 1677
177 425 947 1322
775 1147 1446 1738
937 1411 1494 1704
42 1705 1723 1759
507 1574 1642 1772
811 1576 1618 1699
374 936 1699 1787
611 738 1071 1426
252 1028 1038 1315
826 1707 1756 1785
695 1132 1152 1154
70 205 371 1508
772 1149 1164 1710
1045 1373 1663 1782
959 1061 1246 1617
1622 1678 1714 1753
248 1141 1268 1627
905 1644 1696 1777
221 1034 1182 1552
1174 1592 1618 1632
357 484 567 1332
990 1040 1050 1095
351 1076 1617 1678
121 1776 1779 1782
497 1774 1776 1784
750 1434 1542 1641
835 1723 1770 1778
44 1735 1772 1784
20 102 700 1382
1299 1645 1646 1695
454 819 1184 1716
416 1594 1641 1707
406 1745 1760 1767
42 1472 1478 1641
6 878 1541 1767
29 323 1425 1566
757 1655 1669 1747
1427 1673 1715 1785
429 728 738 767
293 561 1044 1352
623 1477 1499 1633
766 1417 1450 1509
1368 1727 1781 1785
304 1534 1535 1615
166 336 932 1393
1456 1608 1666 1747
199 341 856 890
326 1710 1713 1737
1584 1697 1733 1747
196 794 894 1635
1081 1197 1207 1648
487 1671 1673 1784
815 1322 1446 1557
239 1668 1738 1771
1203 1568 1677 1729
21 1731 1741 1760
1001 1687 1765 1783
1551 1575 1635 1653
1500 1511 1540 1761
906 1385 1495 1675
11 1232 1439 1584
304 844 1081 1779
1401 1463 1725 1733
530 974 1041 1223
70 1386 1448 1503
598 1449 1499 1627
499 1234 1248 1300
261 340 1376 1494
1095 1604 1667 1683
311 944 1558 1689
206 692 1331 1495
72 1565 1776 1789
718 885 1326 1386
376 1291 1354 1451
649 1299 1325 1407
13 373 788 1210
299 1561 1684 1762
1007 1285 1336 1787
464 548 1184 1621
38 487 875 947
411 1213 1224 1634
655 1553 1675 1727
15 1263 1345 1766
85 1633 1675 1720
381 1238 1290 1492
616 1516 1592 1632
39 1070 1737 1752
708 729 756 1075
549 1766 1768 1781
465 698 705 999
22 1018 1108 1566
904 1126 1545 1656
94 720 916 1180
922 1351 1365 1569
1193 1252 1514 1756
169 737 1184 1390
323 886 1111 1262
545 1133 1148 1210
1014 1744 1758 1785
1019 1435 1457 1716
223 1185 1595 1784
1000 1308 1536 1572
340 898 1286 1314
169 247 289 1235
1105 1451 1597 1623
451 500 787 956
1562 1700 1729 1778
48 1414 1502 1755
854 1679 1690 1788
441 814 1623 1683
1314 1444 1570 1759
799 1280 1374 1652
176 401 1418 1790
652 1696 1716 1750
594 1769 1775 1779
67 556 1079 1135
423 553 715 1788
907 1360 1389 1626
200 330 938 1572
1459 1710 1740 1772
1508 1701 1713 1722
1415 1500 1729 1743
126 1433 1479 1703
958 1771 1779 1788
1519 1778 1784 1789
240 1410 1432 1606
219 704 1179 1658
284 859 1276 1707
541 1208 1786 1788
26 265 316 446
1250 1302 1351 1542
190 1388 1529 1754
31 1436 1534 1672
691 1627 1652 1724
905 1403 1662 1724
841 1234 1458 1736
1486 1776 1784 1788
1292 1444 1484 1490
982 1046 1165 1286
13 1623 1664 1737
1175 1307 1346 1429
79 735 850 1109
38 765 773 1296
452 1090 1495 1660
393 1319 1507 1523
67 631 1276 1620
716 988 1199 1701
1084 1132 1308 1534
1367 1746 1752 1773
1324 1376 1407 1708
1134 1283 1400 1443
140 164 1611 1765
951 1487 1510 1520
286 1373 1685 1720
273 1580 1660 1762
108 969 1202 1432
1315 1386 1436 1659
855 1433 1648 1670
1050 1185 1402 1642
299 994 1241 1382
787 1687 1715 1725
748 853 1206 1251
801 1389 1613 1735
993 1332 1707 1739
325 1121 1312 1617
261 849 967 1350
533 1361 1363 1768
44 628 1078 1230
546 805 910 1728
94 161 378 1581
109 926 1298 1372
411 1240 1281 1407
557 1239 1311 1637
1479 1784 1786 1788
389 1249 1489 1607
64 1600 1616 1740
855 1453 1549 1552
962 1571 1579 1673
102 638 641 1155
6 736 1005 1458
242 552 864 1574
66 1114 1466 1788
243 448 1222 1477
555 1053 1169 1557
1271 1742 1757 1778
1042 1658 1776 1789
36 1586 1659 1663
221 407 518 578
188 352 861 1243
1012 1171 1243 1394
128 274 1424 1746
97 1027 1219 1546
562 785 1163 1227
1608 1740 1760 1773
545 1682 1712 1738
389 1630 1647 1691
496 564 862 1423
212 941 1366 1764
454 1703 1720 1771
1022 1776 1789 1789
198 954 1455 1656
1306 1607 1658 1740
240 1526 1613 1718
9 1187 1569 1725
1415 1707 1712 1786
163 1214 1413 1622
371 921 1211 1486
143 670 897 1735
943 1171 1278 1494
608 782 1322 1349
587 775 1400 1411
573 596 605 1721
1042 1092 1470 1486
576 884 1072 1716
954 1775 1779 1787
205 1437 1771 1786
603 1185 1769 1790
396 708 889 1075
703 1120 1299 1583
814 1181 1270 1369
546 1426 1439 1472
621 963 1134 1342
324 1520 1581 1757
202 1366 1474 1590
227 1788 1789 1790
160 1300 1462 1719
1100 1629 1643 1671
113 1302 1547 1648
467 687 1356 1683
1033 1692 1724 1753
731 1140 1496 1766
245 1240 1576 1688
95 1524 1612 1633
282 1428 1641 1654
992 1510 1573 1691
16 1496 1578 1710
79 1509 1558 1733
642 1001 1075 1420
415 1630 1686 1737
532 1607 1712 1748
904 1462 1561 1665
373 1741 1776 1789
673 992 1713 1738
1131 1454 1511 1593
352 1506 1609 1776
211 741 832 913
826 1252 1448 1567
1246 1473 1627 1759
321 1599 1683 1720
612 698 1168 1720
144 189 225 1682
1007 1356 1451 1458
751 1733 1779 1788
52 169 792 912
1376 1650 1760 1762
118 1296 1578 1672
237 791 846 1126
478 1350 1596 1695
1335 1687 1708 1758
248 1431 1548 1630
988 1649 1752 1760
51 772 1259 1659
318 1183 1469 1757
1487 1549 1636 1752
425 633 1082 1379
1045 1427 1527 1529
343 1458 1470 1766
234 1497 1564 1784
1199 1699 1740 1780
121 423 993 1116
66 1389 1400 1646
1003 1201 1550 1710
1146 1467 1475 1717
687 904 1247 1594
529 1760 1764 1790
623 668 1197 1355
1156 1223 1346 1665
939 1606 1695 1786
1121 1174 1420 1435
697 899 1030 1073
569 1706 1719 1777
109 1043 1307 1675
63 1204 1562 1660
196 1458 1617 1734
885 1759 1763 1779
932 1301 1514 1531
135 632 908 1462
414 1193 1217 1330
413 489 695 836
223 1359 1394 1522
522 862 898 1159
194 527 1215 1374
424 713 1046 1069
1050 1589 1677 1694
1043 1667 1700 1774
335 1351 1643 1782
561 596 1136 1283
302 1779 1785 1787
1177 1252 1302 1743
879 1520 1712 1768
1158 1241 1312 1620
80 1359 1526 1539
421 1238 1500 1686
189 1718 1735 1747
366 1165 1377 1404
122 798 951 1772
1111 1486 1637 1722
487 689 1078 1281
409 1219 1367 1514
192 530 1087 1472
139 979 1014 1486
270 1582 1638 1736
150 1047 1294 1448
384 556 601 822
301 1244 1252 1748
376 917 1033 1093
139 523 531 875
632 1575 1603 1638
1317 1688 1693 1779
208 383 989 1782
1634 1706 1740 1778
1337 1396 1656 1736
1336 1644 1661 1786
207 1682 1745 1787
3 480 897 919
1085 1399 1418 1735
983 1012 1176 1714
122 830 1362 1475
1225 1755 1779 1787
477 1170 1520 1612
557 1483 1485 1774
614 748 786 1323
144 990 1328 1723
122 693 772 1361
602 665 964 1662
842 1623 1656 1734
343 721 1133 1378
57 1449 1673 1703
660 1245 1381 1474
804 1038 1387 1445
125 509 676 1334
1518 1614 1643 1646
1565 1691 1757 1759
1242 1291 1452 1544
5 1677 1689 1786
593 1528 1678 1740
1008 1320 1472 1778
1130 1414 1549 1762
525 1584 1691 1769
152 520 580 1732
921 1231 1539 1730
20 1527 1724 1733
162 1280 1318 1600
540 869 1087 1204
1256 1545 1609 1621
178 947 1058 1602
1255 1346 1408 1411
747 1634 1700 1773
911 1192 1599 1769
406 655 1422 1751
143 980 1010 1323
214 1212 1257 1740
437 843 875 1546
1011 1319 1478 1719
302 582 1343 1717
729 1141 1329 1646
1485 1570 1772 1777
94 848 978 1785
834 1319 1386 1761
53 592 1327 1491
444 1131 1320 1720
148 264 456 590
71 207 739 1616
259 697 1457 1502
273 1381 1405 1456
459 878 1268 1647
377 1359 1528 1747
802 1497 1718 1739
91 992 1149 1395
53 1056 1168 1290
518 1507 1576 1663
1261 1742 1744 1750
922 1354 1411 1640
1191 1749 1777 1785
61 1559 1568 1638
276 877 1516 1605
1395 1657 1691 1742
812 1648 1680 1682
337 1523 1729 1737
1017 1412 1570 1694
404 1433 1760 1783
968 1239 1423 1762
468 1291 1706 1747
78 181 501 1000
355 449 1077 1763
774 1065 1247 1312
12 1584 1635 1726
136 1702 1721 1763
218 764 1238 1239
1312 1456 1664 1777
1137 1414 1490 1746
897 953 1566 1736
866 1484 1520 1765
849 1235 1452 1731
255 1320 1487 1738
1455 1649 1700 1765
796 1574 1732 1765
1124 1434 1484 1600
147 375 433 1086
269 592 984 1484
213 1048 1099 1627
1206 1763 1781 1782
290 1288 1441 1522
19 663 887 1332
408 1183 1382 1760
595 1639 1679 1723
146 1409 1420 1748
674 1415 1650 1729
88 1674 1695 1789
1222 1634 1636 1723
407 518 540 1386
691 1138 1390 1447
69 646 1302 1552
792 1091 1166 1365
326 1772 1773 1785
820 1644 1732 1766
825 1213 1410 1604
460 608 716 1758
186 1581 1633 1740
1093 1304 1310 1400
446 1404 1467 1612
1718 1776 1782 1790
511 1474 1613 1744
99 394 1215 1235
695 991 1073 1413
196 372 1052 1545
1480 1746 1779 1782
205 685 819 1046
1361 1363 1731 1749
163 1039 1452 1487
140 1171 1451 1615
328 1691 1712 1740
466 804 936 1713
495 1315 1386 1507
146 1463 1490 1786
14 1455 1614 1681
294 1123 1282 1474
471 1210 1282 1554
228 323 923 1535
1060 1070 1435 1763
120 1545 1608 1782
715 1180 1464 1719
369 833 984 1479
335 542 1220 1381
637 772 1279 1654
1444 1627 1676 1732
327 377 504 1401
961 1484 1591 1774
1390 1737 1761 1785
140 645 721 1774
1689 1746 1775 1790
661 1343 1427 1545
649 1786 1788 1790
480 788 789 1787
60 382 839 1574
1356 1453 1467 1572
606 1004 1369 1468
509 891 1397 1595
287 1114 1271 1669
719 1409 1604 1634
610 741 1238 1259
160 893 900 1566
57 988 1019 1088
414 1706 1756 1784
36 348 1347 1351
775 1621 1636 1767
387 1595 1634 1744
708 1616 1698 1781
621 1282 1286 1485
414 1076 1239 1655
1010 1514 1519 1570
289 1666 1738 1787
715 1415 1677 1678
6 289 714 850
798 1710 1734 1755
325 684 1121 1262
121 1111 1201 1564
1682 1733 1743 1776
1015 1302 1599 1667
163 325 1136 1198
561 1180 1207 1356
12 969 1144 1661
540 596 1559 1651
173 1552 1559 1663
487 961 987 1021
1228 1293 1550 1551
843 950 1364 1477
254 401 633 1717
82 1577 1623 1629
1038 1219 1290 1559
1696 1772 1779 1779
58 929 1008 1433
86 710 746 779
1398 1479 1704 1715
596 952 1014 1704
1085 1673 1691 1714
771 1399 1435 1573
164 815 1068 1374
399 1226 1318 1755
551 1385 1615 1774
493 955 1076 1461
1109 1543 1613 1779
22 118 956 1110
985 1592 1596 1724
1648 1785 1786 1790
42 1726 1765 1777
819 1313 1360 1389
15 556 1097 1391
654 967 1689 1717
65 1452 1519 1672
150 218 1008 1245
685 1594 1658 1746
41 1629 1706 1736
102 323 1368 1690
773 1237 1410 1722
77 505 997 1196
141 1251 1532 1651
242 1565 1645 1724
969 1065 1328 1371
265 496 1001 1229
84 1144 1522 1556
473 743 1049 1258
127 162 592 806
7 74 842 1379
1402 1570 1665 1697
1464 1746 1748 1790
95 873 1497 1769
913 1364 1566 1666
244 525 634 1044
906 971 1183 1429
221 461 510 1080
698 798 1245 1742
884 1586 1679 1759
468 1321 1707 1737
1370 1735 1742 1790
448 844 1240 1656
314 1232 1399 1613
698 975 1563 1645
328 764 951 1276
28 717 1100 1550
471 653 1452 1741
596 1053 1648 1764
275 539 1402 1594
78 555 605 1292
11 433 551 900
346 1743 1766 1784
777 1568 1668 1790
1267 1778 1781 1788
596 1581 1623 1737
692 697 884 1211
459 1569 1643 1666
327 1700 1710 1765
697 791 1194 1229
293 1390 1394 1559
702 780 1049 1420
217 1462 1642 1748
1093 1354 1421 1750
932 1459 1548 1753
619 1600 1635 1682
777 1777 1784 1790
1325 1504 1644 1664
351 413 501 557
1083 1776 1777 1790
1234 1679 1682 1693
27 1676 1687 1753
90 868 995 1559
1072 1468 1480 1549
1276 1452 1553 1553
275 318 502 570
887 1180 1185 1694
229 388 1315 1545
240 1653 1655 1767
569 1516 1586 1645
634 1491 1526 1788
1075 1702 1712 1723
1180 1722 1764 1775
1149 1535 1564 1743
478 1053 1131 1238
460 706 992 1622
1094 1595 1715 1723
558 913 949 1225
68 634 1413 1700
1474 1763 1764 1779
569 1701 1745 1776
1371 1400 1588 1700
1191 1445 1531 1755
702 1000 1281 1578
37 801 1286 1561
203 1343 1360 1684
279 1713 1720 1775
812 1199 1380 1584
18 1691 1740 1767
260 1626 1636 1732
1055 1085 1178 1194
681 1078 1440 1513
548 1201 1371 1441
786 1613 1639 1683
506 1279 1357 1704
714 1032 1118 1288
443 1738 1773 1787
1136 1787 1788 1790
161 1321 1322 1712
122 1423 1693 1761
10 16 1563 1571
33 1650 1653 1749
112 352 937 1091
1542 1640 1641 1701
595 1101 1111 1314
1266 1764 1770 1790
1126 1403 1612 1731
282 284 436 1595
1753 1781 1783 1784
470 996 1681 1762
40 1173 1359 1623
1112 1339 1417 1510
999 1051 1256 1717
568 1699 1707 1766
611 1029 1090 1536
312 1581 1594 1661
866 1732 1743 1782
678 1466 1528 1719
1558 1575 1753 1767
709 1524 1584 1595
940 1584 1587 1607
1114 1214 1461 1639
926 1629 1641 1726
844 1545 1655 1667
816 916 1027 1723
44 127 737 1788
789 1139 1268 1475
23 234 242 1414
998 1054 1254 1775
376 1693 1696 1722
206 278 735 1221
1011 1439 1613 1661
142 1436 1511 1639
6 1158 1446 1690
547 1625 1696 1761
288 602 1092 1561
1270 1488 1502 1767
917 1015 1262 1444
1200 1345 1390 1606
619 1519 1548 1595
63 933 1300 1543
1328 1751 1757 1769
1036 1196 1201 1684
584 1477 1505 1581
239 1101 1177 1253
352 1549 1678 1718
28 410 583 1334
717 938 1434 1571
185 596 638 1547
425 1550 1706 1782
349 1102 1173 1194
209 541 1088 1768
1220 1242 1392 1778
1029 1621 1643 1771
262 1778 1783 1783
90 821 1150 1638
154 1481 1524 1738
1432 1702 1740 1772
403 1499 1603 1652
3 768 1160 1276
186 384 802 1440
1511 1757 1771 1781
388 1143 1408 1534
302 719 796 1362
955 960 968 1259
734 1544 1561 1715
524 1376 1656 1761
73 1723 1742 1788
122 862 1157 1173
1289 1363 1501 1619
876 1187 1475 1737
67 815 1024 1526
295 594 1634 1672
12 856 954 1360
1318 1773 1775 1779
253 408 1094 1482
1006 1537 1548 1651
974 1143 1417 1599
630 1085 1538 1603
692 1174 1225 1549
1074 1425 1599 1756
904 923 1483 1702
66 947 1136 1172
235 311 312 797
863 1704 1738 1765
1330 1444 1534 1549
92 990 1101 1691
71 1326 1350 1654
947 1675 1682 1736
716 854 1224 1475
97 1693 1719 1720
477 1526 1703 1736
1700 1777 1780 1783
1150 1284 1295 1698
187 1044 1142 1783
989 1153 1345 1545
656 800 1677 1742
905 1055 1655 1673
1219 1494 1704 1757
353 879 1354 1765
17 1435 1511 1681
1054 1207 1392 1655
647 716 1247 1455
744 874 1435 1476
245 1212 1463 1770
108 140 752 895
962 1375 1708 1733
314 417 1027 1106
70 1635 1644 1748
920 1605 1662 1725
634 821 839 922
1088 1707 1754 1783
659 998 1062 1489
918 1376 1468 1754
204 541 1003 1448
440 1613 1661 1779
837 953 1133 1158
460 1270 1657 1674
847 997 1256 1285
1118 1214 1449 1639
601 1234 1619 1787
1269 1553 1661 1761
464 743 751 1695
455 1308 1522 1688
19 753 1130 1186
555 584 909 1325
1713 1734 1752 1766
1438 1691 1721 1750
191 1151 1340 1701
454 1022 1203 1507
772 1292 1380 1456
495 927 1073 1671
129 817 936 1436
453 587 653 1626
963 1326 1355 1548
1579 1772 1776 1782
460 1708 1755 1773
299 1106 1211 1467
1508 1730 1754 1786
392 1564 1567 1638
199 470 548 926
915 1693 1696 1699
1331 1337 1448 1760
10 837 907 1029
219 1106 1276 1758
829 1364 1541 1552
1040 1092 1198 1490
1501 1670 1698 1729
959 1763 1770 1775
180 1720 1736 1769
109 1461 1499 1786
606 1742 1765 1778
65 1651 1679 1737
920 1328 1380 1506
125 1614 1646 1708
73 390 487 1307
56 1016 1417 1634
1008 1239 1317 1501
209 1668 1673 1784
470 1311 1744 1747
1445 1754 1768 1782
1458 1582 1689 1700
1494 1534 1573 1723
290 920 1030 1087
87 1467 1546 1757
1265 1471 1551 1777
1318 1672 1693 1731
184 1091 1232 1346
673 1666 1691 1739
120 1111 1425 1438
1288 1535 1591 1777
640 1573 1709 1724
491 531 1571 1706
74 410 493 715
1273 1353 1551 1641
161 1558 1690 1738
5 1583 1588 1776
772 1170 1488 1569
383 1210 1374 1392
774 1288 1400 1468
1091 1435 1610 1673
156 1046 1611 1713
888 1068 1143 1378
934 1709 1717 1739
422 841 1011 1150
388 657 1625 1674
1511 1684 1730 1736
113 268 347 365
34 545 1242 1778
207 614 1165 1256
732 1616 1725 1748
642 1275 1624 1732
17 1296 1369 1449
55 855 1352 1495
1016 1145 1628 1703
1074 1602 1681 1716
1138 1611 1677 1684
479 770 992 1400
1281 1348 1510 1645
143 217 1467 1564
730 995 1211 1462
711 840 1197 1471
623 1097 1208 1705
207 1766 1786 1788
46 433 1159 1403
1152 1505 1644 1714
934 1163 1385 1750
801 1041 1517 1614
51 110 1462 1608
132 1004 1259 1503
608 792 804 1429
686 1555 1652 1760
1230 1507 1721 1768
846 1096 1291 1764
317 694 698 1694
1202 1745 1776 1785
1511 1775 1785 1785
1486 1645 1655 1744
1389 1548 1681 1722
1051 1477 1625 1671
722 1233 1358 1689
125 828 1621 1746
1010 1742 1782 1783
622 1764 1766 1773
1550 1772 1775 1777
747 1541 1629 1753
1190 1744 1767 1785
19 156 1159 1713
850 1175 1485 1724
1341 1451 1565 1718
95 1625 1712 1747
188 1011 1391 1712
943 1361 1645 1780
1296 1571 1590 1608
1255 1570 1656 1703
344 1285 1493 1557
113 360 635 1097
215 1300 1519 1607
322 1730 1746 1765
649 1769 1770 1771
734 1369 1473 1550
1236 1383 1467 1493
1278 1422 1757 1779
22 1587 1692 1788
95 1737 1739 1780
450 588 640 1080
636 1257 1347 1771
1224 1697 1709 1750
787 1406 1674 1722
690 1193 1357 1573
213 1682 1688 1751
937 1072 1342 1400
136 525 1097 1372
69 670 1149 1657
609 1101 1196 1512
887 1395 1447 1692
1208 1578 1652 1669
511 741 1291 1630
2 1526 1705 1780
505 1551 1567 1697
805 926 1180 1310
196 1261 1418 1576
523 1106 1684 1785
33 1099 1153 1248
1564 1697 1712 1729
342 479 1323 1618
438 442 766 1107
143 1318 1501 1756
373 632 1320 1335
336 830 1145 1469
716 1497 1771 1778
347 1675 1679 1727
231 1452 1484 1596
847 862 869 1164
159 516 1367 1455
500 1644 1650 1739
1325 1593 1674 1699
460 1317 1375 1777
127 670 687 1326
205 262 749 1575
1365 1391 1510 1693
1138 1743 1764 1766
16 1603 1628 1639
394 1728 1752 1781
736 904 928 982
67 945 1010 1571
1015 1736 1752 1765
539 736 1684 1715
314 1010 1035 1353
87 1210 1640 1745
24 1642 1670 1727
631 1443 1523 1569
807 1292 1509 1608
915 1262 1594 1788
1425 1451 1660 1738
277 1179 1480 1582
125 1041 1194 1437
1272 1444 1561 1712
849 915 1452 1733
609 1327 1477 1695
89 615 984 1438
1152 1492 1716 1790
4 638 912 1788
44 971 1491 1695
1023 1701 1722 1782
544 1606 1732 1782
813 951 974 1341
1017 1084 1179 1615
876 1508 1524 1587
673 1294 1399 1417
1004 1630 1635 1790
1077 1309 1529 1627
820 1512 1553 1587
45 190 907 1399
793 909 987 1216
572 1765 1768 1773
713 1506 1691 1724
655 1031 1054 1239
83 545 909 1134
645 1268 1292 1464
378 1524 1565 1567
531 661 749 925
412 973 1296 1356
232 650 1235 1511
65 567 1168 1414
1057 1206 1250 1550
342 1305 1427 1495
669 761 1217 1352
580 1262 1290 1321
482 1015 1765 1783
523 1566 1570 1764
414 1398 1559 1763
477 794 930 1123
404 1282 1447 1564
92 1744 1764 1785
1271 1702 1709 1719
953 1780 1782 1782
44 1001 1492 1599
605 1312 1395 1557
776 1723 1735 1781
599 632 1257 1453
331 1210 1491 1588
1214 1613 1643 1707
272 527 863 1483
143 877 1442 1685
127 1297 1406 1469
612 1785 1787 1787
533 1020 1455 1644
142 1512 1560 1777
1090 1447 1609 1707
268 1074 1586 1649
104 1003 1585 1742
985 1002 1442 1605
662 898 1089 1105
634 1309 1551 1611
1162 1211 1263 1591
569 1701 1789 1789
313 798 1687 1714
201 383 639 1457
1637 1764 1765 1767
198 891 996 1121
115 960 1535 1661
1032 1480 1518 1597
622 1775 1789 1790
121 426 921 1482
292 839 1077 1398
343 1404 1523 1623
1148 1748 1776 1790
1404 1515 1584 1741
472 710 1612 1630
136 1144 1393 1617
25 1688 1712 1757
227 1343 1485 1557
344 931 1187 1353
665 1072 1196 1440
90 1386 1734 1741
1027 1728 1760 1786
514 1182 1441 1597
329 1267 1447 1717
1267 1347 1750 1774
46 673 1130 1175
260 1419 1536 1723
633 914 1127 1519
429 1015 1744 1745
608 1102 1481 1577
269 702 1369 1742
137 1579 1634 1643
824 1353 1716 1774
791 1061 1384 1552
1477 1748 1766 1782
875 1169 1368 1709
470 1132 1754 1763
764 1261 1276 1535
835 1378 1459 1624
1127 1380 1425 1770
402 671 756 1367
604 969 1230 1464
296 1152 1557 1672
905 1169 1260 1530
859 996 1061 1199
1138 1237 1389 1611
746 1244 1371 1387
1161 1163 1245 1483
1318 1650 1699 1731
1255 1423 1495 1607
1048 1125 1207 1225
138 174 308 396
129 447 1146 1238
173 851 1616 1741
420 1134 1396 1676
1208 1423 1488 1748
991 1249 1403 1724
1268 1405 1495 1668
93 1599 1605 1717
298 428 1047 1701
1590 1680 1695 1773
1048 1715 1731 1732
456 507 1005 1544
727 1736 1769 1783
1236 1781 1783 1787
1260 1698 1746 1762
931 1171 1592 1613
353 689 1005 1136
135 878 1480 1679
275 685 1024 1085
714 1662 1711 1744
553 858 1328 1419
734 854 1109 1343
1137 1616 1637 1730
682 1563 1666 1693
162 528 944 972
814 1089 1487 1599
1018 1601 1630 1691
84 766 959 1020
996 1685 1759 1765
1182 1531 1548 1765
11 706 762 911
936 1379 1610 1660
306 1450 1681 1763
1124 1561 1569 1587
564 1128 1286 1576
1105 1492 1530 1755
1442 1694 1740 1776
128 220 653 1503
149 394 521 1235
325 865 937 1720
242 831 992 1075
1684 1764 1780 1789
235 1154 1381 1748
245 270 489 716
978 1114 1747 1771
486 979 1585 1696
756 1027 1349 1619
473 802 1461 1689
28 1285 1311 1686
90 111 271 1074
972 973 1586 1630
662 1092 1150 1559
1190 1273 1569 1725
49 874 1265 1561
986 1618 1667 1690
953 1086 1404 1607
588 1582 1726 1780
1131 1232 1336 1407
848 1688 1695 1736
967 987 1105 1633
58 321 603 1486
754 923 1044 1319
1028 1744 1783 1787
341 912 1027 1713
703 1711 1741 1776
488 651 874 1382
290 1688 1721 1785
1331 1556 1631 1638
602 711 788 1013
133 1635 1788 1789
1028 1145 1161 1317
713 913 934 1173
804 1390 1590 1758
276 1616 1634 1782
426 1077 1332 1670
1039 1413 1666 1719
510 818 1031 1768
231 406 788 1316
1023 1753 1773 1776
503 704 1265 1301
712 1310 1565 1790
264 1734 1770 1770
1281 1496 1663 1719
768 861 883 970
849 917 942 1337
835 1324 1415 1730
805 1454 1773 1777
115 962 1001 1663
1393 1777 1785 1785
409 861 1228 1232
209 480 995 1417
1188 1600 1602 1657
87 237 545 1365
877 1604 1654 1657
451 764 805 1298
181 1060 1119 1774
1097 1563 1700 1781
747 1490 1586 1588
520 823 935 1752
718 1702 1711 1773
39 885 1127 1216
313 1153 1190 1515
535 708 770 1687
114 1371 1500 1689
194 1470 1612 1771
1226 1535 1691 1756
1020 1287 1322 1644
859 1034 1458 1488
831 1567 1705 1739
833 891 1043 1561
1595 1678 1745 1747
445 1643 1695 1786
76 1700 1751 1765
476 1198 1607 1686
635 1218 1476 1719
1350 1585 1741 1761
768 1074 1405 1696
734 1407 1426 1724
256 1465 1538 1575
700 1365 1515 1723
614 1436 1482 1533
985 1407 1673 1778
728 1702 1709 1775
299 658 981 1657
220 298 566 1250
481 835 1734 1771
449 490 1397 1677
912 1224 1320 1525
858 1380 1489 1504
982 1137 1155 1489
1170 1738 1757 1781
210 561 1207 1227
213 1651 1738 1754
886 1421 1513 1538
1638 1730 1755 1771
1166 1236 1424 1463
1419 1778 1780 1790
902 1560 1654 1737
47 864 1616 1766
599 1189 1268 1317
718 1782 1787 1787
6 875 1100 1481
400 865 1323 1510
78 388 899 1033
928 1020 1124 1652
235 1660 1715 1781
462 681 1009 1231
20 1763 1774 1782
321 1391 1496 1717
613 1408 1618 1762
68 403 1076 1266
99 1059 1419 1680
284 930 1260 1421
413 1030 1076 1162
283 1444 1594 1773
329 450 684 1126
167 604 799 1461
128 1646 1723 1735
909 1180 1237 1470
399 1727 1734 1757
1239 1266 1453 1470
581 1405 1459 1746
879 1284 1299 1594
899 1489 1657 1708
540 600 978 1179
7 115 1107 1141
319 556 818 1014
153 1018 1119 1164
923 1419 1477 1716
207 565 723 799
373 1686 1710 1720
800 907 1539 1788
1524 1561 1628 1670
554 661 665 1056
460 821 1069 1533
495 596 1457 1590
1299 1498 1516 1750
870 996 1290 1304
1166 1573 1577 1777
234 630 1095 1661
1438 1555 1695 1747
405 1022 1482 1692
108 967 1451 1622
179 739 847 1023
1080 1081 1216 1725
489 590 1412 1506
973 1088 1125 1448
746 999 1402 1484
676 1673 1704 1735
1001 1606 1613 1760
459 1580 1590 1731
1236 1655 1668 1700
455 1501 1504 1628
30 1149 1263 1698
510 609 664 863
27 857 1188 1449
151 1077 1173 1178
820 1265 1382 1468
103 1040 1199 1759
263 1495 1572 1730
403 1244 1354 1384
209 736 835 1671
1102 1327 1397 1645
246 448 796 1337
567 587 1084 1659
1021 1566 1571 1636
671 1755 1764 1789
862 1352 1382 1488
435 1040 1360 1443
273 986 1283 1345
1199 1605 1622 1663
359 712 729 816
168 1539 1547 1601
578 969 1144 1651
531 1723 1742 1747
575 1547 1698 1738
1090 1475 1587 1654
135 1159 1243 1284
557 1552 1568 1729
24 768 1296 1463
854 1464 1550 1710
48 1212 1345 1556
1295 1542 1589 1665
491 1619 1638 1661
136 809 1246 1403
18 992 1109 1721
537 1382 1525 1749
743 788 1482 1698
147 730 1070 1169
145 1653 1734 1748
444 836 1058 1613
1614 1686 1720 1765
301 1367 1593 1634
1482 1706 1734 1745
1122 1526 1616 1711
313 1148 1627 1650
554 588 1620 1718
291 529 896 1515
639 1262 1667 1772
807 1281 1457 1691
469 988 1164 1409
309 891 1612 1720
211 1220 1265 1333
195 1765 1772 1787
1497 1675 1710 1711
676 1291 1666 1786
443 1728 1752 1753
466 1096 1178 1246
182 441 979 1599
341 1336 1386 1428
389 916 1119 1300
319 924 1568 1690
1192 1470 1494 1615
128 1646 1670 1777
824 1492 1539 1615
111 1372 1553 1761
778 1576 1643 1766
1079 1625 1661 1780
701 1761 1764 1776
488 901 1217 1505
1288 1762 1768 1786
1245 1253 1398 1774
286 544 637 1370
305 1709 1734 1745
732 1326 1682 1702
706 1025 1140 1493
56 644 1049 1501
1256 1786 1789 1790
1227 1704 1772 1776
1277 1715 1759 1762
509 1605 1669 1678
418 1731 1772 1790
589 1727 1734 1777
339 573 596 1481
774 1720 1741 1756
563 1733 1780 1783
125 1728 1736 1770
884 1752 1784 1788
16 1189 1481 1637
911 1745 1772 1774
352 1572 1668 1750
1090 1620 1635 1646
190 791 977 1330
261 1638 1701 1756
404 1175 1263 1713
57 630 1355 1492
105 1700 1708 1727
377 972 1363 1722
494 1058 1077 1194
1113 1789 1790 1790
1439 1452 1506 1557
488 854 1199 1387
373 1026 1547 1752
1096 1737 1744 1772
898 1416 1533 1552
656 705 1130 1638
1180 1357 1364 1683
266 940 1135 1741
509 1158 1362 1463
476 1435 1476 1715
696 878 1092 1530
592 757 1233 1668
682 1288 1360 1664
1009 1770 1779 1784
105 725 937 1555
691 1612 1705 1714
413 831 1171 1357
689 1644 1770 1772
205 1522 1678 1757
344 362 392 1402
815 1053 1215 1298
437 1409 1561 1711
309 1463 1672 1692
422 1065 1153 1326
502 1183 1261 1299
436 447 1450 1735
154 444 467 904
1415 1631 1663 1768
508 844 1492 1676
947 1381 1567 1654
772 814 990 1225
307 1061 1306 1599
358 746 1565 1656
725 1783 1787 1789
1031 1163 1173 1715
1099 1542 1753 1783
542 1059 1062 1091
294 1085 1559 1672
460 631 822 1425
221 235 497 1138
166 1283 1450 1644
492 928 1109 1287
642 1788 1790 1790
409 1780 1783 1790
1188 1684 1692 1783
491 764 1334 1603
888 1575 1601 1662
851 918 947 1674
378 1599 1615 1784
371 1071 1151 1303
123 852 1432 1777
898 1693 1720 1728
500 704 835 1053
1266 1316 1574 1730
483 1323 1534 1720
301 1007 1131 1370
661 1369 1538 1555
593 1244 1616 1688
1562 1753 1780 1781
127 535 874 1596
439 1134 1425 1448
147 351 624 774
104 773 1318 1429
428 1499 1518 1537
596 1468 1550 1649
364 1671 1714 1780
164 411 902 1707
413 1661 1704 1783
256 570 1091 1211
1067 1137 1163 1740
343 694 726 1527
72 1373 1601 1677
978 1721 1741 1749
1018 1082 1528 1764
1135 1616 1653 1723
393 489 1066 1725
413 1526 1760 1778
525 621 796 1645
652 1300 1491 1727
943 1075 1099 1317
266 366 694 900
870 1328 1338 1646
804 974 1295 1649
267 907 979 991
204 315 553 1397
86 403 630 1404
122 1222 1709 1720
13 1275 1509 1532
306 1375 1480 1579
188 1625 1635 1722
873 949 1002 1165
1703 1737 1748 1763
546 818 1216 1413
401 1494 1530 1748
564 703 1036 1242
762 1192 1398 1649
742 1387 1527 1531
1156 1372 1583 1751
283 1142 1313 1712
259 1482 1505 1699
50 311 1278 1300
1037 1106 1687 1773
144 305 564 631
184 1569 1706 1786
1348 1568 1614 1695
317 760 1340 1473
644 1523 1624 1640
1146 1776 1779 1787
181 1509 1675 1787
392 593 1007 1214
986 1631 1666 1744
853 1650 1705 1732
446 1515 1526 1758
15 28 609 1773
764 1239 1370 1561
276 1397 1405 1611
688 961 1252 1493
696 1050 1088 1227
1193 1326 1749 1753
573 779 972 1477
452 1001 1217 1324
1621 1629 1670 1775
739 1261 1733 1747
33 1725 1764 1780
326 349 590 1115
540 1085 1296 1662
897 1312 1343 1483
22 1662 1706 1731
1157 1757 1769 1771
779 1524 1617 1644
1389 1746 1751 1781
438 1210 1503 1611
141 863 1194 1270
