1120 4351
18 589
578 685
213 359
299 539
78 959
367 548
690 712
418 968
380 1040
196 802
98 179
801 810
349 636
776 795
163 403
154 452
279 1080
262 378
658 779
373 824
540 786
48 519
413 474
480 538
550 1008
77 106
402 696
764 911
84 172
29 620
367 767
150 978
118 1053
31 646
1 177
516 777
513 670
56 236
380 775
410 945
56 459
165 198
605 786
140 1012
617 1049
467 808
180 863
228 726
325 866
585 805
609 809
542 972
369 926
923 973
328 389
753 1057
153 286
237 552
840 1101
487 1064
539 600
445 473
341 1036
48 885
10 919
121 978
628 909
523 623
721 886
342 487
767 1084
188 1006
261 568
643 729
537 711
237 835
494 611
680 820
315 646
355 464
946 1092
844 845
248 878
299 697
208 663
352 401
622 991
384 508
316 838
268 648
91 207
885 935
208 732
581 843
628 1066
278 728
325 1078
28 234
31 922
508 691
59 285
59 890
215 404
705 884
687 1102
402 514
703 1084
114 947
413 465
166 1051
152 576
22 153
719 1002
38 289
159 247
500 803
389 882
23 78
501 615
18 218
367 935
21 27
76 774
787 1073
447 725
717 757
340 915
655 702
647 698
144 814
733 957
569 743
61 949
53 1053
95 907
289 307
210 935
737 983
120 975
541 666
429 940
496 970
770 779
29 1104
36 483
223 507
160 792
456 844
343 545
441 931
711 947
633 1109
751 916
105 923
27 544
71 448
623 1080
635 1080
621 1025
809 942
386 902
679 1011
269 273
359 491
410 744
252 726
260 487
287 826
1047 1049
533 802
1074 1104
639 1024
271 293
394 992
367 748
290 1014
204 746
224 697
41 1040
113 1047
714 1108
640 657
866 924
210 301
24 859
255 449
14 75
386 629
446 864
560 839
821 946
486 883
197 217
101 1047
154 1028
499 634
586 838
271 712
328 484
427 859
735 847
142 272
373 774
191 798
457 539
330 842
210 612
162 621
881 982
368 966
890 1071
297 697
201 498
78 536
296 992
229 784
524 793
680 697
709 959
485 549
134 682
346 1072
138 1117
6 828
629 1094
38 336
376 660
712 1005
850 1052
667 885
61 368
299 496
736 842
211 1101
146 973
501 676
462 1021
78 1042
445 524
504 1044
140 430
62 984
302 1035
338 1002
500 839
609 874
545 970
145 820
658 714
105 717
657 767
326 635
1057 1120
554 606
796 944
329 811
257 794
711 749
206 462
2 336
176 676
87 538
152 674
862 914
205 293
18 591
9 1068
196 872
273 938
229 869
215 328
96 331
284 1100
333 590
148 1067
247 359
22 894
347 1069
69 573
841 988
224 448
420 858
664 696
192 209
921 968
231 540
124 684
194 235
717 922
889 958
873 897
119 616
438 478
610 635
92 270
224 275
305 847
822 948
531 886
288 322
235 788
436 461
244 898
658 838
980 1115
417 896
403 627
376 512
352 581
266 937
938 1037
811 934
48 705
916 947
533 590
73 77
619 832
612 849
37 204
438 1057
600 628
189 479
592 811
357 503
87 1061
267 323
755 878
269 868
241 317
422 1043
674 966
537 720
155 1001
54 587
873 951
718 835
747 782
427 631
509 1035
189 940
86 165
600 1100
50 734
322 595
459 796
142 772
83 703
121 739
269 1055
552 657
977 1110
199 906
352 557
547 692
104 456
277 339
339 1085
237 415
855 926
17 220
572 628
284 718
556 889
225 1094
560 1054
138 385
492 653
436 829
94 250
816 941
12 896
75 246
565 579
627 718
57 225
801 824
382 628
644 729
610 630
302 578
575 581
142 383
491 660
469 891
237 301
35 936
231 485
199 1077
724 826
40 803
470 754
672 805
195 485
39 1098
343 749
193 782
274 451
56 876
269 295
591 781
78 617
224 1109
99 241
151 286
541 1030
107 1068
243 700
584 892
800 1031
164 1055
156 163
276 516
421 591
91 658
494 1116
205 501
174 1096
321 995
390 1059
211 812
656 1084
677 801
831 919
120 854
412 870
23 237
180 308
457 717
274 1073
152 369
233 683
258 271
187 992
611 766
531 648
482 732
117 595
641 920
851 1003
63 926
621 1027
155 965
615 728
280 347
73 832
18 545
531 827
510 787
596 694
107 997
140 584
448 468
82 208
47 416
651 864
98 845
305 318
537 653
304 619
459 813
185 481
50 226
892 1049
82 258
638 938
646 804
276 830
768 834
315 1094
441 839
787 969
714 885
236 999
241 692
805 925
40 1101
15 755
757 1067
321 937
251 405
821 982
188 388
431 1118
972 1063
3 827
776 794
739 947
233 430
324 909
1 913
713 715
108 975
405 533
100 861
546 851
386 1024
257 479
156 877
519 1018
113 767
293 772
111 238
377 1090
350 517
72 916
250 841
510 696
60 871
328 666
223 891
32 621
352 706
2 367
70 486
587 996
33 426
449 572
852 1058
698 994
481 628
852 1017
492 917
53 137
427 1012
8 1038
479 1044
422 1075
95 961
112 688
50 756
591 954
246 374
618 853
50 811
203 1058
464 576
476 485
334 721
331 813
507 581
584 994
859 1079
466 544
319 842
597 780
287 859
852 1079
125 1067
155 222
244 310
239 1115
4 384
547 1060
656 725
386 991
104 892
677 827
609 633
681 689
19 536
168 597
53 107
59 560
634 948
612 1055
965 1045
15 84
645 735
769 835
18 533
625 1103
363 686
413 1006
291 1077
197 324
471 948
550 986
693 929
118 620
411 888
364 914
308 526
128 657
515 1032
623 803
807 938
578 1103
344 549
295 837
12 585
604 650
580 841
154 732
41 787
231 810
328 863
148 601
616 1092
395 1068
302 1088
302 395
725 1051
215 1074
433 503
483 577
52 147
292 741
42 98
147 275
97 635
892 1005
626 903
598 814
397 680
931 939
574 736
69 685
927 1059
272 783
193 1003
272 1041
455 1034
687 785
760 1088
19 761
552 1050
57 922
835 913
487 823
999 1049
251 741
997 1116
38 615
533 637
558 684
254 1085
42 109
60 466
287 719
455 814
730 973
86 276
543 778
93 1097
336 722
378 1071
72 122
52 764
924 973
40 477
28 936
613 904
455 761
62 395
600 778
707 1037
143 627
771 895
30 93
356 646
306 525
539 571
176 606
120 352
903 1111
73 352
349 911
449 560
15 836
737 862
452 705
569 1028
22 31
251 636
445 783
416 600
570 1069
11 335
429 672
686 778
912 914
1033 1055
612 873
363 884
936 1072
783 920
702 887
303 470
192 666
521 574
30 941
358 495
68 843
735 914
649 908
381 734
602 681
222 340
286 703
513 1098
185 650
387 1077
343 688
453 901
401 535
332 809
562 803
366 662
321 530
198 576
915 927
343 1090
432 968
333 1046
545 958
588 880
316 887
541 614
56 376
157 482
109 186
648 748
653 1096
1003 1060
834 1030
301 855
601 1018
379 1090
847 848
9 166
838 846
509 658
87 1095
645 749
773 914
400 515
246 980
899 961
381 924
179 418
346 728
97 342
420 773
343 961
675 791
138 318
387 578
148 648
176 254
398 905
878 1079
417 945
209 602
419 1095
137 996
39 809
186 983
273 528
466 603
11 835
109 1042
135 451
458 604
3 196
469 958
216 925
235 801
600 700
663 798
795 829
181 1031
679 874
45 59
230 451
242 813
691 978
74 531
33 428
455 992
533 976
155 576
606 781
259 765
240 616
212 409
171 856
747 778
54 960
440 529
208 437
32 275
269 761
179 309
429 534
288 481
205 425
484 1081
725 1070
445 940
421 959
239 301
73 101
65 395
125 357
372 722
443 1095
155 182
511 628
131 1058
685 706
852 1066
621 945
158 472
461 818
150 935
151 377
337 935
344 537
416 765
235 460
594 848
150 862
780 994
12 856
630 1049
210 219
558 1107
1030 1090
375 894
28 1067
174 975
83 788
472 1112
19 22
166 896
824 883
105 726
314 1002
43 789
38 112
597 923
542 977
1 561
285 1043
807 1054
191 1063
234 264
428 846
474 852
584 965
356 418
144 369
299 1038
468 528
242 478
3 566
517 713
91 219
607 1076
306 332
662 1047
547 811
208 961
414 547
975 1050
24 956
112 1069
100 1007
223 634
236 787
287 981
377 1020
663 708
385 985
28 329
67 545
200 1040
546 649
682 981
490 999
467 588
942 1021
362 1050
257 292
915 1092
75 165
232 942
57 914
9 608
626 1111
127 202
113 656
893 1039
1009 1027
575 949
21 690
661 948
332 524
314 361
128 393
534 720
97 147
782 1045
34 1026
95 552
678 1049
129 339
984 1060
225 256
264 604
445 639
788 1081
149 227
240 1108
180 826
856 921
340 895
203 871
1 1022
332 632
91 944
100 872
16 558
226 701
484 866
321 727
177 970
780 973
792 1117
154 967
715 940
800 959
180 1061
62 705
324 1117
171 1054
500 814
733 827
17 274
745 981
979 980
120 208
16 739
233 718
471 662
216 674
462 1030
428 714
210 1014
208 503
69 1091
447 517
306 930
137 892
475 1058
414 720
442 918
353 501
911 970
238 373
160 785
822 904
665 938
152 1068
187 262
260 377
344 608
953 964
712 736
276 1069
283 961
500 952
556 1092
823 904
182 481
114 745
900 1010
808 825
339 945
131 149
429 575
256 414
241 959
1073 1114
342 1023
67 1028
603 764
550 998
418 451
611 795
90 119
345 445
553 1113
316 987
303 844
186 239
423 681
163 362
357 713
422 929
260 860
117 995
67 368
543 816
408 762
44 1100
114 222
565 667
138 983
245 836
519 840
619 673
926 1084
559 761
60 572
91 972
57 681
138 169
207 619
265 818
72 188
389 878
364 911
752 902
510 897
606 715
527 650
820 1065
61 573
314 762
365 716
277 656
226 614
80 428
96 1012
1025 1029
382 619
33 596
731 881
357 500
433 482
27 684
399 684
112 271
31 1021
686 890
89 418
171 387
328 360
430 1016
256 587
166 434
821 887
629 809
534 765
357 982
493 946
487 943
238 510
987 1039
901 954
597 803
258 884
152 964
143 340
328 640
484 1069
9 1111
69 261
471 809
638 1033
226 388
586 738
321 1078
223 818
18 598
953 1092
929 995
775 905
809 963
301 1015
503 553
345 403
80 554
353 831
653 926
480 665
109 406
141 954
756 941
388 954
264 549
117 717
740 943
283 468
30 622
198 773
651 878
979 993
18 947
562 968
148 244
125 360
208 715
841 1114
226 403
244 1091
347 1003
136 435
159 804
362 1051
25 569
138 929
19 155
158 316
120 598
425 851
310 1012
347 685
124 203
96 886 918 1047
361 864 1023 1045
719 819 841 995
344 669 1014 1099
69 386 996 1033
258 758 780 997
710 827 842 1096
181 546 557 940
854 952 953 980
178 654 821 827
33 366 463 818
993 1002 1015 1021
45 78 85 514
155 323 462 666
84 841 998 1040
96 156 591 607
425 742 883 997
174 750 821 1086
93 911 1023 1106
493 1080 1099 1111
475 766 897 1069
810 1101 1103 1118
208 757 769 974
285 427 651 1107
634 979 1005 1110
579 952 1045 1114
247 935 948 1016
65 444 514 872
360 374 709 909
441 817 834 1037
117 1001 1086 1108
322 904 1026 1049
385 394 810 920
843 847 924 1000
371 618 708 866
359 1035 1089 1115
727 867 932 1081
663 699 881 1113
767 1113 1116 1119
430 574 577 650
142 903 985 1112
434 641 794 1068
385 401 944 1048
381 663 773 826
697 1056 1064 1092
583 970 996 1010
565 694 733 1056
376 784 850 941
835 942 966 1012
897 1005 1020 1089
715 1101 1107 1120
95 1100 1116 1118
166 367 468 759
558 808 829 1107
847 958 1012 1104
149 786 884 998
323 585 768 932
212 292 571 1014
121 718 728 1060
395 478 750 884
388 440 748 919
94 226 745 760
586 618 622 973
361 958 966 1060
968 1091 1111 1118
777 804 864 867
561 641 744 1034
379 869 1010 1099
772 983 1047 1061
73 946 1053 1114
108 815 923 1019
448 965 994 1003
329 357 790 1107
700 708 879 916
54 972 976 1099
347 421 1040 1113
541 834 916 980
153 612 674 929
750 991 1055 1083
232 1118 1120 1120
660 911 917 1041
378 1070 1103 1117
654 813 934 947
642 844 889 952
482 706 941 1018
78 414 687 1074
765 1012 1045 1099
461 595 663 735
55 551 832 874
1002 1087 1102 1107
837 966 967 971
757 911 1077 1088
125 636 801 1107
31 305 332 388
311 432 460 489
27 201 571 801
959 1089 1092 1111
542 684 748 843
750 997 1019 1035
569 854 914 931
962 1108 1109 1111
350 991 1074 1087
68 962 970 996
665 726 980 1027
306 484 767 948
413 1044 1048 1097
5 980 1021 1115
19 88 334 620
698 953 1039 1094
219 614 1013 1103
295 407 667 929
317 966 1083 1090
679 850 926 1096
543 597 607 1023
507 854 984 1092
455 715 769 1078
712 1086 1092 1095
546 869 919 1109
364 694 733 749
143 381 664 742
554 657 973 985
206 909 1077 1109
56 640 776 1098
1104 1119 1120 1120
208 597 874 1099
352 561 795 932
359 972 989 1014
51 604 788 921
141 574 659 704
126 196 348 570
991 1081 1082 1087
391 392 557 1072
140 840 1022 1039
280 1106 1108 1112
26 283 714 999
663 978 1041 1059
45 756 914 984
899 914 1047 1111
22 846 914 1043
743 1065 1101 1104
198 508 522 761
588 803 900 905
903 1000 1014 1055
738 743 939 1052
377 920 941 992
154 517 804 1116
92 850 883 924
849 925 942 951
776 1001 1037 1112
2 699 762 988
397 473 477 1002
50 847 865 960
521 1098 1100 1112
5 837 912 1025
409 972 1030 1038
849 1070 1104 1107
944 977 1036 1108
434 565 705 1107
144 700 803 1070
618 758 1053 1091
732 1069 1085 1109
189 321 713 877
604 918 1012 1056
223 965 1017 1074
570 605 916 1059
294 303 742 807
374 1041 1053 1084
655 747 867 1079
284 736 937 1031
60 389 476 639
490 856 924 1015
152 709 852 1060
282 443 565 612
649 897 979 1001
428 1110 1111 1117
484 691 818 844
821 1089 1091 1105
357 842 899 933
150 810 831 1045
492 539 941 1059
564 616 950 1087
40 1109 1114 1118
903 1016 1027 1113
144 370 662 894
719 785 903 1060
128 170 574 719
677 1026 1049 1080
737 1038 1079 1081
211 1110 1112 1120
574 1106 1110 1114
235 1018 1032 1106
66 331 580 1058
260 538 730 934
271 1080 1092 1111
975 1085 1107 1110
124 636 725 831
395 464 744 824
383 1052 1064 1077
390 510 688 866
586 959 998 1104
227 540 1080 1109
51 571 950 980
694 709 809 958
448 451 764 1043
161 986 1020 1074
405 604 887 929
447 617 968 1100
359 591 677 840
511 844 940 1018
73 455 819 1112
97 137 816 875
140 892 911 994
202 865 1023 1084
214 959 961 1037
325 339 358 515
702 864 869 966
40 1032 1085 1118
428 920 968 1069
269 834 848 918
98 199 449 579
636 715 819 830
41 1052 1111 1118
442 940 994 1061
50 913 1096 1096
337 362 429 1093
259 1087 1092 1097
894 1117 1119 1120
627 695 989 1000
108 1017 1054 1059
697 703 832 933
483 1101 1105 1116
235 1038 1090 1108
127 1097 1114 1116
113 853 978 1085
395 1031 1103 1109
324 877 927 1028
582 592 640 847
64 384 798 1007
40 929 961 996
61 1112 1113 1114
164 271 295 707
351 837 891 1068
103 768 923 1057
348 605 657 1060
334 564 583 1054
2 963 1029 1042
320 768 777 1109
228 1029 1072 1091
650 785 871 1024
657 1042 1068 1090
468 960 1001 1028
493 704 957 1044
92 313 744 1041
228 1042 1066 1071
64 793 944 1013
587 641 711 981
62 844 964 1036
455 984 1026 1029
485 766 1016 1081
605 678 680 953
420 677 734 989
645 870 1037 1079
67 290 549 594
208 631 684 813
727 977 1023 1090
75 856 880 949
471 699 860 1086
142 274 478 739
109 251 520 928
842 1095 1097 1114
836 1101 1108 1120
411 522 632 874
60 250 572 643
392 530 627 754
547 1046 1085 1100
334 777 989 1022
140 1001 1031 1098
35 678 698 796
120 718 733 744
1040 1068 1083 1111
39 698 817 977
150 753 880 1089
77 481 503 763
202 838 969 970
435 1115 1116 1119
559 580 932 984
326 407 536 754
599 782 959 976
45 1088 1089 1106
707 724 904 1024
190 247 547 773
30 106 336 758
292 678 693 1026
109 206 334 1060
749 788 1023 1042
503 555 714 839
531 1083 1094 1108
648 801 905 1003
731 792 811 974
881 937 1026 1068
14 1047 1052 1110
344 451 525 830
39 378 603 946
445 1071 1085 1106
540 545 691 934
106 320 757 1105
743 951 1028 1098
37 267 585 995
210 380 427 586
387 955 991 998
859 1034 1109 1115
315 618 777 944
73 786 798 1102
483 1038 1079 1090
351 1038 1102 1109
534 870 918 1074
17 38 369 509
213 337 397 669
128 469 610 986
190 300 762 983
15 144 348 1027
116 1010 1030 1098
89 1055 1057 1091
51 611 735 868
804 1099 1100 1119
421 1027 1074 1093
365 392 996 1036
179 981 1037 1092
311 922 948 1084
229 857 867 895
19 58 492 655
342 782 825 900
800 1008 1100 1110
99 100 458 822
967 1092 1103 1118
475 1103 1109 1111
1020 1081 1102 1105
204 345 361 691
34 970 1007 1100
120 625 636 652
873 1015 1047 1064
128 926 1008 1099
844 926 1057 1116
160 230 799 905
577 999 1011 1079
951 1057 1080 1090
351 1033 1082 1104
251 482 1020 1100
313 590 664 1025
238 370 602 707
301 1031 1036 1052
362 1032 1064 1108
13 836 976 1092
103 161 795 977
96 503 714 843
104 834 846 864
150 309 659 965
211 983 1049 1113
712 921 1080 1104
290 774 849 1046
259 945 963 1007
603 1092 1099 1109
96 222 821 1110
137 937 990 1023
564 599 956 1029
139 290 502 1096
227 501 1003 1105
192 352 696 1103
734 983 999 1025
520 728 1072 1100
534 1081 1084 1089
239 354 857 1068
676 911 964 1001
2 115 275 916
359 973 1022 1053
28 1093 1109 1116
88 709 814 926
5 1012 1041 1042
11 471 562 829
850 961 997 1109
158 810 855 1100
53 1058 1071 1085
18 828 879 886
538 703 938 986
154 426 855 1084
95 721 895 1086
786 1093 1104 1110
556 931 989 1119
497 664 1032 1091
341 868 937 1116
353 769 790 953
800 849 1039 1085
768 999 1017 1056
636 1001 1065 1097
349 588 638 1034
849 1073 1092 1097
152 839 910 946
50 916 1076 1086
158 1076 1091 1116
452 490 515 873
90 980 997 1111
136 865 901 907
726 943 1031 1081
24 535 591 1097
835 957 998 1057
509 800 879 1054
481 778 795 1103
241 339 354 973
301 347 604 981
877 1059 1111 1114
316 966 1007 1090
819 1104 1113 1117
459 553 676 945
368 841 928 1089
91 767 1001 1112
432 1010 1110 1114
79 945 978 1011
727 960 982 1011
184 988 1042 1117
498 917 1023 1104
494 643 724 1020
422 1072 1091 1100
22 469 839 1007
602 686 706 950
256 764 956 979
39 439 584 932
615 1111 1119 1120
149 516 584 799
601 733 1069 1101
482 731 1078 1080
548 725 872 937
589 1099 1104 1109
193 918 962 1069
649 721 804 1086
366 1065 1074 1105
591 872 921 1053
538 933 945 1038
775 1013 1083 1105
294 636 663 750
277 918 942 1030
155 1020 1023 1111
260 1049 1079 1105
284 1030 1090 1115
353 1052 1094 1112
282 715 808 822
229 756 777 928
62 112 506 661
219 649 752 906
138 781 927 1039
275 576 889 1045
701 851 890 1061
167 869 1065 1118
372 446 538 888
272 729 940 1058
533 714 994 1061
34 276 306 452
560 655 913 913
193 447 716 765
377 426 429 901
612 627 1001 1017
363 441 614 879
88 451 512 575
829 1040 1059 1091
401 772 963 1031
407 863 881 909
131 511 627 977
323 354 1008 1094
74 182 933 1023
293 955 1031 1116
63 307 363 453
795 935 941 995
208 335 804 1086
369 822 905 960
238 275 605 816
65 194 345 985
857 1055 1095 1116
147 370 433 768
740 834 919 1007
832 926 984 1073
557 1095 1113 1120
102 1117 1118 1120
641 994 1072 1097
511 624 684 779
468 888 932 970
62 313 429 1115
453 700 844 1009
169 690 769 1017
70 490 703 972
269 721 858 865
199 318 671 1037
932 939 940 944
43 234 257 722
205 272 416 834
574 783 833 1073
79 264 275 563
140 347 390 624
17 462 620 1020
491 686 940 945
281 369 810 946
607 666 846 1067
936 961 1085 1119
906 1104 1111 1120
439 758 944 1077
315 566 586 765
630 1024 1076 1104
496 1101 1105 1118
806 828 981 1015
84 581 821 1026
644 1041 1097 1119
184 214 286 661
631 1070 1110 1118
532 680 756 981
628 763 815 868
460 1000 1050 1100
195 400 666 777
1004 1096 1100 1119
73 428 1035 1043
26 893 914 1016
678 901 933 967
10 468 681 773
563 799 874 944
783 1030 1062 1113
695 1085 1100 1109
462 727 736 800
359 502 745 1027
385 878 880 943
130 814 825 930
354 869 901 902
422 811 929 1041
376 974 1060 1068
302 1106 1107 1118
365 438 738 804
207 456 665 896
70 790 994 1044
751 760 980 1075
288 1087 1091 1103
37 802 997 1068
144 187 457 1031
357 366 656 988
419 645 865 1117
145 339 888 1002
832 855 961 1061
412 867 931 986
117 264 515 648
29 188 444 942
475 885 900 978
6 152 555 846
8 281 817 937
749 841 860 885
98 755 769 784
49 126 810 1040
742 744 775 826
168 716 764 942
50 952 1009 1073
209 901 1026 1120
378 736 758 914
523 534 919 1108
90 483 582 815
191 1081 1091 1099
1037 1112 1116 1117
597 941 971 1022
4 761 877 1046
319 716 723 895
198 377 970 1093
524 973 994 1069
144 951 965 1101
655 711 917 1010
142 963 1040 1046
18 722 1097 1099
912 1068 1087 1107
479 559 846 942
203 1039 1063 1113
2 741 914 1037
118 211 322 909
429 984 1086 1112
128 663 745 873
216 1011 1028 1096
131 734 891 1020
931 1025 1095 1109
814 1026 1071 1088
9 13 224 967
250 386 473 484
77 955 1046 1074
843 951 965 993
450 1024 1039 1107
864 1039 1056 1083
217 803 940 1022
390 615 718 991
768 829 850 991
950 1030 1048 1110
20 658 974 1021
435 919 1007 1025
148 273 1028 1077
858 1022 1051 1085
458 1116 1118 1119
766 1108 1115 1116
316 656 844 1118
23 607 783 1086
914 1043 1099 1107
49 228 569 785
746 1078 1092 1107
19 953 976 1007
97 476 666 903
924 1020 1098 1102
638 880 1066 1112
635 894 901 906
379 470 672 1005
196 364 624 1010
274 974 1021 1051
304 754 867 1074
1046 1067 1097 1111
555 633 730 998
424 856 935 957
154 512 555 858
40 188 628 789
44 216 410 525
553 626 660 695
362 719 860 1096
738 870 876 1044
726 1064 1067 1098
697 1094 1099 1100
653 1114 1116 1119
511 836 970 1076
110 262 344 480
658 1003 1036 1056
31 648 881 1040
668 828 965 1112
32 1061 1074 1112
69 335 444 1024
185 485 1017 1080
641 735 827 857
847 1079 1083 1102
33 357 691 883
346 468 494 1090
449 589 788 806
659 840 909 1064
403 635 886 980
440 682 779 999
360 716 1036 1069
797 924 1008 1052
354 669 735 1029
715 875 929 1109
39 529 820 987
818 1025 1095 1114
99 158 222 1024
224 1091 1102 1103
519 666 755 985
585 902 982 1120
7 778 820 1118
497 543 1014 1049
484 784 1024 1075
851 977 1008 1098
66 126 436 595
294 907 947 1040
724 1113 1115 1115
551 575 1047 1086
329 448 675 1030
568 1063 1069 1115
665 684 726 1000
558 643 689 827
800 1056 1062 1094
338 1033 1087 1103
489 885 956 988
832 1111 1114 1115
32 678 717 915
272 1118 1120 1120
704 1059 1070 1099
435 691 907 1038
500 934 968 1099
131 220 1107 1115
831 1082 1099 1114
388 672 852 1109
842 873 1061 1062
847 945 1017 1083
274 788 830 992
38 38 292 881
204 760 826 851
385 1088 1099 1109
202 578 878 915
257 1033 1085 1096
638 651 817 845
37 262 532 1001
629 1023 1059 1107
759 854 963 999
200 337 428 931
69 927 987 1097
329 810 875 1055
117 880 907 1110
244 264 265 787
722 753 976 1029
203 890 983 1106
82 524 1042 1073
545 780 857 1046
724 806 811 1024
210 854 964 1104
281 463 482 673
552 1054 1065 1101
669 1050 1074 1078
400 548 826 1036
161 840 1036 1087
310 937 1093 1108
787 1061 1077 1089
411 1087 1099 1120
297 902 1007 1111
746 835 940 993
845 1107 1118 1119
142 599 788 1081
127 578 720 773
313 669 888 1036
420 502 657 857
5 509 1050 1067
6 53 301 927
708 994 1044 1109
534 772 912 922
363 404 550 613
165 823 857 975
561 875 877 1053
846 1056 1076 1097
368 406 521 762
1009 1117 1118 1120
598 667 792 954
332 731 743 891
34 537 619 1036
587 1119 1120 1120
348 689 923 1074
818 1034 1086 1089
138 461 552 621
787 935 1086 1097
119 495 562 942
681 726 826 872
1 644 697 881
154 356 919 983
73 978 1075 1088
153 499 502 947
187 1078 1112 1115
30 853 1009 1119
111 247 287 615
127 1056 1074 1117
527 789 799 951
218 909 1009 1104
314 813 962 1033
844 933 1017 1099
275 483 509 998
598 1066 1097 1104
141 1090 1098 1102
738 1077 1083 1083
14 858 973 1081
424 723 827 969
492 685 728 1036
783 1046 1095 1113
229 370 390 551
92 690 851 986
725 770 862 1016
216 626 981 1101
88 588 621 758
357 818 851 862
922 1032 1052 1120
286 473 475 1048
460 610 733 1014
24 901 926 971
562 1007 1020 1061
342 667 766 1001
64 1119 1120 1120
14 16 48 946
828 1026 1075 1095
184 982 988 1054
543 730 890 978
473 1016 1029 1103
73 1117 1118 1118
439 889 989 1062
883 1042 1054 1115
401 934 946 1056
784 969 972 1063
808 814 916 1042
97 431 583 838
468 865 924 1033
654 658 943 1066
96 847 891 1002
447 792 913 983
134 245 329 692
585 804 880 1034
931 1007 1065 1099
52 534 750 961
582 1036 1073 1095
47 1109 1113 1120
962 1054 1076 1095
1007 1073 1078 1107
250 619 971 1073
320 867 1097 1103
756 1018 1019 1110
231 441 584 964
543 1050 1057 1097
142 569 646 817
272 1062 1065 1119
64 90 864 1075
815 1026 1049 1117
5 452 508 601
89 995 1036 1103
170 735 876 1112
250 844 993 1025
645 760 958 1020
16 1086 1097 1118
31 682 784 1014
233 613 632 719
539 766 768 957
680 915 975 1074
341 1087 1088 1105
522 1061 1070 1088
735 972 1002 1076
179 892 1060 1082
306 723 743 745
515 692 756 823
294 736 933 957
142 464 938 1106
459 764 967 1049
273 936 1043 1055
567 569 775 803
224 825 863 893
146 1083 1094 1112
53 205 242 536
33 583 1030 1103
64 865 902 1011
557 817 900 947
179 756 828 912
370 735 994 1025
141 497 969 1103
326 344 811 845
219 781 790 952
780 884 924 1012
93 227 275 585
77 170 632 733
273 1015 1028 1100
689 842 898 1111
551 1057 1090 1109
269 1119 1120 1120
51 265 733 1047
62 716 1092 1099
138 1076 1097 1103
127 229 389 504
482 1043 1095 1111
1009 1108 1109 1112
798 952 1025 1093
236 486 715 766
66 752 757 1017
352 476 745 750
222 615 985 1052
546 723 768 1074
919 944 969 994
212 238 947 994
76 232 351 1113
456 481 637 674
246 471 722 1057
615 624 774 1030
785 808 845 904
604 734 907 1117
499 1025 1061 1085
62 697 764 942
521 647 675 1081
63 208 933 1037
215 357 417 866
503 950 959 1058
329 753 834 1028
140 809 909 938
400 677 954 1064
443 449 886 1005
277 546 636 944
301 886 992 1064
452 916 936 1025
591 1086 1101 1105
622 678 925 970
85 511 832 947
483 694 937 1087
169 251 876 912
400 896 962 1006
381 763 859 1035
585 882 907 1048
229 778 949 1110
532 569 682 891
115 647 935 978
422 598 779 967
469 791 824 866
222 659 725 953
344 448 587 608
36 355 454 601
70 736 758 1070
437 575 863 1084
574 969 980 1071
992 1093 1094 1113
510 513 847 1092
899 1085 1091 1118
813 981 986 1068
105 457 591 760
73 211 667 805
113 883 954 1109
539 671 753 872
56 310 622 709
650 865 877 1054
379 982 1096 1099
515 899 1068 1103
207 963 1015 1058
182 458 885 911
518 921 1095 1109
451 645 702 909
231 1076 1077 1113
708 742 943 1001
344 480 896 937
352 1048 1110 1118
709 862 891 1078
278 368 463 922
157 758 771 800
105 949 960 1022
399 505 730 1076
309 1104 1110 1115
454 883 909 1062
152 482 666 1117
246 914 974 1060
207 546 911 976
93 321 639 1042
187 650 790 859
960 1086 1087 1117
158 466 723 982
129 568 585 901
600 1048 1057 1104
438 906 936 1032
426 937 984 985
697 760 1001 1103
907 973 1076 1113
268 468 916 1052
374 555 871 1111
3 288 729 835
666 1117 1118 1120
646 1064 1086 1089
911 1100 1104 1104
239 660 784 855
901 993 1037 1062
744 866 906 1097
264 463 1043 1093
503 975 983 1073
289 358 545 874
564 1085 1098 1119
206 491 852 1070
71 413 579 739
525 967 1064 1077
643 840 846 913
115 756 937 964
464 754 816 1114
562 680 997 1001
776 822 832 1110
125 582 955 1089
403 1118 1119 1120
766 868 945 1089
907 1098 1099 1106
491 924 1040 1076
269 645 737 1077
233 409 722 970
324 785 872 923
789 1069 1078 1081
875 978 1014 1032
654 886 925 1054
49 812 967 981
715 1028 1049 1085
730 841 1007 1014
353 558 725 873
468 792 862 1049
497 691 767 785
205 920 953 1047
233 1046 1078 1094
324 1055 1056 1070
540 1079 1086 1107
54 772 994 1082
422 824 897 1120
383 397 950 1065
437 477 747 803
44 722 806 976
350 469 659 704
263 1000 1061 1092
445 453 469 615
109 340 840 1086
726 945 1057 1080
526 693 870 980
344 488 628 800
187 413 572 866
349 886 979 1079
276 1089 1091 1107
330 419 786 1091
650 780 1029 1063
768 918 977 995
419 736 918 1039
47 962 1009 1040
483 875 891 1084
639 1119 1120 1120
257 815 842 880
396 679 842 990
241 582 626 1096
166 1009 1011 1095
264 483 572 916
498 898 904 1115
293 424 499 838
484 678 713 1094
638 741 746 942
333 1084 1085 1110
368 641 760 915
332 905 1016 1045
121 306 912 1006
408 767 866 1062
339 593 752 1120
500 923 1054 1089
140 1070 1078 1098
1020 1064 1076 1076
652 799 877 951
158 856 1054 1074
540 820 1082 1111
527 814 825 940
618 761 782 992
674 777 988 1056
300 316 613 882
14 508 751 1014
14 328 716 805
832 956 982 1086
588 835 1017 1106
173 349 698 1105
285 1014 1047 1104
476 882 908 936
87 448 672 1100
594 802 843 880
591 1061 1067 1089
351 575 605 756
122 957 1036 1092
260 570 929 1087
825 963 1010 1056
172 402 564 1073
45 693 769 925
628 863 945 1038
297 868 1013 1050
568 581 860 882
209 932 976 1118
332 1017 1037 1049
257 869 1072 1083
33 83 975 979
240 1035 1059 1105
2 191 767 941
3 494 815 991
20 681 841 900
12 487 578 961
506 1009 1078 1116
62 368 881 1002
698 856 873 1035
45 349 490 865
322 521 527 535
198 955 1089 1102
778 1024 1050 1109
56 160 472 722
79 320 334 681
82 390 475 767
593 690 1030 1080
1 572 804 856
846 908 985 1103
447 878 957 1068
76 324 363 473
392 753 840 1101
119 212 297 951
721 983 1009 1110
567 931 1004 1098
72 1111 1119 1120
814 906 956 1061
122 472 573 1099
483 903 984 1111
467 590 874 918
392 1040 1089 1111
268 548 657 1088
122 672 729 1084
388 970 1008 1099
136 544 591 677
951 1050 1063 1083
452 463 765 1079
91 883 1008 1058
400 654 892 937
359 1054 1070 1077
310 1098 1105 1120
25 205 346 943
882 920 992 1105
349 1093 1106 1108
99 705 769 909
480 840 1068 1094
462 616 983 1106
412 1087 1089 1117
586 830 911 997
2 276 303 498
723 898 1020 1119
101 217 562 641
5 323 1038 1059
610 855 865 918
498 526 592 870
555 579 802 1056
105 570 629 1008
248 826 948 1064
746 1029 1061 1102
262 940 1040 1046
449 722 812 948
776 1016 1050 1106
73 1017 1072 1098
522 861 960 988
514 676 742 874
90 715 766 1071
385 1029 1084 1085
22 169 824 975
43 677 809 1000
151 868 914 963
452 901 925 986
73 213 433 922
5 606 943 1061
419 897 955 1055
830 1114 1118 1119
703 733 858 884
470 571 828 1017
238 844 859 992
523 692 734 812
263 610 997 998
455 710 993 1116
33 762 772 784
78 398 409 496
167 713 942 1089
722 765 843 1081
869 941 1029 1103
270 708 1013 1090
178 399 451 687
408 973 1052 1078
236 507 678 830
240 269 458 1119
120 850 1089 1116
6 64 211 518
571 807 812 911
166 486 700 1030
885 920 968 975
117 467 577 759
303 790 978 1117
108 955 995 1040
404 930 999 1026
291 633 693 942
839 996 998 1072
132 210 227 655
102 1022 1086 1102
210 1119 1120 1120
288 979 1004 1015
529 1028 1052 1076
160 592 835 1030
155 666 793 1046
540 818 918 949
526 981 1052 1059
1 177 748 824
471 513 718 1096
482 1062 1071 1115
736 1077 1089 1094
67 856 911 1117
144 928 958 1006
562 834 900 1034
715 952 1036 1084
124 998 1010 1017
163 319 439 926
191 1100 1112 1114
115 404 844 1030
525 676 686 810
6 643 671 952
85 994 1033 1115
379 813 937 1003
509 935 965 1028
227 694 1004 1026
98 120 825 1082
263 609 698 909
728 1069 1070 1079
101 492 522 837
638 815 1013 1054
647 911 941 1053
69 391 574 767
291 314 458 1095
217 1070 1086 1099
202 382 832 944
334 780 865 889
246 714 863 1097
24 809 889 954
568 800 850 908
275 380 898 1023
406 922 1015 1103
343 722 805 932
392 818 847 1044
497 1114 1118 1120
476 597 874 1119
686 1095 1104 1116
765 917 981 1047
265 685 804 881
180 399 566 865
237 512 673 824
499 1100 1107 1108
157 863 1047 1082
234 295 998 1111
277 655 990 1096
141 672 694 1088
194 463 510 1017
320 1048 1073 1074
563 937 943 1009
68 670 985 1013
375 441 518 1091
71 647 764 1095
493 848 918 1109
431 964 1005 1026
316 588 699 818
223 352 449 733
219 466 634 1075
120 151 501 575
419 835 864 982
115 642 755 1103
106 157 736 862
786 863 906 1117
63 892 900 1109
377 596 652 845
409 910 922 1052
441 929 989 1019
148 632 741 875
200 343 691 989
40 1067 1086 1120
171 514 876 879
329 435 581 1076
90 327 488 1078
548 1044 1047 1090
117 419 759 934
637 1069 1108 1114
232 1046 1059 1091
367 1014 1026 1100
677 712 718 783
423 572 666 941
95 1029 1092 1103
351 753 943 1021
46 515 659 1092
390 1066 1092 1107
102 262 474 664
135 290 676 942
231 822 1086 1094
40 761 778 1054
58 625 789 1056
274 304 524 972
744 824 952 980
800 963 992 1020
257 484 643 657
302 627 1072 1084
8 158 224 764
214 937 985 1060
494 944 1086 1098
304 351 479 998
332 338 807 929
45 727 791 1026
436 839 938 983
461 812 888 959
484 734 769 870
196 261 874 1054
312 556 585 1104
872 895 966 968
656 1039 1108 1116
36 609 679 965
101 430 995 1016
36 623 800 888
35 884 889 968
665 815 845 896
917 973 1082 1117
890 1013 1024 1025
166 1065 1084 1112
752 834 865 962
260 795 810 887
645 920 987 1105
723 848 1028 1099
371 787 946 998
170 822 935 1044
102 974 1044 1051
6 335 418 954
484 525 903 1086
76 484 798 958
334 828 915 1092
192 962 971 1009
587 599 634 950
579 871 886 1007
235 1067 1074 1103
484 711 729 820
130 386 455 833
45 866 984 1001
372 1118 1119 1120
134 573 772 896
741 796 1084 1095
559 820 1085 1097
144 534 611 1052
169 416 583 915
411 1069 1085 1114
292 1062 1078 1092
40 779 1063 1098
434 509 592 997
740 868 1104 1116
105 198 369 661
234 606 842 957
113 725 844 885
178 181 552 748
51 716 919 1060
504 804 950 1061
413 762 786 1032
805 964 992 1009
141 746 767 1007
902 930 993 1094
832 889 1034 1049
504 911 1055 1103
519 1069 1108 1117
69 102 220 378
345 791 804 843
916 1090 1106 1110
260 696 726 743
587 873 987 1048
108 127 550 973
478 657 668 1079
971 1083 1105 1107
334 612 781 873
315 679 996 1108
350 1113 1119 1119
181 920 967 1010
192 345 835 1034
299 1099 1104 1120
460 510 612 701
351 614 859 928
324 1027 1032 1117
180 814 903 1098
87 537 764 1105
213 812 831 886
64 633 688 884
137 314 433 561
121 930 951 973
380 736 758 979
312 388 692 708
73 530 643 934
78 146 795 1082
380 513 601 741
441 555 609 744
336 935 1022 1032
829 972 976 1010
665 786 985 1028
43 1026 1105 1108
448 643 785 989
129 526 623 886
12 418 429 658
870 931 987 1102
670 804 877 916
177 569 668 809
226 911 986 1091
451 935 953 968
85 672 808 1072
201 711 911 1026
514 1054 1104 1108
161 1115 1118 1120
664 1041 1054 1074
225 764 891 1034
114 234 627 1051
766 834 855 1031
21 793 806 1042
211 756 963 1057
669 805 982 1063
94 869 1058 1103
618 801 847 867
570 800 914 940
384 542 790 1027
145 774 800 1098
545 943 1092 1104
464 643 955 988
861 952 1062 1076
515 731 971 1009
83 815 899 958
454 509 736 1027
227 853 963 978
871 1057 1088 1090
233 743 984 1039
19 1042 1100 1113
471 516 842 874
98 928 1053 1107
429 862 1002 1068
249 859 1041 1054
374 836 859 929
205 436 629 1080
296 1067 1068 1099
496 733 1033 1084
426 1005 1016 1084
250 807 854 1098
269 641 679 926
29 89 133 205
108 285 390 1048
466 888 939 1071
395 928 1037 1117
693 1073 1078 1096
353 1038 1055 1060
194 633 833 1113
180 750 847 921
425 1105 1112 1115
450 718 1042 1072
253 467 508 642
502 578 825 974
600 722 797 872
185 502 789 870
595 829 1019 1113
535 629 774 953
372 862 875 1061
659 985 1021 1076
418 896 904 1091
469 765 1043 1082
709 778 843 865
378 826 915 1107
214 280 430 898
222 328 592 866
62 863 885 943
635 805 977 1017
713 972 1010 1112
442 577 866 945
143 877 993 1050
631 820 982 1018
13 387 440 831
594 743 749 1054
708 786 882 1031
795 870 1005 1039
1018 1064 1093 1117
741 807 842 888
404 900 974 1107
197 712 785 1084
264 613 678 981
118 610 686 988
294 712 849 1054
579 982 1015 1029
369 1084 1097 1105
417 1095 1103 1110
261 655 707 1093
663 691 773 896
344 817 953 1063
323 429 541 924
188 379 512 1071
140 905 920 1094
317 753 1025 1061
211 358 416 450
489 504 926 1019
432 743 1009 1053
292 992 1020 1050
649 846 975 1023
284 1086 1092 1107
134 142 428 1029
520 572 952 1020
162 200 331 473
619 1103 1110 1115
343 646 743 855
280 654 750 1050
90 130 666 851
246 497 837 1097
404 859 898 1111
233 617 751 1113
412 841 857 1071
154 630 962 1029
712 1014 1070 1073
164 1100 1105 1119
660 1028 1052 1099
716 911 923 1033
651 826 865 968
706 861 874 952
741 871 983 1105
456 646 710 797
472 937 1070 1077
175 807 824 1034
303 403 466 680
345 1028 1048 1087
134 724 1049 1107
53 672 751 944
702 1099 1108 1117
238 975 1084 1086
631 907 922 1049
578 670 863 1075
306 361 405 491
393 1051 1062 1066
116 636 745 1001
510 915 1099 1106
233 740 888 1082
615 903 913 1037
505 529 634 682
242 303 350 621
972 977 990 1111
514 1011 1091 1091
190 845 854 1070
4 457 476 655
122 612 1084 1110
597 701 1019 1061
271 794 1029 1071
551 959 977 1098
226 269 270 1011
320 734 831 883
232 655 983 984
312 831 868 1019
226 1068 1092 1111
655 949 973 1029
155 329 915 974
506 924 953 993
206 801 892 1099
127 308 567 597
2 1053 1077 1107
687 907 1032 1099
462 982 1081 1087
293 457 892 1022
282 892 918 1008
1065 1117 1119 1120
307 496 709 1031
683 889 1037 1088
40 1043 1053 1054
430 652 787 814
98 895 915 1055
293 524 564 898
457 549 729 1104
356 990 995 1105
109 364 601 1021
6 431 579 737
807 1081 1112 1116
313 449 868 961
289 1048 1081 1084
304 854 875 968
41 971 1043 1120
287 1006 1060 1119
163 377 490 900
439 564 774 809
220 896 982 1082
46 173 593 1019
49 271 704 1011
366 1081 1083 1089
187 746 926 956
266 342 512 1119
248 421 486 1061
444 503 807 1086
56 292 591 868
581 696 1065 1090
354 619 647 1070
36 251 280 1001
12 262 348 634
69 565 768 935
174 366 405 451
279 785 1077 1090
616 1069 1080 1118
470 590 697 714
113 988 995 1107
36 619 744 844
311 917 1064 1096
250 983 988 1109
334 875 1094 1108
56 244 552 912
81 233 672 716
106 942 1022 1059
45 91 359 383
359 908 913 952
483 1026 1052 1082
664 917 938 1094
153 955 1039 1119
773 1045 1067 1104
358 530 875 1047
454 862 947 983
645 983 1012 1036
566 638 730 1048
583 873 910 1022
162 327 546 1099
263 738 838 854
730 1056 1057 1115
139 1093 1119 1120
49 118 941 980
210 504 553 779
179 925 1062 1094
175 871 884 929
184 380 627 856
115 1020 1054 1056
66 903 936 948
622 937 984 986
229 711 860 891
333 878 920 1110
327 974 981 1093
265 877 881 1093
83 1069 1082 1104
682 731 782 1027
106 1095 1098 1115
74 320 431 668
418 458 608 790
542 956 1012 1106
246 292 584 1026
763 1003 1008 1104
17 969 1038 1112
270 360 423 993
860 896 938 1057
303 700 701 885
369 460 917 940
883 960 1098 1108
480 756 841 1106
104 204 390 529
65 714 745 1054
57 471 737 1028
391 693 876 904
311 1039 1065 1113
308 1002 1069 1085
105 178 1095 1112
60 382 647 1071
472 856 866 948
541 554 680 721
300 975 1026 1079
588 780 864 905
818 878 999 1037
426 748 1022 1042
417 526 759 1006
556 1027 1051 1097
536 728 773 989
366 625 837 916
230 557 803 1061
291 313 402 475
217 1043 1107 1112
60 585 870 1102
149 801 963 1060
72 257 301 523
78 351 461 896
73 665 857 902
198 809 889 901
349 439 478 514
264 554 1034 1072
384 979 985 998
669 1095 1099 1119
439 549 902 1033
551 1100 1104 1105
227 377 709 777
387 753 832 1032
879 987 993 1031
720 998 1048 1056
87 588 677 1018
795 965 967 1101
603 984 1065 1068
25 736 1037 1118
315 1002 1075 1083
98 358 736 989
16 515 756 928
289 403 688 943
8 189 247 587
94 1023 1035 1046
46 1085 1090 1105
300 574 689 896
750 841 1070 1073
329 677 927 1062
237 964 970 980
158 792 886 979
215 226 582 823
173 639 952 1065
201 756 919 1030
798 1058 1107 1117
310 890 1016 1054
530 1041 1058 1088
655 946 956 1044
344 889 915 1004
418 489 777 1104
442 1042 1050 1062
578 989 1036 1102
30 457 605 701
79 662 875 958
503 624 931 938
87 1033 1105 1117
129 796 937 1088
153 974 992 1025
150 466 508 1092
8 138 550 586
822 1101 1105 1111
744 1083 1110 1116
877 1042 1060 1120
320 527 573 1007
950 1014 1068 1114
11 99 577 1046
176 886 895 1041
29 664 784 837
667 888 891 1084
879 884 938 1067
525 787 1023 1033
299 668 845 1070
333 1092 1102 1108
509 1050 1064 1087
812 1031 1039 1055
989 1042 1075 1077
747 1017 1031 1069
60 973 1078 1110
34 186 499 917
417 730 834 838
86 259 578 1074
274 1065 1106 1114
112 135 440 618
291 782 905 1003
516 807 1031 1089
260 501 849 1083
36 221 460 572
421 803 856 1036
477 1094 1097 1101
184 244 278 582
309 854 886 980
123 355 781 905
112 1118 1119 1120
712 914 1002 1079
59 272 404 752
610 1016 1021 1076
334 355 667 832
283 571 807 945
279 987 1013 1114
609 1113 1116 1119
192 884 984 1033
682 821 840 971
341 1111 1116 1119
273 788 845 1030
378 581 781 895
615 719 921 975
126 731 905 931
91 390 558 1104
448 1015 1052 1058
206 907 1086 1120
111 221 630 1099
719 845 911 1059
103 458 783 961
526 802 845 868
646 695 778 1045
109 1117 1118 1120
636 861 952 1047
869 1101 1106 1117
679 700 901 1107
434 690 934 970
169 979 1012 1057
376 435 542 709
831 995 1054 1116
272 881 908 930
701 744 869 1038
150 992 1052 1092
797 1084 1108 1110
541 1076 1092 1095
5 980 986 1023
837 1042 1043 1090
560 617 981 1116
411 1033 1085 1113
596 678 964 1114
221 535 659 1088
515 607 864 944
38 53 283 770
50 144 466 903
614 846 981 983
515 831 950 979
382 973 1007 1041
551 832 911 920
142 1014 1072 1079
115 587 683 875
532 992 1072 1093
673 774 1076 1087
674 783 810 1030
27 535 599 823
217 387 825 1009
209 820 839 918
66 301 698 1001
120 983 1003 1118
53 246 252 731
738 946 961 973
232 856 970 1031
894 969 1071 1108
385 523 894 1055
681 855 1020 1104
383 456 768 876
22 203 279 488
1054 1086 1099 1120
392 971 1019 1055
707 1103 1113 1117
617 808 829 873
134 348 441 893
412 828 930 978
657 951 954 1119
151 627 944 999
692 702 856 1009
184 1055 1067 1083
285 1062 1065 1107
626 1103 1108 1118
629 977 1016 1064
621 940 1041 1063
459 814 916 998
491 920 1005 1099
249 894 1036 1108
836 986 1010 1085
246 256 436 569
94 218 616 993
843 1024 1033 1070
471 841 848 949
231 688 785 864
308 337 509 574
188 939 1030 1105
303 915 971 1030
408 788 999 1119
189 385 590 1056
10 482 547 972
441 978 1009 1058
635 863 904 1051
304 994 1024 1103
389 616 776 1090
63 808 1009 1030
407 832 1044 1077
460 753 924 980
393 591 685 926
35 57 402 619
52 950 990 996
176 824 850 992
343 1002 1056 1084
240 361 557 863
272 1089 1091 1101
81 513 647 799
131 438 451 878
315 859 967 1059
249 999 1019 1071
525 535 740 1040
135 887 964 1094
435 705 752 760
738 1023 1055 1068
521 869 899 1055
293 450 1077 1115
795 1104 1105 1112
204 369 557 869
87 216 647 1113
186 920 934 1095
431 769 956 1055
648 1052 1053 1087
448 560 826 956
68 455 619 658
749 783 850 1096
198 886 953 1093
756 1015 1054 1059
556 579 614 904
48 879 942 1101
558 847 878 994
817 912 927 956
221 1069 1117 1118
217 894 1020 1045
125 1016 1027 1117
704 913 1055 1091
79 1091 1099 1119
492 1038 1080 1081
606 929 1007 1014
372 1032 1100 1109
831 855 946 1062
39 410 437 879
565 665 913 1092
350 1091 1110 1112
687 704 831 995
40 268 495 978
368 1113 1116 1120
210 1035 1047 1120
260 364 762 973
109 997 1043 1089
310 1075 1090 1090
296 360 556 761
539 914 958 970
530 564 567 731
163 814 889 929
346 818 868 1041
531 853 959 1016
268 409 616 1028
66 790 901 1024
614 628 642 847
146 340 467 1003
614 979 1074 1081
826 881 1052 1077
32 1014 1028 1071
131 895 1004 1011
98 754 831 1086
126 581 958 1086
426 1062 1092 1103
350 919 1000 1073
153 915 966 1049
29 932 1070 1119
232 400 551 567
28 49 371 1111
440 848 1022 1096
76 1018 1037 1071
23 585 759 973
175 226 634 963
471 976 1024 1120
584 869 1017 1070
260 546 773 795
899 962 1034 1057
308 839 869 960
592 727 733 919
161 981 1001 1027
104 1102 1111 1114
390 403 476 603
290 423 939 1086
187 885 996 1052
439 633 745 749
887 1055 1058 1067
9 767 908 967
737 778 830 903
341 980 1104 1115
490 1097 1100 1111
698 1022 1026 1057
111 1061 1063 1119
429 1026 1062 1109
377 703 1019 1080
144 1094 1107 1115
838 1015 1023 1111
224 254 1022 1069
81 650 761 863
744 1116 1119 1120
895 1059 1081 1118
519 596 838 903
154 927 983 1028
43 813 931 1013
419 869 973 1103
34 706 872 1022
187 702 874 1079
313 558 1075 1090
463 786 907 978
478 940 979 1012
204 724 750 924
389 1118 1119 1119
147 453 496 895
58 941 946 1080
674 977 979 1096
121 252 263 710
510 912 923 960
451 997 1021 1087
676 871 1025 1114
419 493 542 724
963 973 988 992
677 829 930 1084
243 956 1013 1014
563 781 960 1067
691 1015 1119 1119
80 440 593 749
612 1109 1112 1117
762 805 808 952
266 702 760 935
87 256 827 1101
383 440 795 1078
42 1071 1074 1111
393 484 519 675
13 250 259 461
83 361 729 908
37 240 710 1087
788 1101 1103 1108
775 823 838 1055
196 931 959 1040
682 962 976 1064
23 607 656 748
268 635 978 1018
178 575 606 704
236 738 746 807
100 855 927 1007
586 832 965 1047
17 372 526 653
698 1003 1005 1106
778 885 979 1011
727 963 1010 1056
613 820 968 1036
228 259 278 314
293 554 930 1062
333 692 865 957
586 941 958 1054
37 147 172 815
253 843 986 1018
410 1106 1117 1120
619 649 734 979
619 1108 1113 1116
311 992 997 1008
335 822 961 1065
203 374 790 936
767 995 1013 1092
96 654 731 957
172 688 882 1058
132 975 1008 1020
743 924 987 1090
107 380 453 685
220 524 709 991
336 1083 1088 1089
730 839 909 920
29 225 425 572
805 920 1020 1063
119 881 981 1008
367 368 587 1032
490 513 922 976
469 500 699 763
499 936 997 1051
93 873 932 1018
214 283 483 813
1 189 927 1083
293 908 922 1021
100 792 947 983
684 911 1018 1118
206 1107 1116 1117
489 500 725 1103
682 770 850 1042
339 424 604 670
199 728 823 1031
528 533 848 1064
441 971 1062 1071
300 1052 1060 1076
194 1113 1115 1119
380 903 1017 1032
582 680 781 1025
241 704 848 1048
570 1012 1080 1096
306 618 737 839
132 150 186 290
453 650 898 940
351 492 745 1050
181 639 847 969
24 1086 1092 1098
422 473 476 765
420 681 746 879
206 607 930 1120
18 625 818 883
1010 1071 1109 1112
525 603 799 966
238 1035 1049 1083
289 904 1038 1078
82 733 935 1076
77 805 872 1087
220 427 747 944
598 885 962 963
692 834 865 1043
135 921 944 1060
288 367 496 823
475 721 819 850
1055 1070 1094 1095
395 537 629 633
354 866 946 1077
130 673 811 1005
65 682 791 1107
646 949 957 1075
200 712 889 989
451 1039 1053 1090
758 992 1079 1081
1021 1070 1089 1091
486 619 938 1090
227 349 605 637
660 830 869 980
506 579 603 1026
600 855 859 1057
31 179 677 877
697 753 780 918
585 655 852 1007
31 954 993 997
240 284 441 675
379 524 630 841
602 706 936 1109
31 289 697 918
387 763 1013 1120
538 691 738 861
53 387 915 1042
107 341 588 602
464 518 543 950
228 261 303 1083
447 814 918 1061
168 958 998 1039
642 854 1059 1111
53 749 808 843
1002 1104 1105 1119
477 788 914 1060
346 1102 1111 1120
452 733 890 902
351 1057 1112 1115
414 821 993 1008
543 595 722 1076
492 974 1018 1051
18 949 1004 1049
387 424 644 814
14 940 1052 1069
90 648 736 920
180 475 502 1040
483 647 788 999
410 583 596 781
36 84 363 746
28 441 448 816
128 1065 1077 1120
159 457 583 745
414 1100 1112 1115
605 763 1026 1117
241 1022 1080 1096
117 382 638 769
143 776 933 933
735 1042 1056 1120
893 974 999 1043
173 489 582 1091
461 718 769 1088
225 984 1075 1115
767 895 967 1093
166 274 732 954
239 1041 1043 1060
11 806 967 1094
32 943 962 1066
142 773 879 1074
949 992 993 1105
115 988 1028 1060
125 775 777 1028
466 755 866 1080
260 280 938 1007
820 1020 1103 1110
678 943 993 1096
432 1077 1082 1115
570 641 738 1088
120 438 891 1067
274 873 958 1050
477 984 1056 1061
543 1028 1060 1097
68 119 768 928
493 665 899 941
146 790 992 1036
304 511 531 704
62 1070 1105 1114
640 786 825 915
329 1043 1065 1106
256 376 712 1120
210 729 860 1103
115 502 782 1064
350 628 757 815
568 1062 1065 1119
67 329 539 787
225 403 536 1079
62 118 229 1109
980 1087 1091 1103
10 282 649 1108
309 767 1054 1072
390 1079 1090 1099
334 1108 1114 1117
262 573 722 852
403 893 977 990
318 958 972 1024
203 358 475 490
200 247 718 964
202 1079 1092 1102
433 538 902 1038
757 780 871 997
662 739 759 833
16 159 353 780
403 859 898 1062
276 1026 1085 1119
244 365 572 644
230 1090 1119 1119
281 359 773 871
13 1039 1070 1086
270 825 877 1028
879 1067 1077 1114
111 204 525 751
680 1025 1041 1063
290 342 1065 1118
413 810 832 1037
778 1079 1115 1117
122 179 187 966
804 1012 1014 1083
536 873 1008 1064
17 999 1025 1028
422 813 884 1073
40 513 602 821
239 1045 1053 1055
360 786 936 965
779 963 965 1116
593 641 824 950
402 829 842 922
5 176 183 376
766 826 1075 1108
132 546 559 820
1084 1119 1120 1120
773 1100 1109 1115
942 1099 1107 1108
324 675 830 1026
252 909 1007 1031
345 796 845 988
145 573 611 892
545 994 997 1096
110 283 921 1044
814 1117 1118 1119
122 290 877 1033
237 669 744 935
326 409 744 771
426 519 531 1082
62 647 1008 1074
17 258 305 706
287 516 523 603
425 533 783 998
608 612 892 1083
37 698 925 977
917 998 1081 1118
98 339 955 1008
627 1090 1096 1120
531 709 807 947
215 613 815 1077
447 763 1050 1089
454 678 740 879
258 612 795 858
110 833 877 1102
1037 1057 1078 1113
270 535 578 789
665 939 994 1103
376 512 627 741
898 1080 1083 1087
1052 1095 1100 1100
1029 1062 1096 1116
81 858 931 949
89 993 1076 1112
135 349 461 848
481 1092 1100 1101
263 328 354 665
705 1099 1109 1111
257 793 891 1016
417 1115 1117 1119
368 394 399 634
512 1110 1113 1115
339 768 919 1051
676 740 799 931
128 425 488 1062
258 674 880 1015
201 548 580 1098
144 700 1039 1055
648 857 951 1038
976 1097 1105 1110
902 1010 1027 1080
169 909 984 1028
31 621 743 896
759 816 927 974
624 1085 1101 1114
31 573 734 953
584 718 879 913
188 1094 1103 1106
165 233 706 997
219 519 605 639
107 446 617 1034
168 649 1002 1079
495 797 802 1060
56 542 592 743
604 1060 1087 1104
529 589 805 1027
910 974 1028 1052
197 661 864 888
212 897 1045 1066
956 988 1040 1086
165 380 984 1004
129 726 958 1106
844 845 893 982
360 961 966 1059
800 989 1060 1061
198 822 884 916
81 719 777 1025
386 1045 1095 1117
137 936 951 1001
197 478 486 802
484 913 1000 1029
299 306 862 868
746 1102 1106 1113
108 319 364 770
675 680 819 1110
145 663 742 854
164 1043 1046 1081
136 537 591 680
493 836 850 1036
238 765 864 1113
74 940 979 999
186 224 634 821
100 526 813 907
642 746 856 872
592 1040 1071 1093
798 929 981 985
61 529 640 665
126 227 501 840
796 1021 1048 1059
172 862 1111 1119
81 1081 1091 1106
647 914 986 999
571 1021 1049 1078
161 259 818 867
218 1111 1117 1119
623 753 768 962
119 258 337 357
352 631 1064 1091
16 417 425 1095
25 716 966 1065
148 760 884 950
1 309 561 794
266 444 628 926
143 1049 1071 1114
768 1021 1066 1103
113 211 239 320
476 573 609 757
214 830 899 975
910 1071 1086 1093
276 663 701 1059
355 989 1079 1108
351 650 763 1057
2 331 333 989
250 745 873 1104
96 904 929 972
442 968 1024 1068
79 127 974 980
559 573 729 789
141 651 774 1001
529 1107 1111 1113
185 836 954 992
583 655 710 1048
227 314 458 903
707 931 1015 1065
29 547 599 690
686 893 960 1120
498 1022 1038 1042
822 916 919 1032
840 965 1007 1021
165 197 711 1091
926 1013 1035 1051
326 448 824 1000
449 940 1046 1093
22 912 1000 1014
588 703 994 1104
207 962 975 1042
191 1058 1064 1098
372 384 981 1046
222 227 381 577
633 926 986 1084
547 764 801 885
1004 1019 1045 1085
18 809 874 1102
323 1107 1109 1120
72 401 689 821
597 758 823 977
1073 1114 1117 1119
75 908 1004 1077
138 465 801 1010
502 669 984 1050
339 695 765 780
954 1087 1100 1101
459 685 724 749
262 469 518 811
223 289 441 557
259 1055 1080 1093
454 790 1016 1033
335 499 613 976
441 706 842 1061
784 982 1042 1084
327 931 971 1037
319 801 1009 1082
83 958 993 1096
379 851 903 1059
289 311 367 1104
302 335 822 1083
302 1064 1089 1100
499 749 869 991
804 851 928 1061
269 776 855 1025
143 794 918 957
26 356 627 898
372 946 978 1036
484 837 852 924
655 661 837 1053
364 986 1035 1045
251 417 893 956
895 999 1007 1061
2 937 981 990
798 1016 1078 1112
406 1091 1095 1102
209 611 818 895
156 401 730 766
122 322 372 972
87 976 1029 1051
319 724 809 1008
37 200 486 964
196 682 862 950
979 1079 1087 1118
479 543 819 1077
124 1042 1050 1059
695 922 969 981
469 494 899 1115
309 969 978 1101
693 972 974 992
525 836 981 991
342 787 849 961
53 557 838 1071
89 1067 1105 1115
805 904 978 1025
73 950 1092 1097
123 680 1053 1071
262 503 834 983
323 985 1032 1111
509 651 705 807
380 1095 1096 1097
469 817 859 1000
215 253 351 1017
104 868 939 1027
409 976 1007 1042
535 929 1041 1082
114 274 883 888
439 809 817 989
334 521 622 824
159 660 980 1035
80 163 503 577
18 299 457 836
547 1082 1102 1110
517 655 734 760
162 250 322 612
551 706 899 909
85 927 1014 1079
78 581 694 710
466 1042 1065 1086
258 950 1041 1105
413 603 606 874
85 502 576 677
290 594 628 779
304 470 1033 1109
226 582 821 915
328 484 766 970
199 450 768 798
555 836 846 861
107 668 897 993
452 691 1001 1016
135 636 925 1050
23 1075 1077 1101
317 961 1023 1065
931 991 1036 1072
452 628 936 1040
155 429 533 537
213 224 507 1104
1067 1114 1115 1116
896 947 1069 1085
743 1071 1091 1106
550 791 979 988
64 1077 1080 1108
243 1111 1114 1117
153 1094 1101 1105
562 891 908 950
65 812 855 880
148 616 867 904
157 933 946 1012
771 971 1025 1068
624 969 976 1043
237 1076 1092 1096
158 571 702 929
437 880 905 1046
204 252 500 1081
648 1018 1022 1118
479 576 589 724
600 670 726 899
21 923 1021 1085
587 1023 1077 1093
539 941 981 1064
206 981 1078 1102
84 262 479 578
273 827 843 1037
3 923 1074 1120
465 1058 1060 1095
405 454 1020 1035
367 479 988 1067
16 611 826 912
228 763 946 983
102 220 446 460
427 509 763 949
744 777 785 837
154 942 996 1093
789 996 1024 1087
818 975 1017 1065
585 738 895 1089
1052 1068 1081 1096
612 909 947 1047
496 650 666 748
252 694 710 727
743 1055 1108 1111
844 1107 1109 1119
814 1104 1111 1118
103 414 528 709
184 460 632 1049
731 849 861 902
71 460 726 916
569 777 933 1092
453 782 1098 1112
227 909 912 959
145 341 363 828
140 945 1015 1078
260 1000 1055 1082
124 1116 1118 1119
601 919 1062 1114
698 823 907 991
926 1088 1091 1109
309 661 701 989
357 793 1070 1105
179 818 833 889
144 622 938 1095
826 1071 1113 1116
219 782 914 1110
15 652 946 961
12 326 523 850
48 657 718 758
710 1092 1108 1111
169 750 999 1081
598 852 1035 1111
609 741 761 919
469 1037 1075 1110
344 835 954 1013
3 258 312 591
133 222 291 326
21 223 590 776
615 898 1070 1109
696 751 921 1117
37 860 880 968
806 1086 1096 1104
449 920 934 988
637 924 936 1046
869 1049 1070 1105
61 819 827 994
591 777 976 1077
641 667 722 1040
489 550 591 1078
444 802 930 999
448 1002 1112 1116
60 665 920 1068
649 789 1069 1092
7 749 1068 1102
561 886 1065 1105
400 978 1030 1080
634 1097 1116 1118
652 983 1060 1079
299 1101 1104 1110
899 922 1055 1065
47 94 478 1098
42 695 716 1070
517 911 970 1103
28 555 586 747
887 1026 1030 1056
84 421 433 948
204 1115 1118 1119
296 742 753 854
134 1026 1055 1069
165 561 999 1032
211 887 1060 1064
181 1062 1068 1105
91 1078 1093 1119
317 382 703 799
388 1035 1061 1101
51 156 253 798
249 577 894 1026
30 961 1062 1091
236 810 920 940
214 422 841 864
941 1050 1098 1102
730 1042 1076 1100
161 761 1007 1093
155 699 1036 1118
886 994 1042 1045
542 580 918 1070
331 344 351 1044
669 944 1052 1083
67 261 301 651
163 685 860 884
685 822 984 1063
525 876 995 1025
236 646 1011 1107
351 914 985 1041
330 961 1040 1043
678 774 806 958
8 294 510 1083
894 969 1029 1061
292 761 871 1012
105 993 998 1067
208 452 893 993
116 1026 1049 1073
461 498 805 1053
223 1029 1064 1077
269 712 869 1082
701 721 843 929
205 935 947 1072
190 521 651 1053
480 938 1036 1106
306 778 1052 1060
368 760 1001 1109
333 918 954 1101
420 643 704 947
30 922 945 967
19 349 718 830
80 371 611 804
798 888 1058 1109
567 1086 1088 1097
481 1065 1069 1102
335 1080 1094 1119
25 60 310 1080
230 1074 1097 1102
322 471 757 851
14 72 729 778
345 709 875 1031
66 995 1003 1038
584 863 1007 1059
404 554 642 888
185 374 757 979
447 460 502 798
467 1007 1018 1088
332 759 841 885
608 931 943 1028
466 1086 1103 1119
512 935 1016 1039
222 384 457 811
248 647 701 874
451 1080 1108 1113
489 1080 1085 1093
361 967 1099 1111
270 946 1027 1099
565 592 612 908
730 754 923 1025
791 805 879 1055
2 960 1005 1020
396 721 965 1033
636 972 1003 1043
503 692 710 918
4 15 541 871
463 1052 1064 1070
334 585 756 943
449 1089 1091 1098
619 684 918 1032
86 813 872 1074
598 760 875 966
32 960 993 1099
198 684 837 1116
209 1035 1083 1095
75 750 806 1019
378 523 811 1048
48 952 967 986
647 752 988 988
99 505 807 1014
71 590 780 813
247 927 981 1065
506 578 588 1113
160 257 539 1001
328 896 935 1090
159 714 957 1103
786 922 979 1020
186 687 803 967
167 530 734 1097
123 456 534 983
28 1073 1109 1111
710 750 961 1012
49 735 872 967
252 343 1011 1036
563 639 833 905
368 526 745 1107
755 830 969 1039
20 384 1000 1032
754 893 937 1113
739 937 982 1037
169 402 431 519
918 945 966 1103
319 542 819 918
176 242 564 655
227 315 643 693
318 335 489 554
632 1017 1052 1083
79 765 810 907
956 1092 1093 1117
504 697 808 861
559 1090 1100 1117
103 136 515 579
188 693 750 763
111 930 936 953
483 979 990 1058
348 513 538 852
224 1070 1097 1109
504 782 818 1050
286 840 934 1060
496 909 918 939
851 927 944 1023
499 1051 1100 1120
513 895 960 1012
1032 1071 1096 1104
385 662 1075 1101
528 641 936 973
808 909 1038 1092
434 438 886 1068
564 606 744 794
917 934 935 1065
544 649 1058 1095
603 924 998 1109
590 942 952 1003
121 573 725 772
240 991 1066 1087
114 370 951 1093
55 843 892 909
88 1016 1064 1109
224 761 1034 1107
575 872 973 1070
472 819 841 1022
39 710 1091 1119
348 555 586 1083
507 1006 1015 1083
336 703 891 1005
473 1118 1120 1120
462 485 790 1087
303 670 1078 1080
556 1069 1070 1082
334 660 760 1097
581 1023 1083 1095
201 481 600 611
575 1074 1110 1116
21 543 579 990
156 350 613 1101
38 118 905 911
330 793 854 1099
528 883 930 1011
297 428 542 941
673 799 865 1001
211 1060 1082 1096
454 990 1101 1108
222 1095 1098 1113
229 603 712 1039
471 853 948 1049
329 737 895 967
253 430 512 940
291 715 1004 1012
302 1045 1078 1087
906 926 1032 1076
274 1001 1057 1074
246 425 853 1040
267 683 780 1104
35 551 1072 1114
318 856 992 1105
311 628 653 1060
416 854 868 932
262 830 990 1039
53 809 1016 1069
46 710 717 774
118 269 698 825
611 1080 1082 1092
86 168 422 426
329 807 1114 1117
527 911 1003 1077
127 992 1089 1108
894 1052 1058 1082
468 1006 1074 1106
471 1060 1082 1085
275 912 915 1053
781 1078 1086 1113
427 969 970 1085
500 1052 1053 1084
630 845 1045 1099
131 237 348 459
253 734 956 971
193 295 314 451
349 1068 1100 1101
12 857 979 1055
1 702 718 765
547 846 943 1012
151 1046 1074 1110
469 826 885 1061
132 560 716 898
99 922 1077 1077
83 409 608 957
149 496 809 992
87 999 1011 1082
50 93 353 578
6 126 415 797
224 541 640 967
725 1104 1105 1115
486 561 808 849
513 719 788 956
158 182 927 934
809 893 1100 1103
358 369 465 618
445 581 857 928
101 449 944 1049
823 919 1109 1116
7 607 1027 1059
41 225 274 852
388 462 897 1047
864 1006 1096 1114
1050 1106 1108 1115
424 606 819 893
95 666 701 705
54 675 776 794
119 316 770 837
85 712 713 936
175 716 981 1061
620 710 784 1120
675 869 902 1092
754 786 908 1045
85 469 733 1005
238 753 1101 1113
237 773 798 1107
279 325 425 486
70 1084 1111 1114
298 1096 1097 1111
380 978 997 1002
382 902 936 957
267 693 825 912
922 1063 1080 1097
317 901 979 1007
274 418 896 953
248 800 866 1095
708 746 874 1082
257 758 858 984
603 646 717 882
861 925 969 1051
91 1090 1113 1117
56 882 958 1089
237 876 920 1067
15 513 670 1001
470 963 986 1097
103 777 940 1001
682 1078 1110 1117
161 688 743 1112
568 872 1009 1043
133 256 610 840
64 1091 1092 1110
280 746 858 914
390 817 1083 1119
631 764 855 987
389 674 896 1018
197 709 966 971
280 365 655 938
114 172 711 1038
90 829 960 965
860 955 985 1069
934 1101 1104 1111
803 869 934 1000
238 419 875 1068
421 617 843 973
59 155 260 467
152 648 715 787
214 370 890 947
343 1111 1118 1119
59 331 398 700
175 825 923 938
32 101 116 177
117 816 998 1002
261 350 805 1057
704 1040 1078 1098
562 897 1019 1060
140 417 725 932
722 832 875 908
501 970 1058 1062
286 1107 1112 1119
815 1076 1088 1116
322 753 763 950
132 459 547 1064
542 881 928 936
402 443 878 894
160 272 656 945
201 877 948 1014
151 724 866 1047
68 554 559 633
458 724 736 778
164 1076 1078 1118
285 916 993 1085
275 1015 1049 1110
298 484 650 748
707 925 964 1034
197 486 666 753
1011 1064 1075 1082
19 705 849 1021
396 807 897 993
621 956 990 999
773 908 1016 1119
310 1082 1114 1116
160 915 931 1115
345 1111 1115 1120
258 304 993 1092
276 847 1062 1090
46 283 680 805
16 1070 1079 1117
813 1094 1095 1096
529 1053 1058 1059
314 914 982 1015
614 902 1049 1050
506 697 906 1010
442 942 1065 1076
592 967 989 1092
763 1057 1061 1103
522 579 671 914
635 736 939 957
496 870 906 1101
343 708 726 1110
932 952 1030 1106
146 1116 1117 1117
405 567 714 1058
150 812 1039 1059
145 641 757 912
349 595 641 805
165 293 506 993
262 831 1036 1084
61 224 610 852
159 870 977 1011
559 860 1024 1101
510 854 950 1046
418 788 798 923
96 743 792 1090
304 407 561 727
817 820 879 1011
227 292 808 942
82 693 998 1120
110 679 746 876
384 763 913 1109
331 777 894 1019
800 912 959 1085
525 1015 1020 1117
650 923 1057 1108
432 791 881 1019
781 1114 1117 1118
131 937 1055 1064
112 285 444 949
239 733 884 997
163 517 544 705
766 957 1001 1016
171 1053 1076 1090
25 113 453 864
29 1103 1105 1114
76 409 814 1109
14 682 872 1080
200 1095 1107 1107
857 906 940 1091
744 760 1032 1053
452 854 898 997
35 257 754 854
309 948 1016 1025
68 228 326 682
382 1077 1096 1112
1032 1076 1099 1114
143 913 988 1011
148 365 1009 1071
368 970 1068 1116
629 991 997 1013
257 384 596 1016
590 961 1097 1115
370 462 479 815
123 326 589 1062
166 208 250 396
615 864 901 1063
334 762 766 1115
727 948 978 1046
612 670 949 1078
238 1064 1088 1113
407 961 1004 1032
281 504 733 827
362 847 854 962
219 296 561 834
731 1098 1110 1116
44 415 879 1026
91 386 588 807
474 548 580 894
596 1003 1024 1054
680 1021 1053 1094
650 708 791 816
700 807 1059 1083
733 984 992 1070
743 754 999 1116
167 1108 1114 1117
491 502 575 1102
279 632 943 1097
408 852 1052 1077
639 1013 1075 1110
1 198 368 383
196 201 556 800
61 991 1001 1104
313 1004 1019 1095
382 945 960 1097
390 433 839 925
687 1088 1102 1103
123 236 904 976
44 221 579 799
709 765 1034 1078
361 720 789 901
444 533 936 1070
473 557 625 792
512 1116 1117 1117
593 640 838 963
338 766 933 1090
190 1091 1096 1109
201 660 873 939
501 749 903 1030
741 987 1069 1113
769 1042 1085 1107
711 773 856 1027
271 661 687 1060
638 1096 1097 1108
818 1007 1046 1084
470 1005 1055 1059
964 1045 1077 1110
170 1108 1113 1117
70 205 618 703
1068 1084 1107 1112
267 1103 1108 1115
128 496 600 760
300 531 712 797
790 908 951 1086
766 1008 1076 1105
304 786 956 1043
284 320 720 764
269 1096 1103 1114
438 583 841 1111
526 995 1041 1085
937 1119 1120 1120
393 873 937 1006
698 707 849 858
25 794 932 1031
742 859 1073 1082
851 1038 1051 1104
241 488 739 900
49 948 1025 1031
302 923 924 951
210 1050 1054 1084
560 584 713 893
353 641 790 1046
44 1091 1119 1120
155 1090 1091 1095
309 903 1040 1049
235 281 632 871
622 980 1000 1019
264 273 621 876
709 1042 1054 1111
342 975 1010 1021
57 122 730 952
90 946 985 1063
359 560 863 978
657 1119 1120 1120
860 1003 1082 1107
54 473 752 785
31 337 933 1071
408 597 667 793
230 817 1099 1115
154 1103 1108 1110
278 439 440 911
110 607 788 889
631 865 879 952
697 810 861 987
293 711 844 853
358 446 969 1113
678 1047 1089 1105
326 1012 1028 1072
127 885 1051 1055
259 944 971 986
67 954 1005 1011
411 550 665 1003
551 1091 1100 1112
10 363 891 1062
593 612 679 1084
402 672 1085 1093
834 956 996 1063
938 1086 1095 1117
592 678 887 955
315 1006 1012 1077
111 860 1103 1108
7 389 422 928
128 588 866 987
873 890 1073 1085
697 806 914 953
217 591 994 1087
224 323 352 383
101 713 724 977
339 752 1069 1098
398 408 1004 1018
461 585 1020 1085
35 650 735 1013
723 1035 1078 1107
75 813 923 969
243 1098 1100 1117
207 642 754 923
593 969 999 1100
178 545 1013 1103
219 932 946 1010
118 152 520 676
266 1031 1050 1076
786 1085 1086 1117
314 626 681 922
65 594 597 1071
209 956 1065 1079
311 606 781 814
155 666 724 918
15 107 436 700
557 1081 1090 1099
50 210 384 1001
93 951 996 1031
633 863 884 1098
218 868 1026 1064
693 918 953 1065
480 494 523 946
451 525 678 1033
516 534 575 1012
366 462 569 969
572 841 944 969
47 270 861 950
402 469 948 1088
645 971 1036 1116
146 1069 1101 1107
178 744 988 1113
10 238 1051 1057
4 464 551 985
34 774 952 1027
100 478 637 1105
204 558 855 862
386 1101 1111 1117
594 888 1048 1087
142 1083 1091 1096
93 416 560 1094
403 604 797 1015
447 484 532 793
107 473 709 845
138 405 748 914
626 656 870 1001
63 515 796 869
127 701 824 1111
178 180 529 742
202 425 584 635
512 995 1064 1080
555 662 931 1018
375 574 613 965
144 755 855 1012
950 1012 1087 1107
272 908 965 1078
929 1104 1106 1115
122 832 1005 1082
325 1060 1066 1095
230 432 820 1055
849 905 945 1100
395 988 1040 1120
711 832 917 940
44 575 920 983
101 258 820 910
516 725 832 958
160 173 275 313
321 433 804 882
591 810 837 902
738 1029 1051 1076
953 1034 1058 1102
432 935 951 1017
105 964 1019 1068
205 420 782 1116
195 245 436 754
659 1112 1115 1120
599 942 1032 1083
49 433 1025 1028
797 935 974 1093
566 915 934 977
64 195 224 297
481 1088 1108 1112
142 164 221 957
290 375 547 800
443 898 1084 1091
392 918 1090 1099
117 348 588 932
894 1001 1051 1086
471 799 879 984
143 618 912 917
671 763 806 943
299 666 742 858
164 290 318 903
507 1034 1083 1090
758 1021 1032 1104
372 878 965 1004
701 745 1027 1054
428 495 845 1084
701 1075 1095 1112
189 704 776 1014
335 624 907 1035
593 868 922 1087
359 626 845 1032
535 1069 1071 1079
89 303 650 715
957 1042 1070 1091
688 716 985 1103
258 1054 1055 1091
245 819 938 962
830 849 996 1032
52 112 458 766
109 421 522 605
1060 1089 1100 1112
625 707 909 1036
67 439 442 472
43 633 863 900
306 639 678 806
21 875 933 967
904 1053 1086 1105
480 870 1025 1030
662 1089 1102 1106
185 497 653 991
495 538 546 879
742 796 908 1019
177 326 532 925
662 821 913 1088
81 985 989 1091
505 1052 1070 1106
213 394 563 591
208 452 508 531
1074 1110 1117 1118
311 624 639 1086
180 220 303 1079
936 1049 1097 1109
107 633 893 901
172 862 891 1088
331 975 1074 1103
11 272 697 714
99 378 421 576
849 895 1077 1089
451 486 771 1004
209 1007 1062 1108
34 843 868 957
24 57 86 547
438 588 615 675
135 147 605 787
39 487 593 810
376 376 878 1061
797 1056 1070 1077
17 214 334 1022
745 916 966 1030
569 896 1025 1062
221 864 889 1026
1007 1010 1020 1083
776 802 982 1051
481 1018 1029 1115
46 182 1065 1088
445 1109 1115 1115
527 854 958 984
395 659 799 956
17 87 156 426
636 1105 1106 1117
214 621 903 972
294 887 1031 1111
193 933 957 1096
365 1038 1088 1111
1015 1051 1096 1110
570 728 751 927
492 738 761 896
36 671 715 900
78 82 894 1012
943 1047 1086 1120
146 1039 1042 1064
112 983 1089 1113
250 898 916 953
21 770 1063 1095
421 679 842 876
89 458 525 652
578 664 785 858
212 714 868 1066
254 1058 1111 1118
291 941 1052 1059
178 769 773 910
92 433 499 503
202 876 901 1114
314 1032 1079 1094
797 901 1050 1062
13 134 589 957
545 1091 1092 1100
164 553 555 755
733 803 823 1079
172 651 820 915
112 397 534 809
48 427 840 1120
758 1042 1063 1089
517 951 987 1059
907 1072 1102 1108
46 826 838 935
28 596 797 905
405 535 588 1055
409 582 911 1047
605 641 674 951
494 963 1013 1097
285 851 888 928
356 821 982 1061
58 520 659 842
1078 1083 1097 1115
103 1034 1045 1107
960 1002 1032 1043
359 862 941 1033
1022 1081 1103 1113
2 124 671 957
481 1065 1078 1090
167 929 981 1091
580 754 857 986
346 787 998 1019
79 914 1035 1049
28 308 380 801
163 748 929 971
675 732 927 1058
92 394 451 1036
695 935 977 1063
671 899 924 971
489 707 789 810
34 1059 1103 1120
58 997 1033 1119
68 1003 1055 1060
513 821 833 959
298 1024 1089 1100
3 532 891 1116
35 339 380 396
387 1114 1118 1119
118 835 859 1034
186 1073 1082 1089
17 793 975 1031
241 727 758 923
294 1000 1050 1064
477 974 1056 1082
105 560 644 921
360 1013 1074 1101
50 1028 1071 1077
404 555 647 1013
96 654 1065 1100
819 908 1009 1020
511 993 1081 1085
340 515 850 1085
526 939 1069 1113
198 975 1022 1053
511 630 717 913
736 940 949 1033
690 773 785 989
239 811 852 915
55 767 848 877
568 1045 1115 1117
93 984 1058 1076
49 314 650 983
92 928 943 991
248 474 816 909
327 1007 1045 1092
204 819 893 974
9 926 1011 1052
346 694 729 1025
96 202 838 938
123 1041 1075 1111
587 753 888 998
655 763 1014 1042
306 374 975 1116
138 167 218 905
90 94 97 275
766 806 973 1032
245 563 816 1118
125 169 783 851
169 826 971 1010
200 615 795 809
59 579 705 759
337 819 977 985
369 473 510 967
288 567 582 973
322 764 841 1018
863 1001 1067 1102
132 262 1109 1115
734 1091 1114 1116
110 398 422 934
251 537 868 1048
305 763 811 1009
91 1090 1091 1115
871 958 990 1028
664 779 795 897
61 514 591 906
247 818 870 1041
520 979 1015 1056
658 785 860 927
313 792 971 1061
19 223 487 822
45 543 873 882
573 975 1082 1099
693 975 1014 1031
150 583 625 983
602 1002 1019 1074
265 293 520 623
68 474 1079 1094
500 950 985 1120
320 372 826 1011
613 995 1054 1065
32 1021 1030 1115
695 986 989 1087
435 588 816 1005
335 939 996 1078
913 971 998 1065
322 947 1030 1076
47 128 441 1038
868 1084 1086 1086
207 414 648 999
31 990 1024 1087
276 601 664 724
422 445 607 622
205 254 515 603
452 907 931 966
761 1030 1060 1108
134 687 871 989
511 1092 1108 1118
314 451 462 504
322 793 869 919
243 404 979 992
553 791 954 981
498 1010 1082 1101
587 1085 1098 1103
825 1063 1079 1116
909 933 1060 1104
196 233 314 450
212 837 858 952
170 1088 1109 1115
1040 1073 1094 1101
362 900 947 1060
309 1055 1071 1100
552 958 959 1041
326 654 853 913
837 1015 1033 1101
518 1062 1083 1105
646 1084 1111 1117
600 1078 1089 1117
167 910 920 985
128 974 1023 1028
436 1054 1065 1097
740 966 968 1072
15 25 908 1022
771 1012 1029 1063
384 503 886 891
347 1081 1097 1099
216 990 1055 1063
381 455 722 1051
26 1027 1088 1100
581 778 847 1054
582 869 959 1095
249 765 905 1011
214 923 1003 1110
543 934 1027 1111
420 864 995 999
216 908 961 994
402 740 899 940
244 1107 1115 1117
77 1050 1113 1117
774 794 1087 1111
282 621 820 1022
742 944 1069 1087
109 951 1015 1086
890 1035 1104 1107
375 1053 1056 1120
881 1016 1054 1058
254 1105 1114 1115
934 1097 1100 1120
111 283 823 1057
179 1044 1096 1100
459 998 1017 1033
552 609 757 763
616 658 671 814
297 968 995 1035
161 434 621 1005
47 1001 1012 1016
123 617 678 747
871 1083 1103 1103
186 651 898 955
508 883 985 1025
375 921 965 1116
45 810 889 967
570 626 975 1009
453 1022 1024 1066
272 621 679 1033
786 978 990 1018
329 487 601 732
537 809 1076 1106
873 1056 1084 1108
1000 1102 1107 1113
696 1107 1108 1108
466 931 1069 1082
279 982 1033 1096
86 402 941 950
723 784 1006 1088
353 780 799 1080
338 936 961 1108
435 1075 1077 1107
116 1015 1021 1068
269 649 930 940
321 471 593 948
92 1055 1056 1069
636 893 1013 1093
50 172 207 697
163 701 777 1117
23 275 771 830
283 969 1006 1115
124 488 544 940
647 1007 1010 1077
61 754 817 920
357 572 878 884
282 696 964 1120
222 883 1044 1077
242 574 675 966
881 882 943 1113
115 366 390 970
891 1031 1058 1117
442 996 1028 1038
377 378 951 963
148 878 916 1013
1028 1064 1067 1071
570 1101 1104 1106
48 1062 1078 1116
428 864 874 1026
605 1094 1112 1119
782 1012 1043 1056
1037 1083 1103 1109
927 1038 1068 1108
215 485 524 825
653 669 714 1081
538 565 817 846
326 890 1095 1108
117 1023 1036 1071
607 842 981 1038
45 892 1062 1076
629 864 1048 1090
575 1062 1075 1111
382 625 1042 1051
195 425 433 1037
60 971 1004 1034
352 1103 1113 1116
19 25 147 1108
945 1039 1041 1109
871 952 999 1098
120 165 606 672
303 520 590 974
189 1073 1096 1103
289 522 549 611
696 1086 1096 1101
157 617 694 803
212 900 986 1015
28 835 890 1031
112 462 633 1112
172 665 776 785
347 545 855 1054
75 778 850 919
657 1038 1105 1106
79 95 820 1044
180 685 914 1046
584 927 1050 1051
643 1087 1109 1112
668 858 880 994
565 972 1036 1078
6 578 647 942
368 906 920 986
98 466 549 703
60 1048 1077 1098
750 774 928 1074
37 950 962 964
762 1113 1116 1119
790 898 1056 1071
278 821 892 1075
372 646 878 1111
561 877 1052 1117
211 332 361 600
233 1046 1103 1110
241 381 668 682
148 573 614 680
675 954 1045 1108
11 753 777 794
19 309 999 1016
264 717 913 1039
721 735 818 946
415 910 911 978
632 771 913 1086
279 986 1031 1062
621 995 1085 1109
834 969 1015 1020
308 1075 1076 1100
19 306 434 579
139 833 870 924
260 664 692 1073
429 551 621 762
120 265 502 1076
281 470 507 901
106 1019 1030 1082
675 833 859 909
453 1074 1112 1113
197 243 507 537
826 1041 1067 1090
979 1106 1117 1120
117 397 914 1086
226 711 764 793
392 417 525 574
845 1021 1105 1112
766 1034 1043 1060
681 939 945 1096
23 917 1044 1111
499 930 966 1071
401 876 1097 1110
69 173 502 984
526 1053 1057 1072
226 629 770 1069
692 768 972 1000
88 145 451 754
717 1088 1107 1116
758 855 955 1110
24 513 924 945
217 562 615 939
864 951 990 1072
27 994 1037 1058
135 584 680 924
294 954 1037 1112
24 539 889 918
100 328 474 949
627 691 819 1043
282 544 899 921
493 1095 1099 1111
294 504 823 977
981 1114 1117 1119
66 190 235 249
818 972 1030 1091
314 581 634 819
108 729 809 810
323 1023 1046 1069
400 471 710 1043
531 1024 1033 1117
340 617 769 1018
609 875 1025 1100
928 1119 1120 1120
287 1111 1112 1115
353 826 928 977
65 859 900 1069
78 721 929 990
744 858 939 1066
216 284 366 838
707 868 1029 1088
564 633 655 797
366 467 680 874
296 846 989 1079
966 1031 1035 1097
258 763 1004 1118
75 1044 1062 1106
451 771 814 1030
260 404 610 991
563 1116 1117 1119
994 1045 1079 1081
176 561 617 1062
342 712 879 923
51 631 652 1063
342 1093 1103 1115
85 430 795 966
27 786 799 884
345 980 1040 1051
723 975 1032 1090
825 940 1008 1075
164 268 427 618
193 797 818 833
23 531 698 866
261 872 1016 1085
182 432 650 829
850 873 994 1116
1024 1030 1059 1060
483 776 818 1049
365 671 916 1026
340 890 1102 1107
95 270 887 1108
444 826 840 855
159 1037 1114 1115
468 767 818 1081
221 896 1016 1055
208 593 769 1050
32 310 902 905
552 715 840 1007
466 963 1004 1089
152 1112 1114 1119
239 573 928 933
389 414 675 937
834 1114 1118 1119
612 891 964 994
292 517 820 1069
1043 1119 1120 1120
476 588 834 970
177 1090 1107 1119
176 260 556 1083
521 924 948 967
285 1087 1089 1109
509 864 986 1098
254 526 761 777
909 1014 1049 1116
523 852 886 1104
848 857 890 1042
353 986 1010 1071
94 949 1021 1098
691 1119 1120 1120
89 415 744 1043
473 870 971 1072
679 753 876 897
415 940 1097 1102
229 553 736 932
372 433 808 984
971 1028 1035 1117
228 1108 1112 1116
576 983 1063 1070
312 890 918 1042
60 64 282 809
219 512 613 1048
17 897 994 1062
547 1012 1024 1028
828 938 943 1109
6 506 763 898
226 779 784 961
435 747 1014 1014
422 915 955 1022
565 1085 1091 1095
734 904 974 1101
250 972 1085 1099
528 915 991 1046
45 597 833 858
410 732 837 875
335 859 980 1057
80 398 527 830
912 1076 1089 1097
579 677 744 1003
386 461 501 1053
483 976 1087 1117
42 570 777 1048
99 964 967 979
192 943 960 1037
87 602 662 891
202 590 716 1023
4 165 284 326
792 891 924 929
32 659 660 1081
92 891 924 1073
352 823 903 1118
371 993 1000 1013
61 1004 1055 1064
38 797 1114 1116
962 1042 1084 1099
268 683 705 879
546 920 1044 1063
434 588 697 1090
339 514 553 950
305 1011 1021 1078
688 891 928 1044
589 1021 1057 1116
34 822 870 944
208 721 1050 1106
544 684 794 1074
713 876 914 920
337 641 999 1042
182 418 426 527
93 521 737 925
16 488 493 610
168 655 727 845
414 833 864 881
615 960 974 981
312 620 858 1068
167 604 649 1089
44 70 866 959
512 624 637 644
473 554 954 1112
206 395 402 520
86 162 549 574
35 496 839 867
438 575 673 682
243 667 911 1118
359 411 490 630
16 315 438 615
1017 1028 1055 1090
422 763 829 1092
674 938 968 1019
107 1003 1042 1068
134 801 896 1007
687 1079 1098 1118
406 421 487 744
401 650 842 1035
61 594 936 1045
236 482 779 1043
438 465 608 1029
516 624 755 928
1036 1047 1063 1068
677 1076 1081 1114
790 1089 1097 1103
553 1110 1115 1116
559 830 965 1028
16 680 775 839
124 642 747 886
142 645 762 1110
62 597 920 944
534 581 921 943
352 769 965 1027
69 336 442 691
432 440 654 1021
12 398 463 826
632 825 849 889
292 649 945 1111
1017 1064 1080 1102
191 488 692 694
590 737 769 1047
312 439 775 932
101 683 735 738
348 709 871 1009
328 499 553 902
474 588 662 925
821 855 957 989
546 984 1030 1051
434 918 920 1099
672 1002 1050 1071
652 834 980 1065
119 669 734 742
314 921 941 1074
728 926 955 957
985 1028 1029 1101
632 743 817 1044
498 579 632 687
913 999 1063 1086
531 932 1007 1092
712 993 1044 1088
604 836 896 1108
940 1042 1045 1114
430 1081 1096 1100
16 973 1076 1117
62 151 735 971
577 976 1009 1011
155 216 349 1105
45 291 488 768
134 444 727 1034
195 289 492 519
421 884 979 1031
587 750 975 1071
170 211 242 418
698 1095 1111 1117
221 317 499 1006
466 482 774 950
508 877 932 1074
158 799 906 998
59 1027 1078 1106
1042 1103 1111 1116
436 995 1023 1030
371 478 652 961
254 461 586 1108
570 996 1038 1056
275 1025 1069 1092
59 271 338 458
528 1112 1114 1116
331 1027 1047 1058
537 677 874 965
238 437 666 1074
372 1029 1072 1086
528 665 838 850
152 1021 1035 1047
867 921 1023 1036
581 979 994 1096
306 887 896 1013
501 564 761 893
195 402 555 892
220 589 596 1090
515 611 697 774
148 328 498 871
380 666 885 919
530 718 856 905
22 39 140 185
730 872 1023 1063
680 883 900 1060
6 1102 1111 1111
27 593 985 1061
650 931 963 1034
55 344 775 879
1075 1081 1095 1107
905 980 984 1051
205 451 742 1045
236 1031 1086 1107
624 742 786 966
283 1001 1075 1109
32 719 743 1054
961 1086 1098 1111
363 628 645 673
458 1027 1030 1092
98 390 743 894
356 435 908 1053
200 350 921 997
599 781 853 1029
225 367 792 814
59 838 967 1010
59 841 1030 1056
779 1024 1027 1118
240 256 307 667
564 1012 1027 1066
445 991 994 1030
187 770 814 876
218 990 994 1006
153 283 564 1008
177 631 691 803
289 477 672 1086
716 1086 1092 1102
488 688 1008 1021
660 741 752 1054
24 675 861 1072
976 1033 1114 1119
560 1003 1088 1116
235 1099 1108 1108
404 892 918 931
4 1091 1101 1107
309 972 1000 1084
669 1028 1098 1120
565 783 989 1048
246 1029 1035 1090
340 553 563 901
78 770 1022 1065
868 955 1028 1087
86 513 577 941
10 1080 1098 1098
383 1062 1091 1106
40 80 583 1005
43 327 703 886
524 557 794 846
105 980 1038 1058
162 581 596 1110
535 894 945 1066
28 684 713 791
214 454 544 576
424 588 719 893
650 896 996 1113
158 198 314 954
524 924 928 1020
150 370 752 948
106 128 308 432
18 375 505 514
917 949 1063 1105
129 684 757 761
922 1102 1105 1114
933 1000 1084 1086
725 887 941 1021
698 927 943 971
21 972 1001 1095
127 790 1027 1035
915 1067 1077 1112
911 1044 1080 1120
74 381 606 847
126 712 747 1032
439 529 618 1025
181 609 828 1092
310 638 819 1010
429 985 1034 1044
72 894 1035 1068
797 1035 1038 1084
619 1028 1058 1101
756 1068 1080 1082
375 561 1008 1120
67 986 1011 1014
864 1048 1051 1102
206 339 485 677
293 1006 1030 1104
187 416 581 1021
640 1090 1098 1118
61 960 1083 1098
261 450 734 1114
30 628 982 1063
156 586 613 736
641 824 979 1045
324 386 890 1115
494 820 842 955
109 260 689 920
224 1042 1059 1101
351 871 948 1001
270 791 875 1100
130 240 836 956
253 891 1019 1062
29 38 93 814
46 683 908 937
59 925 954 1075
131 249 626 796
533 721 786 800
638 750 932 1118
287 656 670 763
39 496 629 719
58 871 1019 1104
1008 1107 1108 1111
166 222 818 1020
48 1044 1078 1091
565 667 668 686
211 856 870 1045
693 1058 1104 1113
590 770 861 947
785 1091 1102 1106
74 1030 1073 1091
284 895 910 1061
155 546 853 1007
277 762 824 865
516 990 999 1053
191 648 679 755
629 836 845 982
297 847 1009 1011
53 842 942 970
573 1084 1095 1117
190 675 807 810
38 286 338 580
714 971 1065 1110
83 364 488 772
568 766 769 788
185 777 1012 1042
181 1087 1090 1116
291 607 718 846
448 973 1034 1067
262 263 266 400
87 516 774 844
195 393 501 885
475 1080 1083 1096
141 583 796 1052
260 441 788 1019
234 881 1034 1104
20 909 910 989
705 860 938 1120
535 668 1101 1115
357 477 770 982
101 823 881 1048
362 821 827 1089
269 624 741 905
974 1118 1120 1120
440 705 1001 1101
450 570 824 867
475 862 953 1012
22 264 647 1118
84 214 987 1008
940 1078 1106 1113
35 105 473 1083
413 534 616 750
145 476 925 1045
585 1018 1075 1077
183 1073 1104 1107
48 99 474 902
664 1054 1058 1114
379 1079 1107 1120
231 821 938 996
36 1016 1057 1066
356 794 859 868
433 1112 1119 1120
511 862 987 1081
186 549 954 1089
242 539 614 776
174 454 904 961
212 869 881 998
692 734 934 1027
4 67 306 384
635 1005 1010 1051
641 1098 1100 1104
887 932 974 1031
127 674 732 762
47 108 329 493
322 882 935 968
164 297 370 892
492 796 908 1033
602 845 939 1057
86 1089 1098 1098
26 420 624 796
682 961 1043 1046
374 485 719 1078
12 582 615 863
57 510 958 1108
449 454 517 1013
3 508 863 1081
191 1040 1103 1117
220 659 962 1074
17 112 359 806
98 101 712 828
59 491 620 643
670 1057 1073 1095
127 1085 1099 1104
102 1088 1101 1103
526 1000 1084 1119
124 981 1032 1106
235 634 736 825
234 832 983 1107
250 387 630 936
92 1112 1113 1118
129 402 489 920
184 778 919 1002
622 832 1035 1064
563 836 882 955
137 819 962 1109
556 880 969 1065
40 1039 1078 1098
893 1059 1062 1071
841 926 967 1000
567 612 756 860
199 760 1014 1079
498 550 796 897
1025 1067 1091 1092
572 977 1013 1039
397 680 959 1015
361 908 1025 1109
506 1032 1071 1094
36 697 955 1032
140 784 991 1096
342 612 693 767
1013 1020 1065 1107
745 751 831 886
282 1059 1084 1092
468 1026 1031 1064
993 1042 1051 1090
450 871 987 1019
6 686 759 857
199 759 923 1019
412 854 869 874
548 556 624 915
806 1071 1083 1118
111 467 615 803
318 361 729 877
255 782 821 915
632 864 1012 1062
382 586 814 979
165 688 838 1090
452 769 1057 1093
129 741 892 1071
320 482 669 1040
983 1100 1111 1113
603 902 948 1001
42 927 982 1097
500 590 811 889
602 1101 1104 1109
596 735 750 936
18 412 519 902
641 981 1002 1019
744 785 827 866
435 766 846 1081
334 590 591 697
91 167 169 692
949 969 984 1068
268 869 933 956
378 917 1034 1103
226 828 864 960
26 859 899 919
386 854 882 1096
30 1040 1043 1062
328 764 905 967
847 1018 1072 1086
483 672 850 1088
53 1059 1064 1075
538 708 846 891
377 901 999 1073
127 687 717 836
109 356 729 1000
189 736 791 808
130 552 752 930
529 760 807 844
399 688 699 926
680 840 886 1085
137 684 1050 1096
648 883 928 971
501 794 893 1091
527 737 753 837
227 459 625 1109
416 915 969 1110
445 1033 1087 1096
689 803 876 933
241 983 1021 1084
68 275 691 814
42 121 339 768
412 870 968 1090
689 1095 1109 1110
401 1021 1059 1120
762 790 852 1012
101 240 241 797
41 947 1073 1091
447 640 961 1050
182 650 676 1115
457 692 863 1109
913 936 1004 1071
920 1016 1022 1084
801 862 912 1090
1074 1096 1119 1120
20 726 862 946
885 1101 1103 1111
711 788 951 1047
1061 1070 1103 1105
932 1064 1077 1083
555 903 1029 1034
501 681 766 1000
205 1032 1054 1092
180 360 399 705
57 821 855 946
316 394 969 989
934 958 1057 1097
432 912 933 1112
63 906 1043 1066
278 470 758 764
270 1037 1044 1080
39 573 775 787
118 513 862 1085
91 255 534 759
225 786 788 900
585 958 1029 1073
89 894 906 936
209 485 771 932
264 749 801 1059
600 1011 1058 1082
172 1074 1104 1119
507 719 886 964
839 989 1045 1097
539 809 847 858
338 534 748 917
97 408 748 1112
776 928 974 1094
41 877 942 1092
60 643 652 722
116 985 1064 1072
157 1077 1082 1103
764 1101 1117 1118
865 1011 1061 1076
339 429 704 758
648 1116 1117 1120
12 443 776 816
743 854 945 1062
407 774 825 837
73 185 516 642
444 523 609 810
176 992 1069 1120
436 459 731 831
487 991 999 1007
690 1048 1095 1107
171 598 753 1104
445 485 589 940
607 742 836 1088
222 1056 1073 1084
145 609 789 986
538 615 1017 1080
149 697 998 1102
298 303 359 429
489 1106 1117 1120
76 1040 1060 1081
84 666 856 1064
610 984 1072 1103
514 787 947 1057
538 951 1022 1095
320 385 523 600
47 649 746 1102
314 610 615 929
266 630 719 767
402 865 1076 1100
60 685 735 944
459 669 793 1119
25 596 818 839
18 939 958 1019
424 473 837 1096
764 1091 1108 1116
50 114 190 790
595 648 783 1081
53 321 534 1028
1020 1095 1104 1120
49 160 611 652
24 705 739 799
403 905 918 1087
645 874 949 967
58 114 157 748
252 711 944 1002
31 686 698 818
61 163 536 661
587 1073 1074 1097
715 926 948 1083
179 444 819 933
289 727 1107 1116
207 918 934 946
391 773 844 1107
310 368 593 928
10 510 656 817
323 890 919 977
119 277 987 1054
987 999 1047 1112
157 535 549 952
189 1080 1104 1107
774 821 899 1026
310 690 754 1054
569 849 988 995
481 893 991 1076
452 560 661 706
151 823 993 1013
81 381 628 749
537 628 915 1025
278 755 989 1013
124 1003 1031 1059
534 808 1014 1042
965 1098 1101 1108
294 450 902 903
536 799 1096 1109
239 1114 1115 1116
272 440 791 1097
982 1008 1103 1115
657 677 724 758
201 632 634 981
124 304 864 974
671 877 889 1094
595 1093 1107 1110
530 1109 1115 1118
259 802 915 1076
924 1032 1093 1117
370 983 990 1111
708 1034 1066 1077
107 205 541 728
803 914 930 968
285 295 566 886
211 361 468 480
90 165 944 1022
486 841 851 897
318 330 465 917
43 530 636 968
87 743 824 852
202 871 911 1054
53 164 410 976
953 985 1031 1112
416 1099 1105 1111
679 708 878 1070
190 750 1004 1039
84 162 770 1011
4 929 954 1007
773 782 1078 1118
342 860 1072 1076
476 582 894 905
126 242 689 981
475 862 1002 1052
638 686 878 1030
112 1016 1029 1107
470 933 1044 1082
236 876 945 1118
145 489 531 778
164 351 544 620
65 993 1041 1115
447 975 1006 1061
183 755 885 966
922 960 965 1046
589 779 1007 1076
2 810 1080 1102
350 903 909 1035
108 495 620 634
485 731 861 1117
323 801 1058 1080
194 550 717 765
298 1028 1073 1098
314 704 854 963
265 594 685 1048
191 743 764 853
46 483 633 835
476 680 782 827
660 832 989 998
58 172 221 561
611 1035 1047 1061
761 947 997 1010
271 357 939 1041
529 1008 1041 1069
254 326 416 1036
549 923 1065 1080
608 698 714 732
92 157 236 503
227 626 995 1101
346 354 546 805
226 254 763 818
549 871 990 1036
709 1053 1095 1116
110 314 860 863
183 664 729 839
47 723 724 998
153 459 821 1057
125 915 1012 1021
577 609 821 916
411 576 608 1061
306 634 639 946
247 1002 1005 1043
408 724 884 897
494 584 732 995
556 848 988 1018
25 390 716 779
351 444 480 824
539 569 825 1036
178 650 674 1048
268 989 1020 1033
14 1061 1083 1110
129 242 281 1066
203 521 652 1018
772 930 990 1043
626 786 829 1008
236 653 859 1000
965 1076 1115 1117
666 915 1055 1093
297 541 705 1026
306 927 965 1016
425 604 784 890
311 686 752 946
23 262 878 980
48 1065 1117 1118
746 752 921 972
