269 6244
95 143
65 131
128 222
44 197
48 180
208 233
142 177
258 266
74 177
10 240
144 251
38 209
209 239
18 266
72 104
46 152
15 25
80 129
1 78
30 58
11 94
48 220
60 163
214 238
74 93
182 212
56 163
32 235
212 224
62 195
18 72
13 216
1 126
76 163
36 191
113 177
80 101
52 254
32 121
65 194
54 251
14 157
162 222
157 168
104 213
51 148
89 232
11 126
67 206
21 257
174 214
129 137
100 208
31 179
37 191
40 252
119 177
244 254
223 239
194 215
7 267
153 255
72 83
159 170
89 227
37 42
175 250
45 144
55 252
84 162
20 120
80 208
182 212
158 268
26 215
163 255
64 250
88 263
102 157
140 236
133 180
79 174
112 237
69 131
38 155
132 186
91 112
81 82
132 226
101 125
3 265
60 162
231 236
67 131
125 215
31 149
18 91
89 244
24 88
50 223
11 64
76 265
54 246
89 193
16 52
91 122
36 131
32 50
4 203
92 216
97 188
22 53
99 112
67 142
202 236
124 168
9 223
124 154
46 256
74 201
73 163
3 60
59 196
85 197
63 215
71 191
121 212
246 256
225 238
179 265
39 52
43 205
169 207
205 225
222 230
83 230
8 171
3 119
52 188
56 144
60 224
184 241
89 132
52 221
165 234
16 177
137 258
138 175
102 184
205 206
16 140
68 215
9 105
162 185
87 133
20 83
196 239
41 140
44 183
118 192
148 151
60 91
28 126
60 75
107 238
38 121
129 222
78 120
130 179
74 230
161 232
135 234
31 224
154 255
250 261
47 188
137 218
81 87
50 148
6 214
104 165
14 107
242 268
70 173
70 221
165 177
116 230
233 248
22 121
200 253
45 84
68 78
45 136
84 240
104 220
124 155
135 230
160 209
36 208
71 232
75 104
15 252
210 257
223 254
124 157
46 185
56 128
180 222
35 170
103 183
96 238
174 266
82 157
31 32
67 94
46 247
78 188
138 165
23 27
70 167
77 157
6 256
146 171
82 165
68 181
122 205
114 256
116 201
205 268
31 44
139 186
85 120
55 158
143 253
160 226
219 262
33 43
62 147
63 80
16 48
31 45
51 87
234 263
115 221
35 224
204 239
127 263
59 220
95 159
98 267
34 81
48 116
79 212
34 175
143 203
2 120
159 259
220 263
31 237
95 218
20 243
48 196
29 91
129 231
68 163
5 176
71 219
196 230
67 140
148 223 241 252
14 179 202 242
198 216 223 250
142 234 242 265
15 31 165 194
140 260 264 267
75 77 179 265
173 261 262 269
25 184 205 205
10 208 222 246
207 255 261 261
102 175 184 227
134 155 179 196
185 194 224 235
169 228 247 257
194 265 268 269
5 137 188 262
21 191 258 260
3 125 252 258
63 181 223 245
55 216 245 251
74 114 176 213
13 67 91 235
133 215 218 241
14 91 205 265
151 161 214 251
201 227 262 268
32 132 161 187
90 131 177 190
66 257 260 261
104 267 268 268
126 181 216 255
15 239 244 269
15 236 239 249
95 240 259 262
145 243 266 266
73 85 144 201
64 222 240 252
61 243 252 263
132 198 214 226
126 132 154 179
143 151 213 261
70 144 175 262
66 264 267 267
43 239 254 268
66 161 167 208
110 219 230 233
158 183 223 241
236 250 253 262
187 199 207 258
219 232 253 261
53 85 111 148
161 247 262 266
236 257 260 269
87 167 186 201
17 184 189 268
169 220 257 264
181 191 200 261
99 105 129 161
126 194 228 228
28 48 139 254
22 29 129 211
203 223 234 244
30 249 254 260
59 76 91 99
163 267 269 269
54 83 116 162
123 183 214 249
102 197 226 261
91 105 145 226
83 198 227 257
10 207 209 217
71 168 188 218
5 184 221 259
53 115 158 248
16 236 252 264
111 167 185 246
121 121 212 226
135 262 264 264
64 98 178 198
84 185 203 255
81 122 140 249
118 240 242 249
177 202 213 251
120 198 228 229
158 162 170 240
109 162 255 256
124 173 253 265
130 138 195 201
124 224 241 254
28 71 123 186
28 49 59 153
112 193 234 262
5 87 122 126
55 211 236 248
248 262 264 269
83 163 168 236
173 245 246 260
203 243 255 259
22 163 195 241
20 34 75 193
207 234 253 261
46 46 162 221
153 229 238 254
132 191 207 227
96 226 236 251
15 117 232 246
24 200 228 244
11 150 170 221
120 234 244 268
93 109 145 165
2 4 255 265
43 104 129 241
188 207 246 261
109 145 156 174
62 262 264 267
20 185 211 213
81 254 255 261
107 217 238 238
144 230 253 257
87 194 248 248
24 165 187 194
20 181 198 250
25 75 153 189
183 230 246 261
122 140 168 224
75 172 180 194
188 211 223 260
66 117 203 209
57 242 259 265
196 261 265 269
234 241 250 256
212 251 255 260
31 254 256 257
132 202 238 254
107 185 203 219
64 91 191 232
7 118 143 176
209 229 244 256
48 237 243 257
178 209 224 237
86 123 164 260
246 262 265 269
125 257 261 261
180 265 266 269
45 229 232 235
27 237 263 265
91 167 178 234
3 228 239 243
152 168 250 254
65 207 213 214
32 199 230 242
201 235 238 264
68 204 235 235
22 212 235 239
134 216 233 254
51 184 187 233
114 218 229 247
138 267 268 269
88 92 161 247
10 228 254 265
14 134 158 200
21 103 108 207
53 154 241 250
134 247 263 265
51 90 136 205
22 147 151 219
55 94 148 211
116 147 174 248
77 106 171 171
183 239 250 251
2 9 254 260
89 116 224 237
73 132 174 204
167 197 205 208
12 45 70 84
65 169 215 219
218 226 232 264
176 226 248 269
52 94 233 251
135 189 212 268
12 102 112 161
132 190 192 195
40 174 219 235
32 105 161 231
33 268 269 269
51 258 268 269
234 258 267 269
192 194 209 237
55 81 145 243
61 169 214 255
81 190 233 263
43 253 257 267
64 212 221 266
20 242 255 264
7 188 199 206
40 193 205 228
7 99 233 243
117 233 261 268
72 256 258 268
25 156 219 238
164 234 235 242
202 214 218 237
97 204 221 267
63 78 126 141
27 195 203 225
101 191 193 266
4 75 148 259
166 214 256 268
71 140 200 240
49 110 116 142
96 104 117 132
100 135 165 235
7 15 60 209
11 22 61 225
65 86 114 238
9 57 113 136
28 84 102 249
27 226 255 257
86 187 232 259
19 166 168 169
103 199 237 238
148 168 177 236
34 218 240 266
202 242 247 253
21 194 202 244
130 142 152 166
2 205 240 251
113 266 267 269
124 209 235 254
46 196 223 239
43 225 243 259
97 244 245 260
29 124 196 210
146 193 214 230
143 174 189 228
72 155 175 241
83 242 248 267
169 244 247 259
52 260 262 268
35 216 225 236
3 49 73 152
22 86 213 230
104 124 166 238
131 209 246 252
59 187 221 267
189 248 250 263
32 166 186 246
65 73 75 115
113 249 259 260
91 122 176 233
169 227 232 247
183 193 208 263
40 48 53 70
28 49 61 255
58 224 236 247
77 141 187 260
19 104 148 253
38 231 239 250
39 87 168 186
25 89 153 259
13 203 208 233
57 79 191 255
36 215 221 250
6 142 208 267
16 33 46 231
185 230 251 265
45 192 232 269
9 73 239 243
39 224 237 241
26 57 197 246
87 219 253 269
99 157 195 236
57 165 170 231
14 165 223 242
45 201 220 249
50 94 182 192
94 175 193 213
139 230 234 251
198 217 220 225
20 96 130 245
8 219 227 257
22 213 227 231
30 39 45 208
7 81 101 233
111 158 223 235
125 184 211 235
19 80 162 245
12 160 173 208
175 236 237 240
36 174 176 186
36 200 211 256
240 241 265 265
44 86 107 146
224 233 251 254
1 160 196 243
160 177 262 269
68 86 159 184
28 107 136 181
3 13 29 174
64 90 130 206
117 137 140 186
49 137 144 180
87 244 249 252
96 262 266 267
18 72 149 184
70 136 180 258
170 184 208 246
146 177 186 250
64 252 256 257
125 260 268 269
199 230 235 238
64 237 242 253
186 228 259 264
164 178 187 249
138 230 266 267
2 262 264 266
51 215 258 260
55 72 159 232
178 203 247 263
61 214 223 238
74 223 258 262
32 220 225 267
42 252 255 265
131 224 265 266
223 266 268 268
118 164 235 245
142 230 233 251
244 258 260 261
91 134 146 263
223 245 246 266
20 203 215 245
11 60 69 126
158 190 193 229
140 193 234 241
36 160 170 269
199 218 221 223
96 133 169 219
89 169 188 237
84 131 189 237
125 169 194 263
34 152 244 266
24 196 199 265
101 155 175 233
121 121 146 187
68 189 210 226
97 195 225 251
46 116 176 195
9 19 28 138
39 76 94 207
109 216 226 255
164 239 240 263
36 110 125 261
17 19 105 234
137 171 177 241
171 192 206 226
22 196 229 246
72 157 213 228
170 214 234 238
101 171 261 264
68 240 242 244
94 208 231 269
5 102 160 205
23 136 219 255
241 264 265 268
32 129 132 206
202 228 229 232
124 141 192 222
5 199 224 243
52 142 144 181
156 216 258 259
131 179 220 265
16 71 93 205
9 203 207 227
90 261 264 265
32 236 255 268
31 243 255 262
145 169 222 265
38 168 220 256
130 139 181 188
112 204 242 247
139 260 261 261
98 167 199 226
85 234 258 259
20 148 162 269
29 77 115 249
61 75 156 260
24 250 264 265
4 222 250 267
50 86 181 200
128 259 262 267
10 33 139 268
20 122 129 181
132 200 221 244
121 203 231 264
10 117 119 165
28 137 165 247
115 220 230 267
15 132 140 245
49 229 231 248
242 250 264 269
44 256 264 266
50 245 262 265
82 203 234 240
93 209 235 248
55 183 229 263
151 217 225 241
24 176 193 249
115 213 219 248
260 261 268 269
71 72 148 188
113 255 262 262
163 184 212 245
104 143 163 226
16 203 217 255
100 198 222 250
155 243 244 250
30 131 212 237
108 161 173 249
131 261 262 264
118 144 217 230
157 181 203 221
74 206 243 251
82 239 246 252
17 244 246 257
125 202 220 233
107 123 146 231
185 248 251 268
19 43 186 212
17 117 129 144
147 215 232 265
24 71 148 260
178 204 232 236
20 139 175 256
64 155 203 249
18 69 75 151
146 259 260 266
42 170 204 259
54 181 206 228
91 119 233 246
37 211 238 260
73 200 264 267
169 242 251 266
146 205 215 237
4 77 206 250
15 16 53 203
106 259 269 269
153 231 243 262
55 136 176 187
115 162 233 247
18 212 219 226
175 226 241 249
166 253 258 264
31 34 139 160
122 175 206 232
136 233 240 256
49 121 232 241
15 214 238 241
185 264 267 268
68 221 238 261
76 242 254 261
60 91 105 155
83 176 202 205
76 92 97 122
118 224 233 257
177 201 212 268
123 186 265 268
167 212 230 236
63 79 219 224
121 202 245 264
81 268 269 269
64 143 175 253
149 171 228 267
180 247 258 262
124 252 258 264
38 46 50 57
19 59 145 236
113 213 226 241
69 78 143 153
46 75 87 268
60 238 257 259
38 263 269 269
149 190 191 199
97 153 188 214
169 187 229 233
230 254 259 262
13 91 117 131
98 114 133 183
82 219 225 230
175 266 267 267
37 163 204 207
1 163 213 265
197 241 246 264
48 73 87 244
36 86 146 179
15 77 182 235
69 118 194 254
73 169 238 254
16 258 261 268
105 166 228 263
72 180 201 220
164 219 256 262
132 158 171 201
143 183 229 250
158 238 240 259
48 74 81 175
110 214 228 238
69 116 166 255
216 234 243 264
133 243 263 264
5 91 202 233
104 161 182 240
109 160 198 264
87 158 192 206
122 209 244 247
38 220 234 255
90 171 220 247
157 208 213 264
76 189 220 246
36 142 155 187
188 252 258 262
156 204 233 237
78 133 150 197
62 203 234 253
125 227 252 260
134 242 260 261
27 230 247 255
68 226 235 235
46 148 223 227
80 93 262 269
192 265 267 268
31 108 144 151
209 252 258 269
80 221 241 256
155 233 242 259
102 147 150 160
35 183 195 204
35 208 245 259
149 229 235 239
13 245 252 255
79 194 217 269
118 152 199 204
183 264 269 269
47 191 209 264
170 266 269 269
99 158 216 257
9 57 92 153
102 142 155 177
181 187 197 242
4 89 205 237
187 199 213 262
44 137 194 214
9 141 178 269
95 129 200 214
65 112 186 269
12 199 218 244
51 144 181 226
35 260 262 265
99 167 193 249
40 189 230 256
196 220 237 252
61 237 243 247
159 192 257 265
108 243 257 264
96 197 205 224
160 242 244 258
40 264 267 269
26 166 247 248
185 260 261 263
59 212 232 240
251 266 269 269
135 141 189 211
42 103 126 174
104 206 208 260
8 49 76 233
83 98 107 239
14 104 144 258
6 170 214 247
35 47 75 172
257 258 263 269
60 138 192 236
25 25 130 231
18 151 171 215
108 238 248 261
197 233 250 251
65 232 243 266
72 189 256 267
44 193 197 239
68 261 266 268
115 128 133 258
19 218 228 234
183 212 225 239
118 194 197 197
107 165 220 246
8 248 261 262
50 244 250 258
67 261 262 263
182 235 244 249
36 96 190 242
120 265 268 268
109 139 244 265
40 264 267 267
114 180 240 265
173 234 250 268
157 165 190 210
48 125 163 226
155 195 263 267
108 220 227 247
24 108 151 225
31 138 198 237
61 113 126 187
217 256 267 269
16 42 229 252
166 185 198 235
230 262 264 267
59 60 78 239
142 187 206 245
226 253 254 268
139 249 253 257
121 168 175 196
138 154 185 256
201 241 242 269
62 122 241 265
8 14 144 210
107 177 198 238
16 216 226 237
14 223 251 265
205 249 251 254
151 211 227 261
199 216 221 229
140 184 215 261
52 162 219 232
24 70 167 244
110 153 183 252
57 82 189 197
139 230 250 254
132 252 256 258
111 127 236 246
44 84 108 125
122 181 231 238
168 235 255 269
51 187 203 224
2 113 189 260
82 219 233 238
145 182 201 229
3 239 240 247
51 237 249 255
3 148 229 234
71 105 126 128
82 265 266 266
96 168 185 230
38 214 216 265
33 49 148 235
206 249 254 258
29 225 256 266
99 261 262 264
37 98 171 263
78 179 224 240
194 265 268 269
60 142 161 203
118 146 238 254
132 256 257 269
59 263 264 269
238 256 261 268
41 244 260 268
19 263 266 267
71 172 197 224
171 224 243 247
29 82 152 162
191 196 219 220
40 108 152 168
2 68 134 173
28 86 124 225
64 85 238 241
7 65 147 157
149 230 252 269
75 133 157 234
38 235 264 264
119 236 240 251
76 195 216 222
73 224 225 228
154 208 220 237
52 171 195 269
28 158 193 236
82 222 231 260
105 230 234 253
7 93 116 116
59 108 170 202
148 191 215 261
27 80 199 245
47 238 249 266
53 239 253 258
22 244 254 260
110 142 217 231
33 235 248 249
66 219 220 232
63 200 202 220
149 253 255 268
94 171 190 225
197 254 258 261
101 149 164 216
88 115 241 259
83 139 142 229
41 116 129 177
169 237 244 254
7 22 103 208
38 159 225 225
91 145 163 194
141 244 256 264
51 268 269 269
170 204 218 238
101 191 199 227
73 153 209 215
177 199 203 237
123 229 231 252
177 227 230 236
7 130 188 264
158 198 210 220
183 245 246 259
76 230 251 260
24 249 253 261
5 110 201 245
137 222 223 253
92 201 226 263
95 208 248 268
85 153 204 261
3 137 216 250
25 230 234 259
177 259 261 265
29 135 197 231
54 167 225 265
169 249 261 267
138 170 177 233
91 97 204 211
128 151 173 189
190 246 253 264
120 184 227 258
25 154 170 251
97 145 193 257
2 255 258 263
81 154 218 238
71 242 252 260
104 156 227 263
140 180 227 246
44 132 243 252
179 234 250 266
120 243 253 269
70 85 178 244
32 145 224 259
229 239 241 249
28 84 109 219
23 221 227 240
80 186 221 226
53 154 198 198
26 178 180 216
61 182 184 192
154 194 235 242
75 206 223 227
141 195 235 236
121 126 199 268
121 215 242 267
80 251 260 262
7 87 92 266
43 237 238 252
27 254 263 265
68 69 80 143
125 234 244 259
16 127 168 169
131 216 246 262
147 154 162 189
55 116 177 191
174 251 263 269
163 230 263 266
47 153 256 259
125 220 223 248
47 187 189 244
24 130 165 256
34 159 179 250
97 142 157 207
216 265 267 267
32 187 207 267
4 205 220 266
4 212 223 266
6 31 110 209
119 235 262 265
73 124 190 199
72 216 234 236
110 187 205 206
164 248 260 267
136 256 262 268
46 168 170 237
102 248 252 263
114 250 254 268
45 133 157 269
96 254 264 269
12 259 268 269
29 107 227 269
143 158 215 267
83 266 267 269
36 91 178 245
153 257 263 263
35 98 219 219
35 91 172 181
127 189 191 206
133 160 177 212
2 63 124 146
122 161 165 208
90 139 205 205
10 221 245 249
70 267 268 269
52 67 187 201
60 156 166 231
224 262 264 267
196 232 240 262
127 200 210 262
130 188 202 232
69 264 266 267
164 185 212 245
142 233 269 269
30 235 261 262
38 258 263 265
4 191 240 265
30 49 125 140
110 160 183 193
85 114 156 253
11 201 205 220
53 158 257 258
112 254 259 269
93 144 220 242
75 176 195 208
42 100 108 119
152 195 249 258
256 257 259 263
4 12 72 94
87 102 160 195
220 241 257 263
116 144 147 252
93 183 211 260
73 222 236 246
70 264 266 268
59 150 199 221
78 94 130 222
117 221 235 250
158 247 254 265
174 230 232 264
72 92 131 243
72 161 179 207
27 65 189 190
81 188 206 244
73 196 209 237
8 201 212 220
27 186 206 242
83 257 259 267
57 140 223 267
24 220 227 266
248 265 268 269
61 175 202 205
67 109 119 146
107 235 253 255
116 235 236 246
76 172 225 248
33 175 231 263
126 224 234 234
47 261 267 267
227 251 261 261
128 224 254 268
10 200 238 244
8 194 204 205
13 34 89 140
189 190 196 247
105 224 248 265
94 260 261 264
111 174 188 202
253 254 257 261
93 106 154 267
154 228 229 242
184 189 214 215
91 186 223 224
26 226 231 244
31 120 161 180
128 191 195 249
33 149 244 267
23 213 219 227
155 231 244 259
46 214 228 265
158 173 189 202
63 218 232 260
113 213 228 264
19 53 89 232
72 183 211 247
73 96 102 223
88 163 216 253
75 209 247 258
23 125 229 263
169 251 254 263
191 235 251 266
67 220 232 257
63 157 170 181
186 190 200 219
37 258 262 269
40 90 96 175
70 124 161 189
146 256 262 265
134 167 245 247
44 249 262 268
196 238 245 262
189 220 239 259
36 47 202 239
108 190 197 223
87 258 261 264
7 160 231 263
196 236 253 263
30 163 200 231
141 168 213 262
70 117 206 230
31 150 152 180
150 255 262 266
43 181 198 240
40 220 253 265
65 109 176 183
50 152 154 238
91 174 214 267
68 190 208 249
44 227 237 268
4 241 251 255
15 74 141 193
87 165 218 239
36 87 161 183
31 61 88 173
191 195 200 250
189 245 255 267
92 243 253 260
207 253 265 267
40 77 94 104
193 215 251 268
43 73 120 171
180 235 237 265
35 94 104 110
140 225 257 266
206 266 267 269
176 184 229 235
80 85 175 220
30 87 176 229
50 217 244 265
1 191 228 260
26 125 220 256
77 223 243 268
34 139 237 248
50 111 171 244
103 242 249 253
120 131 184 203
183 196 202 225
128 135 160 208
49 179 216 226
105 115 202 237
33 224 254 266
10 229 258 264
190 209 213 222
51 149 186 198
45 221 227 245
82 233 247 251
70 191 198 241
230 258 260 264
13 35 39 145
19 197 217 269
9 233 240 269
31 51 157 182
32 101 156 206
101 183 248 269
30 39 46 135
82 213 228 267
93 198 227 236
109 217 219 241
134 260 263 269
19 243 256 268
27 239 247 254
46 94 145 207
97 234 241 267
98 141 154 196
91 265 267 268
21 77 149 227
112 260 262 265
50 178 185 213
17 178 182 241
11 22 121 169
28 242 250 258
47 138 152 257
109 118 171 267
215 259 263 269
52 252 254 262
25 221 250 258
5 54 59 112
88 188 204 227
88 251 255 265
209 256 262 262
89 92 158 211
85 197 204 262
27 124 163 168
51 194 228 256
105 179 206 256
139 219 230 247
51 183 209 230
12 209 260 265
143 159 236 258
46 92 221 225
90 225 252 265
84 222 228 251
159 197 242 253
124 263 268 268
209 222 223 229
97 109 115 201
171 173 197 251
20 240 245 252
34 219 224 267
72 222 233 256
106 214 257 263
40 121 170 194
57 210 232 235
62 152 166 174
152 253 256 262
178 214 221 265
17 202 214 246
5 121 187 266
149 225 244 259
146 230 250 257
243 253 258 268
144 151 234 253
102 125 196 266
198 237 238 242
43 218 244 249
140 142 157 253
135 258 259 260
159 239 248 260
164 169 180 203
11 15 134 213
114 167 170 211
194 268 269 269
184 256 266 269
81 214 243 267
43 202 206 264
130 210 226 265
102 182 192 202
93 268 269 269
82 177 237 246
56 181 209 231
247 261 264 267
45 158 207 250
111 167 246 266
205 240 258 269
229 246 248 249
123 265 268 269
40 68 108 228
33 45 247 248
147 203 226 257
30 231 263 266
172 238 244 256
58 220 229 255
225 253 257 259
187 238 246 255
102 192 239 245
159 228 243 246
29 163 229 235
160 240 257 265
132 173 199 220
41 138 192 265
29 176 192 213
201 239 241 264
41 178 253 265
14 149 186 260
121 268 269 269
154 160 192 243
3 57 89 197
49 185 225 266
246 256 261 268
57 99 121 162
149 255 258 266
108 187 207 247
16 67 79 191
122 232 242 269
42 148 182 224
23 57 108 131
162 174 212 243
1 221 223 239
147 216 243 245
123 179 211 267
63 176 200 258
219 233 244 253
26 136 164 208
144 189 232 248
101 201 228 251
167 203 241 248
75 101 158 228
15 77 92 236
39 187 240 253
44 167 205 254
144 163 166 223
78 117 219 239
143 200 226 244
65 69 162 193
111 140 209 253
124 142 173 228
145 158 233 242
70 145 146 249
47 127 163 267
82 150 186 199
176 204 235 262
21 44 204 255
106 183 208 258
94 192 197 199
78 156 190 259
62 73 104 215
42 76 87 199
129 247 260 264
54 250 251 266
95 241 259 263
174 222 252 252
39 66 172 259
68 146 169 201
6 256 263 263
113 123 154 203
130 205 237 250
225 245 249 253
53 125 250 260
13 124 187 204
51 97 141 255
92 96 154 226
21 233 249 258
143 191 214 250
44 153 200 260
56 142 150 233
186 257 266 267
41 104 190 225
1 150 157 204
44 119 164 241
87 266 267 269
7 26 212 236
132 167 186 231
15 216 253 257
115 205 241 251
37 124 183 244
99 188 213 248
94 219 225 245
113 134 151 192
2 102 123 159
134 200 265 267
75 172 240 267
60 245 250 255
86 140 172 225
193 244 254 260
111 202 230 240
120 262 265 269
227 227 247 261
80 106 208 245
71 86 95 244
127 152 219 231
109 254 259 259
144 193 224 256
71 189 213 229
29 208 227 255
176 219 238 247
123 215 225 258
9 71 86 162
61 125 129 238
71 169 193 254
25 61 103 229
220 265 266 266
121 174 188 249
37 105 131 258
131 162 184 256
139 212 225 233
78 199 217 241
178 200 221 258
124 229 239 258
113 234 258 269
157 216 247 258
197 238 243 246
192 259 262 263
241 252 254 257
53 154 255 266
172 192 257 264
34 189 222 254
203 210 242 243
37 47 55 150
35 259 262 264
40 188 232 255
225 245 253 260
251 261 265 267
36 213 262 263
60 179 196 250
85 118 187 229
1 68 182 235
44 111 155 247
30 202 207 230
204 229 256 256
89 244 250 266
130 228 238 255
77 166 168 234
132 167 175 251
19 69 186 222
49 74 173 220
78 261 262 266
18 246 248 252
155 172 209 233
120 164 175 228
122 197 211 214
49 175 233 259
37 65 175 242
4 141 154 170
122 204 227 266
18 135 186 199
58 125 129 170
24 114 257 263
98 261 263 267
145 155 157 185
66 217 247 262
240 244 249 250
99 129 183 239
17 266 267 269
169 245 255 268
143 195 224 254
153 160 165 193
29 247 248 261
181 202 251 254
77 79 256 263
160 173 244 266
57 127 162 195
206 211 217 222
53 157 159 257
13 172 200 206
142 213 227 254
12 142 155 163
44 145 239 247
21 128 169 264
37 190 247 265
216 245 255 259
209 250 254 260
69 122 153 254
83 90 158 252
134 197 223 223
48 63 141 256
28 30 95 181
113 220 233 240
190 215 232 247
17 27 41 48
18 62 71 101
114 246 254 261
53 128 131 159
233 246 254 255
141 227 236 244
58 122 161 255
51 78 110 174
153 221 251 258
12 265 268 269
170 233 244 254
49 173 236 266
96 164 184 210
110 236 244 264
45 111 209 250
136 253 256 264
131 243 244 258
98 247 253 269
201 245 253 253
64 198 213 243
64 101 216 267
48 185 194 236
50 168 225 239
73 80 178 206
124 248 254 262
94 247 255 269
96 255 263 265
178 245 257 264
208 212 261 268
5 234 253 262
9 132 152 170
122 138 143 249
19 217 223 252
87 121 231 261
75 228 251 260
144 241 253 265
149 237 238 256
114 214 219 247
67 254 263 265
174 206 243 253
18 122 184 205
15 235 256 260
103 144 165 244
6 26 137 164
229 244 248 268
136 151 211 255
40 196 216 252
190 248 259 269
6 80 99 130
22 144 230 268
58 122 176 223
136 208 241 244
83 125 140 161
162 208 244 257
120 255 264 265
154 219 238 268
42 168 175 244
198 255 257 269
159 186 218 241
27 132 149 227
15 229 250 260
82 195 258 262
42 175 181 253
216 236 249 251
71 138 139 139
16 247 262 266
69 256 267 269
93 192 228 262
73 86 189 207
105 192 221 266
100 237 242 265
3 25 30 54
38 77 137 235
153 188 228 265
26 51 95 187
175 245 264 265
33 195 198 214
36 220 233 242
111 156 212 215
35 201 216 227
95 125 223 257
148 249 255 263
108 201 207 214
2 219 240 241
209 221 244 258
164 183 193 212
57 192 252 266
212 230 243 267
20 54 154 221
12 79 84 231
150 209 228 262
163 247 251 260
5 17 137 269
68 140 172 233
9 97 156 261
213 235 240 253
69 166 198 221
42 227 248 263
153 244 261 263
52 175 213 256
1 192 235 243
22 177 196 253
141 212 213 253
58 238 264 267
99 100 187 242
174 217 225 241
46 184 221 264
182 244 261 267
20 122 183 230
37 88 93 119
174 232 236 260
54 197 204 227
64 263 264 269
118 193 198 229
41 240 248 268
40 249 255 256
140 249 252 261
191 225 239 241
53 198 206 224
103 191 227 251
7 136 197 268
154 218 263 264
180 236 243 257
50 158 235 266
51 261 267 269
45 246 252 260
157 163 199 211
152 204 209 238
222 258 259 265
7 104 166 183
11 140 164 198
110 166 203 221
143 209 257 268
157 207 226 250
32 126 170 226
21 94 125 239
90 184 223 233
43 207 237 239
9 118 137 175
67 136 147 264
13 188 204 264
150 262 268 269
62 158 170 220
82 119 147 233
67 173 184 229
102 211 221 261
227 242 245 249
69 245 264 269
5 193 195 239
135 240 264 267
156 258 260 264
126 135 157 232
58 261 265 269
29 78 89 184
35 142 144 200
21 93 103 118
103 202 242 266
68 128 223 250
92 207 255 265
18 74 205 206
129 149 158 173
117 224 240 264
95 236 250 258
12 237 263 268
11 262 267 269
131 213 226 238
65 147 192 207
83 232 241 267
113 242 257 266
52 115 204 242
204 240 244 247
82 234 244 259
107 187 215 257
63 66 204 238
109 158 165 256
198 214 238 239
2 43 92 229
14 241 246 247
105 118 180 239
154 193 249 264
32 177 211 238
100 105 117 172
134 211 213 265
67 205 235 247
80 240 241 252
41 192 239 249
30 162 216 252
166 194 199 254
77 111 133 148
63 228 231 256
138 170 199 234
111 253 264 265
224 259 261 262
38 224 226 227
94 126 132 176
52 183 216 220
66 81 150 185
9 254 260 269
26 154 185 230
170 175 188 260
22 251 252 258
153 169 201 261
28 249 254 267
45 248 258 263
131 177 199 241
44 53 68 241
83 229 268 268
15 234 260 262
75 169 171 203
58 251 257 261
16 228 238 266
123 247 248 268
105 151 153 183
196 208 220 261
103 113 148 203
130 219 232 261
45 103 137 151
147 216 233 257
51 118 136 222
16 208 236 266
116 233 243 266
43 105 213 234
199 226 230 268
75 82 109 184
19 20 95 116
153 254 267 268
30 46 180 257
53 164 220 240
72 93 174 183
15 149 232 257
30 144 174 269
15 88 90 221
33 223 240 267
189 263 268 269
54 57 149 266
133 175 181 264
218 231 253 257
97 204 218 239
246 268 269 269
207 222 238 242
168 178 202 233
143 188 203 217
137 231 253 260
72 160 167 266
75 228 233 249
15 146 227 234
82 123 176 201
11 20 68 214
126 245 263 268
172 195 235 261
226 261 262 263
108 152 175 249
87 264 267 269
204 268 269 269
171 222 240 264
216 224 225 230
82 265 266 268
31 209 231 269
33 236 248 261
88 149 176 218
56 171 182 200
28 81 86 102
40 266 267 269
2 85 184 220
139 157 207 216
86 107 114 249
89 201 211 265
9 43 174 240
55 82 134 182
103 245 252 255
74 206 251 254
57 58 125 128
1 169 199 225
97 168 222 254
114 246 266 267
68 234 253 263
188 200 231 238
125 205 216 228
239 255 261 269
134 251 262 266
9 12 62 104
112 247 248 267
9 44 95 203
92 265 266 266
183 189 197 198
216 247 255 262
24 109 189 194
59 212 215 269
183 253 254 265
12 71 182 218
35 116 165 244
95 193 197 209
164 170 226 256
27 77 113 203
6 186 199 239
115 201 219 261
175 264 266 268
118 243 252 260
70 125 142 268
5 42 64 94
175 265 266 268
227 242 249 268
71 172 182 210
93 256 258 266
34 127 147 210
103 168 187 246
188 189 245 269
58 209 258 267
122 155 167 174
146 222 256 262
47 268 269 269
54 219 229 258
151 238 267 267
133 267 268 269
92 211 233 254
7 105 186 242
61 129 169 269
183 268 269 269
231 242 252 253
49 92 156 164
59 238 254 265
149 197 209 223
150 168 206 269
109 267 269 269
37 39 60 238
109 195 211 218
166 221 224 241
86 93 133 133
119 233 254 263
55 260 266 269
15 187 231 243
10 49 206 227
24 107 175 247
74 204 255 269
55 100 177 186
111 152 165 204
58 226 246 255
30 62 189 253
140 193 205 233
45 159 246 254
100 112 115 185
2 40 85 113
158 220 242 260
164 204 219 227
91 185 252 267
51 74 150 221
109 253 257 257
152 224 226 250
31 184 221 252
45 220 225 260
81 231 238 253
90 212 224 269
122 172 247 256
13 233 264 269
68 141 151 198
86 226 253 261
22 40 86 211
90 159 221 248
82 268 269 269
69 118 163 207
54 221 229 261
86 203 211 260
5 111 146 244
49 237 257 264
10 184 207 248
110 190 249 264
140 161 177 180
37 152 169 194
143 234 253 255
14 156 179 206
46 110 138 192
26 202 235 263
4 136 210 239
182 225 233 264
40 69 133 222
91 246 250 252
165 239 258 265
129 234 251 264
70 198 199 264
189 201 222 264
47 211 231 238
93 234 237 266
98 121 198 261
142 233 250 266
146 264 268 269
166 193 194 225
185 265 268 269
22 157 224 228
76 142 164 182
107 168 202 248
121 223 240 264
98 152 155 201
80 226 249 262
127 224 235 248
72 129 163 247
31 99 146 199
49 138 229 257
204 268 269 269
8 199 204 259
177 243 244 245
79 175 182 230
162 249 252 261
66 138 160 256
36 115 192 217
93 180 183 190
80 85 166 188
147 148 179 265
88 180 228 257
76 202 208 216
2 253 258 268
114 241 249 259
178 266 267 268
56 164 171 187
215 227 235 267
11 47 74 262
6 180 188 191
209 267 268 269
36 74 103 253
7 37 233 236
145 266 267 268
25 213 230 235
18 41 91 235
181 256 263 269
144 194 195 221
109 128 266 268
94 247 256 262
112 193 209 236
96 226 238 260
38 196 260 262
26 85 154 246
55 257 259 261
243 264 267 269
99 147 191 214
214 229 260 261
11 227 238 257
126 219 227 248
5 213 219 262
105 146 195 263
94 167 212 262
42 222 254 254
156 227 245 261
168 218 220 223
5 137 141 228
24 239 243 259
90 178 228 240
62 149 232 265
5 129 155 254
3 79 211 256
37 237 238 265
165 221 236 238
96 216 258 265
10 264 267 269
18 139 186 254
15 237 244 249
74 260 261 267
51 262 263 269
65 211 227 264
59 208 214 242
96 190 225 241
6 57 140 207
117 264 267 268
179 266 268 269
6 145 146 250
1 129 137 262
48 124 129 140
229 254 255 261
198 241 248 255
117 258 265 265
160 192 198 250
162 177 250 257
129 199 213 244
139 226 228 256
1 165 252 259
107 256 258 259
118 189 199 219
113 182 199 234
184 235 241 247
136 267 269 269
76 91 194 206
110 169 171 267
70 123 226 250
255 267 268 269
148 221 239 262
129 157 201 217
66 142 203 204
66 169 181 211
11 54 84 90
132 161 178 247
96 126 165 194
179 184 202 265
239 268 269 269
21 234 254 255
157 209 230 253
11 28 94 212
182 237 259 260
77 238 241 248
118 154 229 237
106 260 262 262
73 204 209 234
65 226 262 263
92 250 251 252
149 187 194 250
91 154 161 205
172 216 256 268
64 145 194 220
61 74 128 249
110 163 233 238
75 173 204 255
9 160 218 238
85 228 262 263
92 117 141 229
144 151 216 230
96 191 209 249
84 188 193 243
67 231 238 249
114 115 127 175
13 213 232 256
49 141 148 168
25 101 178 214
101 200 230 256
47 234 243 262
175 252 253 263
201 225 261 266
5 184 208 218
47 194 195 246
73 144 196 248
10 212 220 247
14 56 130 199
16 237 241 253
217 226 237 261
9 218 232 250
112 175 207 221
83 196 203 211
49 251 262 262
104 117 214 234
42 132 165 194
27 214 247 268
50 158 188 192
209 247 248 250
163 245 257 263
8 155 229 231
84 86 93 196
24 83 131 214
75 206 208 230
31 230 234 250
180 256 268 268
55 166 239 267
105 162 227 252
164 209 212 225
49 70 82 96
76 225 256 256
140 267 268 269
55 112 131 168
38 267 269 269
74 129 150 268
125 147 221 227
136 228 250 256
147 204 222 260
79 198 227 229
68 261 264 269
151 164 183 269
149 235 242 256
28 188 190 260
129 141 195 259
228 233 247 260
159 234 239 241
18 78 194 216
31 89 130 145
30 138 144 207
232 256 258 269
19 244 254 257
45 266 267 268
85 121 197 228
193 225 245 259
81 101 245 267
120 142 212 220
135 225 247 264
71 216 220 239
90 100 247 267
134 143 177 238
6 28 58 259
42 236 237 259
41 254 256 260
62 184 211 222
175 236 240 258
25 189 208 245
32 160 230 237
154 200 238 241
4 219 243 250
41 205 215 218
101 143 154 193
65 222 248 255
188 205 255 269
94 266 267 269
95 245 249 253
24 45 46 211
200 212 222 236
22 51 238 253
90 120 177 211
82 212 220 239
107 254 255 269
186 251 261 266
158 217 220 266
11 253 268 268
78 235 244 245
126 258 263 266
62 234 235 237
247 267 268 269
6 143 260 265
27 92 202 266
34 117 122 223
38 70 169 252
83 182 191 239
143 247 267 268
7 184 216 219
42 48 94 140
2 76 83 169
11 194 218 229
53 200 206 246
15 125 202 263
242 244 245 256
77 238 250 259
25 248 261 266
35 151 154 227
35 191 202 214
224 259 262 264
31 105 131 250
85 100 193 263
36 87 181 245
19 155 156 214
3 264 268 269
12 110 136 142
262 264 265 267
233 249 263 267
174 177 210 257
57 58 116 254
42 130 148 224
11 207 245 261
68 125 204 217
157 170 211 251
80 226 245 250
78 163 209 239
102 266 268 269
74 238 249 257
177 260 262 265
8 232 239 250
66 262 268 269
7 90 93 268
12 153 217 256
73 208 252 254
146 229 264 269
178 218 246 246
178 222 239 249
89 215 224 237
72 157 211 268
136 258 265 267
64 244 248 267
232 262 268 268
51 244 249 257
11 202 204 247
5 241 243 257
66 97 150 263
200 202 228 240
204 257 266 267
95 254 264 265
2 206 209 214
141 242 255 256
27 249 250 259
15 172 184 195
51 238 255 262
118 237 257 269
23 131 139 174
59 112 216 250
199 201 226 251
137 237 261 263
183 244 249 267
215 247 249 255
38 130 258 264
113 244 253 258
80 154 235 267
131 246 266 269
155 192 195 230
34 193 196 201
120 132 162 220
18 130 144 151
181 242 249 251
70 73 82 239
61 177 184 201
128 146 153 232
9 219 222 231
38 54 88 264
108 266 267 269
23 219 225 263
133 170 230 231
17 47 128 261
57 117 147 230
162 218 227 265
93 148 207 216
156 222 234 264
5 125 176 176
6 130 220 250
107 226 249 257
63 237 243 257
13 174 220 222
90 108 237 248
178 237 247 248
39 169 214 257
97 116 208 234
103 169 182 234
64 206 224 258
19 205 228 251
37 77 105 254
39 134 135 267
22 69 112 179
9 197 217 256
65 225 226 252
56 244 252 264
122 257 260 261
16 237 247 269
83 230 254 268
53 181 227 267
29 74 190 192
46 233 264 268
31 185 242 249
34 212 223 232
14 135 176 183
86 128 168 218
98 99 139 142
206 258 266 266
208 209 261 261
77 211 215 257
65 168 173 213
94 122 176 238
226 254 255 255
71 74 143 185
124 204 212 217
45 91 152 222
51 231 250 265
161 218 261 267
172 255 263 268
64 152 196 197
34 39 72 74
35 175 190 197
202 257 260 269
40 238 243 253
211 229 232 266
183 217 233 262
128 186 208 267
224 246 250 259
71 258 263 264
78 80 129 177
32 265 266 268
26 73 247 251
2 130 185 265
156 201 218 227
105 123 160 234
39 176 228 234
56 178 180 226
179 185 227 242
40 222 226 239
15 263 266 268
32 74 139 162
34 217 261 263
133 185 224 261
92 211 233 253
109 147 154 196
69 191 200 266
82 147 160 192
64 79 218 267
106 168 173 262
116 140 191 194
36 260 263 267
82 245 247 254
48 220 237 242
102 146 196 224
73 238 259 266
158 177 210 240
64 135 200 245
13 259 267 269
167 183 185 205
67 139 150 181
18 24 77 101
38 82 209 244
13 65 78 258
111 146 153 164
122 167 180 266
133 175 206 232
159 244 259 267
155 250 262 264
72 164 183 194
223 251 253 258
23 116 137 153
122 177 206 220
158 163 183 265
7 241 255 265
74 126 170 216
45 219 242 252
56 202 209 239
128 185 233 246
137 211 237 240
190 258 259 261
68 136 191 205
73 191 199 231
139 208 219 244
203 259 261 266
149 249 261 269
14 239 245 246
144 227 244 252
126 245 262 264
4 237 251 269
98 130 179 230
79 239 257 266
223 261 267 267
123 242 246 248
118 237 251 268
25 205 214 243
76 81 99 187
7 216 219 267
165 215 235 265
65 99 194 203
136 265 268 269
73 159 248 258
226 247 254 255
3 32 40 219
190 244 257 265
20 187 195 228
127 201 241 253
74 268 269 269
166 241 263 266
101 261 262 269
80 124 249 263
19 64 88 164
32 108 119 226
43 201 223 253
148 223 257 264
3 195 212 229
201 268 269 269
99 224 265 268
65 93 216 237
68 145 173 267
168 193 220 245
174 185 188 257
11 37 210 222
32 85 166 243
41 212 218 238
59 83 124 266
98 99 104 171
10 49 220 251
85 262 265 269
24 243 256 263
65 119 180 191
85 186 195 262
107 229 261 267
24 31 33 132
61 141 151 203
72 121 173 228
125 144 203 266
14 226 236 249
86 251 262 263
13 185 217 223
35 60 164 178
17 54 157 180
35 219 233 265
117 132 233 241
96 243 254 260
54 234 235 252
31 61 208 242
72 228 257 262
199 257 269 269
8 178 237 246
162 246 250 265
30 58 126 227
84 160 227 268
106 112 114 161
50 161 164 233
94 210 228 241
20 233 236 242
78 111 186 210
128 248 252 253
191 220 230 261
9 213 227 253
219 223 260 263
123 140 144 173
6 59 68 114
4 258 265 269
2 100 125 177
229 233 235 245
25 191 204 266
63 180 181 267
206 268 269 269
111 211 251 261
62 131 138 214
90 160 174 241
58 80 105 117
89 102 166 208
45 225 230 235
201 254 258 265
91 159 219 235
130 256 262 264
32 42 151 212
172 252 262 267
70 144 206 244
135 163 229 266
3 214 217 251
29 223 245 264
51 204 215 261
24 133 172 178
84 238 246 262
4 177 246 251
197 262 263 268
175 194 236 264
187 259 261 268
50 202 247 264
114 198 238 266
96 133 172 211
22 88 200 243
40 233 245 247
99 125 191 246
35 242 249 261
47 74 94 175
7 77 115 192
82 86 202 268
30 245 249 262
141 249 253 260
57 194 222 266
79 80 84 179
74 193 253 267
81 253 260 262
237 241 248 257
41 259 262 267
61 169 228 260
119 137 205 241
68 188 237 247
33 73 84 220
4 178 231 232
114 259 262 265
12 244 247 263
189 227 234 250
62 176 191 192
146 238 245 250
245 255 263 267
105 227 244 247
114 146 171 236
130 211 214 243
212 265 266 267
34 240 254 256
119 165 212 266
41 116 172 261
118 263 266 266
127 234 238 248
143 174 230 237
31 177 189 208
179 268 269 269
52 203 215 251
145 227 229 247
22 37 84 170
3 11 38 52
25 79 125 256
171 230 242 252
9 49 168 249
124 263 265 267
2 215 219 245
141 181 196 220
38 262 264 265
159 261 263 264
119 216 220 225
20 172 186 199
49 96 165 229
37 155 218 235
50 213 224 260
136 253 257 262
35 148 207 268
79 197 217 239
264 265 266 268
41 66 138 156
40 44 154 239
33 192 212 258
133 211 232 252
75 148 185 221
133 191 224 233
171 263 265 268
167 262 263 263
35 64 81 148
235 242 247 252
84 158 175 262
22 44 189 232
88 266 267 269
151 182 184 224
68 182 183 266
40 206 213 266
136 195 223 251
27 39 55 269
71 129 154 169
38 212 215 216
79 190 205 245
7 119 210 259
22 37 131 145
144 217 229 257
43 213 216 252
144 147 220 254
75 77 126 144
5 246 253 263
142 180 227 254
20 186 243 254
88 207 209 213
222 259 260 263
65 243 249 258
133 204 232 253
39 165 178 266
12 156 166 183
165 202 226 254
68 177 190 219
169 208 253 261
98 255 266 267
32 105 164 165
143 226 229 263
77 196 204 251
75 254 258 265
35 149 224 229
174 224 252 269
113 194 232 260
146 217 236 262
75 225 245 248
235 240 249 264
146 159 219 245
73 97 184 190
2 116 125 136
82 95 185 226
31 39 121 243
216 231 237 265
80 145 172 184
136 161 194 243
102 221 247 248
111 201 202 221
13 215 224 265
43 161 199 239
116 116 165 175
33 121 217 260
197 247 255 265
138 152 262 265
75 215 258 265
27 248 252 269
54 156 182 190
44 249 264 267
45 213 237 263
32 50 184 247
149 197 266 268
125 216 231 255
29 267 268 268
148 189 191 251
5 81 138 238
187 231 250 261
84 254 262 264
119 232 246 265
192 242 251 269
152 224 234 238
159 215 240 252
101 218 234 258
117 202 214 243
85 224 225 260
164 178 189 240
43 229 259 269
156 262 266 269
16 263 265 265
44 59 63 149
26 136 218 258
10 259 260 269
65 233 252 265
34 237 245 262
11 180 182 265
159 165 220 232
185 243 247 252
65 143 183 250
189 237 254 265
57 173 194 239
53 235 262 263
9 152 187 199
156 256 258 266
150 150 237 262
14 160 176 211
143 236 240 266
167 235 236 251
112 146 191 227
45 199 248 250
170 176 207 255
33 193 214 240
115 183 230 245
46 241 248 251
12 43 116 161
126 129 206 236
173 205 249 252
74 143 158 218
40 100 194 261
156 248 255 256
233 247 256 260
69 131 163 226
93 220 225 268
10 36 140 227
10 51 71 118
198 236 238 241
38 200 224 257
22 204 205 258
85 223 252 268
75 153 155 218
20 181 214 233
9 205 212 239
64 79 105 263
194 199 252 265
214 215 235 246
64 149 216 242
164 196 222 265
16 188 224 234
71 73 141 240
94 126 166 261
67 228 248 255
195 255 258 265
166 224 225 234
126 196 227 244
141 240 241 254
129 257 258 260
46 164 173 177
20 262 268 268
130 225 258 259
27 174 184 255
110 217 234 265
77 155 183 248
34 85 99 259
146 250 261 262
17 133 212 213
157 204 240 248
70 131 144 202
101 197 205 256
78 131 184 226
38 184 188 206
130 184 239 251
48 183 205 219
36 139 191 219
241 243 255 256
27 39 60 130
193 266 267 267
12 34 109 184
69 179 252 258
76 236 262 262
9 138 206 229
168 247 258 261
66 247 256 267
4 126 215 226
49 164 209 213
2 77 94 181
14 234 254 261
200 256 262 264
115 181 256 258
192 195 206 236
82 213 225 243
199 233 242 249
19 109 172 218
39 241 251 267
93 167 181 223
184 227 228 252
24 126 205 227
24 246 263 269
152 162 210 249
47 248 257 268
33 233 247 263
80 209 246 250
144 236 252 260
173 231 243 249
66 224 228 239
50 244 264 269
56 98 133 263
45 47 97 125
184 246 258 259
76 83 132 191
61 251 262 262
218 247 249 261
24 101 191 265
129 179 219 252
97 174 208 227
136 206 218 245
87 140 237 239
103 169 182 234
59 178 234 242
15 175 196 211
161 195 226 254
182 252 260 261
121 125 177 215
101 142 178 238
41 245 262 269
11 144 163 215
122 227 255 267
86 228 230 234
60 105 135 174
125 247 259 266
48 228 236 254
52 158 186 244
19 82 157 183
78 96 131 196
14 224 241 261
19 226 233 264
180 247 260 261
194 246 258 267
212 267 268 268
82 101 104 131
3 192 203 246
78 212 216 225
37 131 256 257
130 221 222 269
54 71 175 177
39 198 210 255
32 263 264 266
136 188 198 259
28 153 183 266
76 174 235 253
70 213 221 245
24 179 201 217
115 258 266 268
45 52 55 203
53 256 259 268
102 213 238 240
120 217 251 266
38 105 130 245
31 116 130 247
66 73 197 257
118 180 196 214
129 147 214 259
196 239 240 268
21 27 123 231
106 161 183 203
140 151 254 255
143 262 263 267
5 235 264 265
2 73 77 250
39 188 209 221
53 113 124 125
8 83 199 261
35 200 207 255
29 181 228 240
74 224 236 260
172 191 202 230
52 90 185 235
175 194 212 243
35 226 233 242
48 195 217 241
54 135 196 236
181 181 230 233
151 246 250 263
6 149 155 248
89 160 167 269
50 107 141 205
165 191 237 265
39 74 146 204
95 237 256 261
134 189 211 261
38 197 231 236
204 232 237 262
110 187 219 228
108 117 126 180
36 55 120 170
15 37 39 255
202 246 248 262
87 211 252 268
128 249 264 269
216 247 263 266
50 59 130 179
94 190 195 234
114 214 238 248
233 247 252 261
112 141 165 195
72 227 237 253
39 231 236 250
121 185 193 248
30 55 58 266
184 214 234 236
166 228 237 243
120 178 257 257
9 18 35 236
91 106 240 246
175 192 235 262
57 75 119 216
24 202 218 266
41 89 103 241
13 146 198 234
28 212 239 241
260 267 268 268
72 74 144 198
26 46 125 140
221 260 262 269
85 252 261 261
160 196 219 247
40 52 106 135
199 240 260 261
88 109 139 162
12 163 187 196
86 188 193 216
47 102 114 243
1 152 158 252
77 159 163 269
15 181 214 266
98 128 220 258
128 154 170 193
89 237 261 262
160 209 222 248
208 248 258 267
120 203 245 261
108 177 239 257
239 263 264 265
114 166 195 243
74 259 264 269
74 249 252 269
96 141 166 204
156 204 209 241
13 27 175 182
175 186 205 229
19 65 73 88
17 207 213 225
62 120 123 240
31 81 139 141
59 170 229 258
31 246 252 262
140 200 238 248
96 175 242 266
75 152 162 219
103 108 153 227
157 241 246 252
93 197 226 236
51 219 240 241
77 240 259 261
187 203 222 266
5 170 211 240
215 253 258 263
148 240 249 250
57 203 232 244
60 128 138 198
54 69 189 208
55 93 175 190
137 242 245 265
2 136 186 187
27 136 172 265
4 222 253 257
50 242 264 269
111 168 176 260
30 243 260 264
54 120 151 189
29 182 200 263
108 217 230 258
120 128 248 264
165 170 173 259
16 108 169 241
1 228 251 268
198 224 229 244
91 223 255 262
85 140 179 190
1 103 105 125
190 246 249 253
45 71 190 267
16 22 67 79
71 236 241 268
260 267 269 269
165 182 185 261
196 261 264 264
113 158 162 242
50 215 246 258
106 177 257 267
3 13 43 143
1 2 142 163
16 221 233 268
230 243 245 263
136 239 241 247
47 79 192 259
164 202 210 241
56 188 234 236
104 117 264 268
149 217 239 258
99 241 244 252
97 249 252 257
37 151 181 214
78 240 262 262
1 182 231 231
22 150 163 216
111 260 262 265
160 202 240 244
101 250 251 259
148 232 265 267
79 240 247 267
58 202 222 229
58 101 127 188
21 110 210 224
38 93 94 221
101 152 168 222
174 221 250 254
50 249 266 267
58 159 199 269
193 257 259 262
48 96 107 109
122 140 214 258
69 98 132 211
133 168 175 190
130 224 227 248
55 131 139 208
79 267 268 269
7 194 197 213
37 76 170 221
3 131 187 195
31 101 205 256
107 215 243 259
208 247 260 264
68 246 261 261
225 260 261 261
36 44 53 180
30 100 181 268
43 89 176 260
151 242 264 269
74 180 201 233
192 224 234 238
103 149 223 266
40 124 134 183
182 253 260 261
1 127 211 235
71 192 232 248
53 187 192 236
123 142 196 210
148 195 201 234
205 230 235 247
97 100 107 146
148 159 192 225
212 258 260 263
48 120 207 215
148 241 245 253
114 233 234 234
10 170 182 259
102 168 169 257
16 147 175 268
58 243 244 263
36 120 209 249
78 158 250 258
227 229 239 258
11 139 140 154
222 252 254 266
46 114 179 258
149 233 239 268
24 227 253 262
112 116 169 235
91 128 134 198
87 140 214 251
16 142 265 269
179 206 221 253
15 152 172 267
98 229 231 266
154 242 261 262
169 254 260 268
33 100 107 146
32 107 162 212
21 116 182 225
29 117 138 234
166 185 190 233
17 106 116 134
204 224 242 250
55 268 269 269
37 214 238 251
217 224 234 241
187 258 263 264
25 246 251 263
4 246 252 264
160 224 225 268
166 226 229 246
18 235 244 259
152 181 251 266
135 234 239 264
6 36 80 226
16 232 239 254
46 80 132 243
33 176 230 257
115 207 218 246
161 181 187 191
63 128 164 263
63 263 265 268
11 61 238 244
15 150 175 184
90 248 250 268
68 236 260 267
13 28 75 170
105 218 245 264
250 254 258 264
3 16 85 164
118 198 247 259
16 153 154 264
26 153 165 223
181 217 230 261
170 242 245 258
192 226 250 258
15 22 62 252
29 149 194 229
49 195 256 257
9 255 265 267
68 213 231 231
202 222 251 266
20 161 194 265
118 252 254 264
30 40 194 241
52 199 206 250
118 201 255 258
130 198 219 237
30 195 208 242
176 184 240 256
76 240 251 268
114 149 254 263
100 142 196 234
113 157 173 216
93 235 244 253
55 77 191 206
89 210 218 227
61 121 156 230
24 152 251 266
207 212 230 261
101 232 238 251
74 236 265 269
240 242 259 261
124 198 209 209
7 261 262 265
84 152 174 217
64 134 157 196
70 214 216 239
72 161 194 219
31 176 195 252
209 210 218 224
61 185 211 245
109 208 220 247
34 249 266 268
63 214 240 244
116 267 268 269
79 252 259 268
5 90 144 240
167 203 216 245
62 81 187 226
46 147 154 224
73 252 259 261
3 264 265 266
133 254 262 263
187 229 261 261
106 239 250 251
88 89 108 246
146 153 163 209
193 203 234 258
85 230 233 266
61 113 208 209
105 192 247 257
17 97 128 139
109 158 161 210
23 253 261 268
74 242 248 249
79 148 205 243
119 231 236 263
163 203 212 214
79 182 240 242
16 244 265 269
113 154 174 176
173 206 232 236
90 221 236 253
152 194 244 253
225 263 266 267
113 158 170 219
75 196 200 229
92 255 257 267
206 235 265 268
81 171 233 269
76 172 206 234
31 154 173 266
87 214 225 234
11 154 157 226
25 93 132 155
119 130 222 254
144 230 251 269
48 175 177 255
165 182 211 225
134 183 199 204
83 116 135 226
114 156 200 236
6 164 218 255
199 221 237 240
6 108 185 239
250 259 266 267
2 99 184 239
128 209 215 215
89 134 212 217
110 133 166 216
7 70 98 248
154 162 168 236
179 180 200 241
76 252 256 267
208 235 251 253
7 72 176 267
250 254 265 268
187 211 251 257
16 192 222 267
38 161 166 168
17 186 203 263
64 186 241 257
168 222 229 263
75 251 259 264
175 178 183 228
242 253 265 268
7 235 243 249
124 242 246 258
83 84 183 239
74 249 265 267
29 96 122 189
36 257 266 266
70 158 189 226
57 178 185 227
149 246 252 264
34 92 204 240
137 184 209 235
89 101 166 171
96 137 153 224
55 215 222 238
53 221 225 259
46 97 105 123
46 215 235 259
64 226 238 253
93 221 253 255
155 257 259 263
15 164 179 184
162 172 218 241
21 139 154 206
45 106 163 267
208 233 241 262
21 125 202 264
76 126 182 209
90 262 263 264
81 196 210 216
11 90 126 126
181 215 248 267
121 262 266 268
113 119 125 245
45 215 248 257
27 71 121 202
38 187 196 246
35 201 230 235
7 248 253 266
5 32 176 260
74 181 202 258
71 107 124 143
46 140 217 249
92 220 231 267
79 255 262 269
116 192 251 252
39 223 245 262
141 201 209 266
144 197 242 252
225 228 229 253
77 160 209 248
18 176 187 246
78 132 246 267
41 268 269 269
79 194 195 227
55 138 185 222
104 256 259 268
137 140 146 186
117 149 198 241
154 167 224 253
88 162 269 269
155 233 248 255
61 155 167 172
123 129 161 206
17 176 213 249
49 268 269 269
72 140 171 245
150 197 208 209
87 148 175 238
27 250 261 266
160 179 220 232
263 266 267 269
78 143 161 243
1 139 167 243
89 131 233 269
17 234 237 260
110 150 204 252
116 171 192 230
139 155 212 242
24 186 202 235
106 184 189 250
7 112 161 242
120 234 235 239
123 242 253 265
180 205 218 268
39 80 101 197
186 260 261 269
18 268 269 269
85 128 192 215
20 43 142 170
136 247 261 265
21 103 122 137
41 102 156 227
33 82 188 215
166 222 224 251
222 245 254 260
197 222 236 251
97 114 185 267
138 235 256 259
16 186 193 266
66 219 237 262
21 86 116 243
87 112 119 202
204 268 269 269
21 163 210 254
65 65 169 229
82 93 116 239
15 228 231 237
204 207 246 267
120 214 243 252
152 193 211 250
24 67 92 99
8 251 263 265
42 133 142 156
7 147 163 234
72 127 144 210
130 218 252 267
142 155 177 247
238 255 259 259
170 223 243 258
55 64 114 170
42 199 240 268
10 93 237 254
17 195 197 245
46 186 255 259
152 266 268 269
66 157 186 192
79 136 229 248
135 144 228 250
162 235 237 247
134 208 220 247
22 257 261 266
131 254 255 264
101 229 249 262
102 159 177 192
130 226 229 254
41 122 177 190
32 92 194 238
37 176 243 250
55 116 171 252
123 235 245 269
39 197 212 243
4 145 181 252
260 265 267 267
203 256 265 269
140 152 155 209
28 205 207 242
133 150 244 249
184 254 262 265
192 198 227 246
80 233 249 251
110 128 151 220
3 27 57 104
125 130 192 229
26 77 78 148
133 161 189 209
41 263 264 267
227 267 268 268
18 250 267 269
78 252 253 256
20 267 269 269
61 171 211 257
12 35 156 237
65 160 204 257
101 189 205 238
171 210 251 253
209 222 233 234
148 193 263 269
78 167 173 262
58 214 245 257
14 248 251 262
10 258 264 268
124 146 189 233
135 233 239 250
99 142 188 230
66 103 184 212
123 249 252 269
196 201 226 251
118 200 211 254
67 252 267 269
31 181 228 252
114 158 237 256
14 70 145 248
212 265 266 268
44 64 139 143
33 209 229 232
95 174 234 251
125 166 182 195
38 91 131 170
31 119 173 188
179 223 227 269
140 266 267 269
198 220 231 232
25 80 176 205
20 45 114 175
131 173 180 240
17 155 252 252
98 124 134 170
66 93 119 192
170 207 223 233
13 236 240 267
51 58 209 266
85 107 117 139
127 164 223 262
89 259 261 267
54 87 125 201
125 211 229 244
176 220 223 243
218 248 249 268
35 94 97 199
53 193 219 267
4 56 188 215
53 149 155 246
84 84 194 227
147 245 246 259
10 103 122 216
49 79 186 203
186 263 267 269
85 222 238 245
46 104 128 244
14 258 264 269
38 127 141 226
142 176 232 260
32 226 235 251
7 183 230 260
245 253 260 269
68 221 233 244
7 83 93 100
178 230 239 240
109 257 268 269
191 255 256 258
86 151 198 233
221 266 268 269
121 142 159 224
99 228 255 261
13 92 202 247
114 115 143 145
76 259 263 264
37 51 71 148
16 192 212 244
77 209 239 262
131 151 170 234
29 37 132 255
158 267 269 269
31 102 152 267
171 244 252 258
198 244 249 258
129 239 241 269
207 243 261 262
190 264 265 269
101 134 173 231
92 211 225 246
68 150 211 223
34 123 126 256
109 153 241 245
71 233 249 258
102 149 151 240
82 246 252 258
60 143 148 161
153 206 224 254
50 261 262 265
160 268 269 269
81 244 265 269
9 100 144 249
103 187 253 262
40 52 63 136
115 171 237 238
52 158 175 212
25 175 222 256
38 113 160 234
30 52 185 186
11 46 167 242
49 110 135 196
217 250 262 266
73 142 206 263
79 242 243 254
198 258 261 269
114 164 183 186
123 250 251 254
87 138 171 218
222 228 232 236
47 134 162 222
45 219 222 258
69 120 126 172
97 135 161 185
2 45 46 145
5 15 59 91
148 173 197 213
118 193 226 249
117 160 195 202
51 268 269 269
102 196 217 241
69 114 159 163
117 232 235 256
62 199 211 214
187 220 224 232
50 187 193 218
51 223 240 245
74 74 146 162
29 241 251 253
161 171 179 192
32 39 126 141
43 188 205 231
75 151 211 234
64 171 224 248
50 244 250 257
21 68 104 210
15 127 136 142
39 150 155 224
10 181 187 222
129 143 203 206
34 186 218 241
258 262 267 267
127 178 186 187
86 206 241 256
67 268 269 269
19 123 181 231
244 261 264 265
95 186 259 269
92 134 202 227
3 55 171 227
67 105 165 213
72 125 175 248
85 190 233 242
2 8 108 182
16 189 208 256
84 228 229 267
240 266 267 267
60 144 207 261
83 195 229 251
107 125 143 144
249 255 260 262
52 83 134 156
94 175 196 246
126 205 222 225
183 201 219 269
226 258 259 260
169 219 228 266
2 59 79 250
41 121 173 200
74 183 185 261
84 192 201 213
10 68 80 171
12 83 162 224
156 201 227 264
121 237 240 260
11 84 143 245
4 161 173 237
12 181 208 225
123 172 196 231
165 264 267 269
165 245 248 258
35 233 260 261
18 188 221 246
62 122 163 218
63 135 153 229
70 70 143 258
107 116 126 195
208 255 264 267
67 188 244 249
46 193 219 264
1 160 166 222
163 193 247 257
131 245 246 266
6 35 153 221
22 215 239 259
106 221 234 269
174 205 236 250
24 132 150 217
132 204 214 239
46 237 260 261
11 74 129 142
77 179 223 255
130 257 259 263
168 179 220 250
197 215 239 245
171 203 213 263
138 208 218 260
168 191 195 261
37 160 243 264
125 212 247 267
127 145 212 242
43 237 238 253
167 189 201 257
125 125 163 253
56 70 194 211
46 100 172 230
41 48 49 186
22 216 263 263
43 236 241 267
28 134 160 166
168 212 229 253
116 212 241 250
123 267 268 269
18 80 135 179
44 126 204 234
114 138 179 256
11 47 94 103
19 57 80 168
96 216 232 256
13 39 148 221
110 237 251 258
23 155 183 197
104 149 164 182
79 119 180 184
164 265 268 268
97 188 207 236
18 41 63 235
54 213 251 261
16 166 188 241
78 152 155 164
162 260 262 265
132 262 265 268
177 261 262 268
31 92 226 237
62 138 254 256
26 58 72 134
167 248 259 263
12 104 151 178
115 214 231 263
35 93 112 130
122 242 254 258
76 217 229 231
45 267 268 268
10 265 266 269
192 266 269 269
31 259 260 263
57 112 143 243
30 86 105 204
92 123 223 262
71 232 255 269
69 162 217 268
64 85 237 263
20 142 171 192
4 89 105 175
30 155 198 251
200 258 266 269
45 230 244 268
93 251 252 269
15 81 147 160
112 149 193 208
19 205 219 269
132 152 153 235
13 119 126 260
172 181 190 200
40 210 214 266
176 242 250 257
10 79 183 230
5 171 204 245
221 235 244 265
32 135 206 237
194 200 204 238
72 210 224 225
216 242 252 254
182 260 261 268
3 89 105 169
238 242 244 247
182 203 220 243
139 162 170 172
13 60 92 104
29 83 128 252
35 210 222 235
13 189 223 259
199 216 221 239
108 257 259 263
171 202 211 269
192 210 215 225
15 136 245 251
18 173 187 196
243 253 261 268
35 232 243 263
30 193 225 253
80 141 203 220
13 71 131 172
30 199 200 226
62 90 167 221
91 106 119 196
9 227 245 263
37 148 165 180
4 121 152 196
197 235 255 259
52 161 198 266
35 201 214 248
175 260 265 268
41 63 67 240
70 212 217 256
54 130 139 242
125 202 217 251
42 162 164 219
65 161 211 218
116 253 257 262
51 61 106 117
118 157 158 191
187 214 221 241
92 135 168 257
74 106 216 248
227 228 242 260
89 103 107 160
112 248 257 261
84 260 262 266
88 129 224 235
14 70 116 161
151 183 193 200
35 257 260 266
18 42 193 198
96 157 172 174
44 223 239 259
90 100 167 200
90 177 199 217
197 210 212 228
28 188 201 223
32 90 142 261
106 190 216 269
130 169 232 261
72 86 122 156
110 163 170 249
147 227 235 242
126 152 155 179
16 21 62 235
109 151 241 254
48 212 231 235
37 120 155 195
13 166 197 266
210 243 251 269
39 223 228 249
79 170 206 217
32 166 214 246
185 240 250 250
144 191 224 250
117 230 233 238
240 250 255 261
31 78 178 199
145 187 202 206
35 265 268 268
118 119 128 171
111 214 251 260
119 123 131 203
96 124 151 195
19 147 172 250
66 138 202 267
1 164 218 238
202 253 254 257
114 242 266 268
118 249 251 251
147 203 210 214
39 201 205 239
55 159 166 225
6 78 190 222
46 126 144 204
55 177 184 261
150 254 261 266
138 187 200 231
255 262 263 263
14 73 102 268
15 96 111 260
54 249 258 265
143 263 264 269
31 81 102 151
101 223 231 269
55 64 153 163
127 175 185 209
19 92 97 257
29 79 83 223
138 254 263 267
67 229 245 256
81 173 200 261
42 121 166 216
84 245 246 261
9 9 97 191
16 145 157 191
94 193 204 262
108 161 177 240
13 204 209 224
122 268 269 269
165 191 240 269
66 267 268 269
44 229 230 257
199 201 215 221
127 250 251 266
48 68 103 218
41 161 224 227
225 231 239 254
127 145 155 175
124 172 186 207
140 164 183 218
105 243 246 254
52 101 172 258
226 251 262 269
172 207 240 262
29 153 177 230
136 139 215 256
82 125 147 236
196 232 234 251
53 184 199 221
54 80 97 115
114 122 150 186
12 168 212 248
124 207 257 266
124 130 208 244
98 111 176 263
54 223 242 262
101 129 136 162
5 223 245 247
16 104 108 197
172 259 263 264
56 204 211 237
93 230 231 242
186 214 223 236
142 249 250 257
129 235 239 265
40 70 132 188
121 216 249 269
30 228 230 259
71 148 224 225
90 252 253 266
145 244 246 255
245 257 262 269
72 189 191 246
106 116 152 232
31 44 87 90
245 255 262 267
87 201 253 260
60 232 260 268
139 191 203 220
223 227 236 244
88 174 185 212
103 144 175 201
193 267 268 268
61 191 200 208
72 113 163 210
187 265 267 269
102 188 252 269
30 42 191 252
27 129 167 194
69 168 215 240
144 206 218 247
98 167 170 189
38 131 163 269
171 219 249 264
82 118 255 262
104 246 255 256
81 262 263 268
28 106 169 249
41 225 255 262
16 112 158 263
94 243 257 259
165 209 214 258
158 265 266 268
4 49 175 214
3 38 114 204
25 251 260 267
238 248 249 263
206 228 247 268
165 192 200 266
195 242 254 260
77 98 140 175
138 262 264 264
17 200 261 267
92 253 257 257
33 182 198 226
74 116 157 266
2 227 235 257
146 232 252 264
236 263 266 267
62 150 174 188
59 213 222 246
3 68 114 122
178 185 206 243
138 236 243 245
110 141 190 247
57 86 144 200
17 223 261 269
53 125 214 258
118 151 163 256
53 103 116 152
50 136 150 269
151 200 221 267
108 132 195 235
140 207 243 251
131 157 172 262
54 227 237 247
17 134 193 252
191 212 224 250
158 197 236 251
67 234 245 259
5 26 32 242
234 236 266 269
29 196 229 267
159 199 200 257
148 253 257 266
27 261 269 269
128 195 224 235
99 231 233 236
143 260 264 264
203 233 255 266
12 186 189 213
78 241 254 266
21 53 55 260
107 239 250 269
37 224 238 263
150 218 222 266
167 235 240 260
4 155 188 252
70 167 223 252
251 258 266 268
160 236 237 251
1 181 204 245
240 257 260 269
23 99 132 204
266 268 269 269
50 232 245 249
86 176 196 233
79 80 81 91
91 127 128 261
14 59 77 143
127 164 234 240
163 181 183 235
76 116 144 155
130 259 262 266
51 75 113 262
43 64 77 100
193 262 268 268
39 113 152 216
180 199 249 259
99 125 144 228
46 190 216 233
45 253 259 269
57 228 244 250
256 263 265 268
2 14 148 174
217 233 244 251
14 204 246 247
34 57 97 131
36 54 70 234
3 134 175 201
31 163 204 256
47 53 92 181
11 127 217 249
83 100 102 143
73 108 135 241
58 127 193 254
76 141 143 145
187 205 222 234
36 64 159 206
5 53 156 202
110 156 225 234
201 256 261 264
151 231 255 267
12 159 221 263
12 116 203 228
98 250 258 264
57 135 152 267
9 230 264 269
87 152 180 211
141 230 244 269
178 267 269 269
73 85 157 207
55 77 167 253
141 197 212 214
217 227 245 264
3 223 225 238
35 176 217 218
202 235 242 250
43 131 228 229
88 133 138 224
118 219 251 254
180 229 238 260
121 185 201 207
224 241 251 256
40 233 250 254
56 58 77 212
97 105 214 248
32 136 207 207
148 239 247 254
134 141 143 204
40 165 207 255
61 68 98 106
173 268 269 269
94 221 255 269
186 206 218 261
63 96 214 233
103 211 217 269
2 71 88 114
28 177 237 246
140 176 233 243
201 261 265 267
42 93 222 234
162 214 218 253
11 156 186 196
105 246 248 262
109 252 264 266
129 180 206 265
40 234 243 265
50 101 177 190
203 265 266 268
144 186 223 262
149 205 222 238
56 180 228 253
207 242 244 258
227 241 251 257
97 152 190 211
102 178 218 252
4 217 265 268
62 223 233 268
52 194 216 220
227 244 255 266
227 240 262 269
78 111 192 219
19 87 108 137
66 267 269 269
22 241 250 266
3 16 69 234
237 246 247 267
29 201 209 230
50 268 269 269
38 241 252 257
194 226 238 261
31 218 243 262
64 88 129 235
16 205 243 248
53 243 263 267
60 263 265 268
104 184 206 249
37 43 204 231
174 264 265 268
61 138 168 194
26 262 263 265
32 104 178 210
124 182 255 265
19 219 225 262
31 31 161 212
126 225 248 254
174 191 207 261
3 268 269 269
33 217 238 262
84 250 251 268
95 252 259 269
59 253 258 267
17 176 210 211
171 182 199 202
39 188 234 264
107 267 268 269
34 78 181 227
171 237 256 263
26 134 153 232
13 233 240 263
87 126 136 161
153 268 269 269
117 250 260 267
37 134 197 260
78 107 155 227
46 92 133 137
18 111 155 179
79 180 183 260
116 184 233 240
79 217 233 261
51 243 253 259
62 86 218 219
146 196 204 244
23 136 187 202
62 176 211 225
201 210 235 268
215 218 227 259
104 204 215 253
4 59 150 159
10 223 237 245
78 156 258 261
232 241 255 259
22 95 156 166
67 166 169 177
21 149 184 184
8 260 264 265
11 115 152 250
26 116 147 254
159 251 252 264
126 197 229 255
8 10 75 234
234 240 252 254
81 119 128 207
153 154 204 240
78 108 114 140
86 256 262 264
103 190 231 266
2 242 243 253
179 235 249 251
128 258 266 269
67 245 255 262
163 176 181 232
132 209 226 236
76 133 184 198
15 138 215 256
59 160 233 267
15 156 207 261
78 224 234 236
117 196 233 259
6 119 144 196
66 258 267 269
55 158 222 250
176 212 244 257
46 214 218 222
180 252 253 254
30 41 124 149
134 191 217 237
115 218 244 259
85 265 266 269
186 206 228 235
171 177 186 215
74 181 193 206
89 178 212 256
67 226 239 264
53 187 207 211
67 129 208 211
145 194 200 265
162 197 205 257
11 89 173 213
79 268 269 269
72 235 239 252
176 185 209 254
62 172 209 210
111 139 188 203
164 172 177 216
120 222 232 235
194 241 242 268
55 194 248 264
104 111 190 195
215 229 233 250
205 252 255 269
40 157 231 232
16 135 169 197
62 90 172 240
20 107 161 209
39 42 67 109
5 125 133 225
35 200 222 263
150 207 214 237
65 265 266 268
20 134 140 155
145 240 241 247
105 158 163 211
73 189 200 227
189 254 258 263
118 176 177 221
4 209 212 255
8 239 247 268
11 248 257 257
79 266 268 269
4 192 206 223
144 190 225 238
74 170 215 216
108 112 121 176
10 207 208 211
89 200 228 252
172 232 242 264
2 30 101 128
122 156 170 174
125 266 267 269
236 255 257 266
26 184 231 242
140 200 205 241
102 162 188 210
23 89 178 238
64 84 166 229
84 94 173 219
11 118 176 194
110 207 232 268
24 50 164 165
41 193 202 243
40 250 255 263
128 251 267 269
185 202 240 259
91 233 237 266
18 199 228 259
2 94 188 191
74 188 201 253
129 134 210 214
12 236 237 255
127 159 162 200
192 258 264 264
167 239 246 269
233 243 254 265
88 198 200 259
86 102 234 257
55 248 250 261
53 97 134 160
90 244 258 259
75 233 261 267
112 180 200 264
25 114 124 133
124 150 173 177
174 225 236 265
7 89 256 258
87 133 148 261
15 235 236 267
146 259 260 267
117 171 199 227
62 203 213 217
31 119 163 215
185 247 253 268
114 220 232 239
82 226 233 242
56 200 201 252
3 215 255 268
31 245 248 264
63 76 203 266
230 252 264 267
147 206 209 244
22 195 202 226
184 257 258 262
43 61 225 244
145 215 240 255
174 228 231 258
63 206 216 220
51 53 58 234
14 198 237 240
198 242 257 264
146 266 267 269
41 61 204 228
70 82 174 262
69 122 169 203
109 110 214 223
126 239 248 264
41 79 90 238
221 221 242 252
61 228 231 242
83 161 170 236
54 138 147 255
70 71 147 249
56 98 106 171
136 259 261 264
189 210 258 268
145 246 253 261
40 214 222 242
99 166 186 208
129 223 244 249
88 256 260 260
21 197 217 233
206 215 230 231
66 133 183 252
222 251 253 264
141 178 197 248
14 173 211 251
190 201 243 257
34 167 195 238
20 67 159 162
90 242 262 262
202 224 228 256
37 164 199 222
226 254 258 262
174 236 249 268
53 88 184 193
112 156 184 243
23 149 211 212
19 92 117 250
27 235 240 266
88 168 172 243
83 185 202 256
36 42 43 124
186 208 210 233
125 243 266 268
216 219 243 265
24 147 155 156
121 188 190 233
4 74 101 175
52 69 192 250
91 98 157 236
32 111 149 212
31 34 194 261
38 101 190 253
52 156 166 176
80 189 191 234
121 156 216 227
227 263 266 267
5 18 117 236
52 200 242 252
113 165 224 225
8 63 123 175
95 211 247 255
28 211 236 264
69 180 199 252
39 206 227 235
71 75 93 239
141 153 157 267
119 240 244 262
119 234 244 247
193 222 258 267
105 260 261 267
48 199 241 267
76 106 125 244
9 260 265 267
236 259 260 266
51 228 241 241
109 238 243 251
156 180 196 216
148 261 263 266
99 213 223 257
205 260 264 267
138 144 158 158
11 95 196 242
102 263 267 269
246 257 260 269
93 160 233 260
82 131 248 266
13 122 178 182
12 30 44 96
9 178 210 230
68 100 138 240
10 154 251 252
18 156 183 209
50 188 202 268
38 246 254 256
13 266 268 269
179 203 232 235
224 241 253 260
68 213 237 263
131 251 255 268
10 266 267 268
69 225 244 262
138 149 198 239
115 118 243 253
40 216 238 260
27 166 173 179
9 52 240 243
44 130 188 215
15 105 207 229
115 163 235 266
63 130 199 208
40 267 268 269
86 91 92 144
24 263 265 267
122 261 267 268
134 185 210 268
85 129 211 225
119 201 228 232
30 126 187 255
189 236 244 253
175 185 196 224
50 198 252 252
221 229 249 261
160 162 193 237
133 153 234 245
51 256 259 268
10 140 143 214
10 134 148 172
141 260 265 267
81 109 163 231
90 172 202 261
46 152 201 239
6 206 220 267
12 25 42 218
206 217 232 247
202 220 236 246
139 260 262 266
8 212 228 265
118 196 236 242
66 240 256 262
77 120 146 164
11 181 209 221
153 165 176 239
113 193 201 258
53 241 252 263
74 94 120 173
132 202 214 229
37 121 128 142
17 69 163 174
31 244 258 265
172 211 226 239
148 188 217 224
14 236 239 254
229 239 252 269
92 192 224 232
68 144 212 234
200 231 233 263
53 226 244 251
66 228 247 255
207 255 264 266
158 198 199 251
97 230 242 256
68 224 236 250
261 268 269 269
38 49 223 261
4 51 134 220
13 128 251 255
20 263 266 267
184 189 207 209
12 246 258 263
16 165 217 256
198 228 232 241
64 152 184 221
238 244 263 268
90 126 148 264
163 171 210 251
139 240 256 262
93 230 239 254
73 102 118 132
172 261 263 265
118 222 265 267
5 236 248 262
1 135 203 232
15 126 169 183
134 257 258 262
53 201 248 265
168 194 208 210
80 197 213 236
8 97 99 160
104 201 230 231
79 258 260 264
64 75 118 186
169 236 247 257
115 240 246 257
49 235 253 263
103 146 208 240
89 132 134 262
57 223 232 235
8 87 215 235
47 217 229 247
62 135 213 254
32 108 161 212
60 239 251 256
77 208 230 241
67 148 241 259
38 209 216 232
48 224 242 247
106 168 200 257
113 170 174 213
183 232 243 261
84 96 143 145
48 186 197 208
105 212 235 260
151 216 223 240
175 191 196 269
56 155 168 176
128 263 268 269
154 264 265 265
161 170 207 233
54 139 251 256
213 265 267 268
75 98 160 241
163 215 222 240
52 200 214 263
187 226 252 262
23 55 57 208
40 74 102 121
98 121 207 251
80 249 262 263
104 149 241 260
75 239 250 259
75 217 219 264
83 267 268 269
23 193 213 246
168 196 207 268
35 261 265 268
217 223 226 233
26 83 242 252
171 178 237 268
192 264 265 267
43 243 250 254
71 99 141 248
80 262 264 265
109 261 267 269
86 230 241 249
197 231 247 266
112 139 163 230
87 131 166 190
148 159 197 227
55 95 106 130
81 132 170 238
23 101 118 192
167 206 213 253
142 175 231 241
111 186 254 266
133 236 250 258
81 101 166 214
86 209 239 245
37 193 260 267
79 226 230 243
93 193 212 218
67 228 263 264
151 221 232 249
155 232 250 251
30 147 196 218
94 108 120 250
144 169 197 263
190 244 257 266
31 215 220 253
196 208 211 238
17 266 267 269
186 216 252 262
11 16 223 244
142 217 218 250
92 231 251 267
10 260 261 268
25 202 217 262
221 259 260 264
170 250 254 254
94 168 220 241
65 158 215 258
11 94 108 110
7 102 121 224
29 164 188 198
153 241 259 264
34 47 53 98
9 79 240 260
79 99 119 132
17 102 153 163
36 167 169 245
28 261 263 265
136 198 237 250
195 260 261 266
102 205 227 233
76 190 191 222
87 209 240 240
110 253 256 269
145 197 206 217
169 215 237 244
42 244 265 268
15 44 216 261
229 257 264 265
71 213 246 266
123 174 210 221
39 85 199 223
18 35 43 216
124 249 265 267
78 251 252 261
4 204 214 221
28 114 212 264
128 214 238 239
40 112 167 208
80 130 135 241
19 228 232 253
24 91 187 246
91 104 176 186
212 254 257 269
56 179 224 262
28 64 65 258
121 217 240 262
67 169 195 266
126 264 265 268
83 268 269 269
45 197 232 260
13 250 256 269
22 258 265 269
92 132 136 180
191 192 209 259
30 247 259 264
216 265 266 267
121 186 221 258
165 242 261 264
111 232 248 256
17 236 259 266
9 91 177 269
123 201 253 267
56 145 173 266
115 268 269 269
89 120 121 203
37 262 263 263
185 219 235 247
192 197 202 236
12 159 218 218
26 117 201 233
19 173 227 268
196 212 216 265
25 59 246 265
138 208 236 256
99 246 257 258
3 61 120 264
18 88 152 222
170 180 230 237
79 246 260 264
253 253 263 265
54 182 235 239
76 218 237 269
68 147 197 215
127 256 262 264
171 194 253 258
40 77 168 205
103 136 172 231
244 250 254 264
35 89 202 205
8 158 255 263
98 117 137 170
114 194 252 259
204 221 241 254
6 132 194 231
118 203 205 219
56 262 263 268
205 235 255 263
13 251 254 266
78 171 202 247
181 226 244 254
128 262 263 263
82 148 165 249
7 162 164 222
144 244 246 255
19 22 76 121
140 215 264 268
61 263 266 267
261 262 263 267
41 114 207 229
149 207 214 247
175 200 209 219
180 237 247 251
60 246 257 268
88 113 161 258
157 187 201 267
139 175 177 218
142 180 262 268
2 72 125 155
64 125 175 203
3 193 252 266
58 159 185 212
19 234 242 261
66 164 193 229
125 268 269 269
96 182 219 236
7 126 176 220
90 94 188 235
3 145 147 246
51 155 235 260
19 101 227 256
32 209 212 269
135 166 202 239
173 182 186 212
127 230 247 264
97 119 157 242
16 130 181 218
151 179 189 248
11 96 99 132
7 221 223 232
120 231 238 245
189 252 262 265
19 151 184 263
145 190 211 232
75 222 255 261
26 136 235 251
112 132 179 211
131 156 239 267
184 190 222 234
82 130 139 156
72 163 178 229
57 206 254 269
75 265 266 266
37 248 250 253
73 103 151 152
3 232 244 267
139 180 185 242
33 45 141 215
32 186 199 220
153 256 260 266
160 239 251 264
35 162 200 232
104 230 248 254
116 214 226 265
60 215 217 220
8 223 225 242
21 53 152 224
183 210 238 252
177 218 249 251
177 212 246 268
177 245 262 264
37 181 218 235
160 188 238 265
87 162 175 223
157 185 237 266
132 255 256 268
257 262 264 268
91 96 165 253
129 243 249 268
80 195 202 255
206 221 224 257
129 255 267 269
7 169 235 267
6 183 192 230
58 118 183 232
34 250 255 258
22 234 264 264
25 212 236 257
56 154 188 247
100 105 194 240
7 228 235 243
147 266 267 268
16 183 197 265
166 230 240 269
76 208 213 240
123 260 266 269
176 185 189 240
62 209 244 266
110 117 198 249
14 136 218 245
73 97 137 208
43 172 215 228
68 143 246 257
40 180 182 229
103 208 266 269
130 169 225 256
68 230 264 266
9 236 244 259
22 114 195 239
78 91 114 201
228 234 252 268
175 250 252 265
163 193 240 250
175 201 203 224
247 261 262 262
32 248 256 265
93 170 203 225
60 229 232 265
176 177 185 267
30 117 152 208
175 207 263 267
192 195 197 241
97 200 215 218
132 142 201 269
150 222 236 266
200 257 265 269
127 130 153 178
109 247 256 267
39 180 254 258
22 62 130 191
126 137 146 228
193 250 264 269
45 166 260 269
131 148 212 260
50 75 80 212
98 137 163 195
97 224 266 269
94 190 238 255
45 169 203 225
132 180 200 211
254 268 269 269
136 204 236 246
14 243 252 262
79 165 215 259
9 23 166 184
170 172 230 243
211 232 247 249
36 119 168 180
106 228 256 266
32 193 215 238
89 108 193 229
30 200 225 245
31 97 106 110
113 226 239 253
194 195 202 246
96 109 216 268
24 136 201 246
16 220 238 245
203 257 261 265
223 242 248 251
123 140 193 266
153 242 256 268
48 123 172 204
33 169 215 235
191 239 252 257
148 265 267 269
156 261 263 267
180 223 264 265
30 111 153 166
36 48 68 118
95 136 210 218
90 123 197 267
152 176 177 254
245 264 267 269
23 112 126 141
85 211 218 266
89 245 247 266
189 222 224 267
92 226 249 255
48 252 253 262
105 228 239 256
47 193 236 264
76 262 263 269
31 81 103 239
34 98 103 262
56 89 101 259
96 260 263 267
181 210 234 244
45 187 249 261
80 104 155 264
168 183 222 262
88 241 245 263
37 221 223 223
51 106 125 171
59 174 175 197
93 147 167 233
54 212 265 268
190 222 224 236
73 218 228 247
61 65 162 179
82 193 222 248
42 153 189 197
16 137 188 262
14 245 255 262
13 145 253 268
13 40 134 242
43 174 215 255
119 152 199 200
242 245 259 269
197 214 217 222
160 231 266 269
20 165 189 193
3 35 221 255
52 118 211 225
56 87 248 259
223 263 269 269
33 144 155 199
48 195 204 210
93 100 131 170
17 244 256 257
65 161 227 230
72 255 260 266
121 121 124 169
141 173 211 267
42 143 155 221
55 99 247 250
214 238 248 256
6 134 170 211
44 256 258 259
35 71 135 251
72 107 171 191
149 218 226 260
74 220 250 268
11 114 160 241
181 209 221 244
100 208 219 250
74 83 115 266
12 189 201 267
139 229 249 264
50 110 125 266
87 141 174 211
7 30 46 219
133 228 238 269
44 114 120 188
67 187 204 213
58 200 252 264
33 222 241 254
189 239 259 262
89 197 255 257
38 126 184 255
161 223 249 256
103 265 267 269
98 139 146 195
23 76 128 260
87 149 154 169
160 218 227 238
144 213 218 255
232 259 264 265
161 263 268 269
138 230 244 268
119 265 266 268
27 92 144 242
122 178 184 186
169 199 217 265
197 259 261 269
79 115 155 192
133 168 179 244
124 242 257 262
116 159 184 243
243 249 266 268
127 241 250 250
163 188 226 268
80 83 203 212
61 175 196 202
186 214 215 265
213 249 257 259
12 192 204 221
100 193 196 213
213 230 236 260
62 234 236 260
106 171 212 265
165 189 218 245
45 83 151 217
42 57 197 263
60 82 220 257
19 265 266 269
99 118 191 261
65 146 250 263
125 130 159 165
36 241 250 258
52 65 99 130
28 132 154 177
218 266 268 268
112 159 194 195
28 177 247 266
50 142 200 265
121 141 238 258
73 251 261 265
3 253 259 263
175 217 249 261
200 252 254 261
22 110 125 153
72 141 251 254
100 232 241 257
140 188 215 220
106 214 247 259
112 116 133 251
79 160 208 262
50 203 218 265
39 211 255 268
67 164 215 217
246 254 263 269
86 228 244 263
104 181 238 261
75 230 246 264
88 93 248 251
31 219 259 265
155 259 263 265
145 247 263 264
109 161 215 269
38 139 170 214
50 204 210 232
75 178 242 247
52 99 111 157
95 215 232 254
223 246 260 262
203 245 249 254
7 137 176 241
92 111 129 256
245 250 251 256
22 248 249 259
19 141 150 220
27 133 164 252
37 47 75 264
141 153 166 219
124 232 262 268
74 252 266 267
151 261 269 269
2 256 266 266
52 178 204 213
238 266 269 269
173 191 237 249
30 260 264 268
43 146 182 230
92 222 246 251
56 244 262 269
146 196 261 268
36 77 176 196
174 254 257 264
14 53 60 234
182 246 252 269
23 163 178 229
44 107 110 239
204 248 253 256
189 224 226 250
227 265 268 269
39 60 155 207
46 249 265 266
37 54 114 245
116 178 222 237
162 177 188 206
61 94 243 255
25 31 137 195
18 204 239 268
3 222 232 264
28 158 176 182
44 134 175 202
41 144 145 221
84 87 137 187
225 265 267 268
96 245 258 269
70 187 230 260
19 83 234 258
18 59 128 210
100 233 248 266
64 148 179 242
17 174 228 261
19 39 60 185
26 28 189 229
18 116 120 148
219 219 223 249
38 184 218 231
67 154 192 261
39 121 135 253
11 121 160 164
34 100 153 221
92 233 244 265
68 115 116 154
52 248 257 267
67 171 187 247
64 146 207 231
34 254 256 268
103 264 268 269
47 59 60 221
44 86 173 179
141 170 233 258
94 231 237 251
107 149 177 193
47 253 256 257
109 120 146 222
46 146 187 229
214 230 236 239
81 97 110 176
167 218 268 269
32 213 259 262
188 231 247 265
153 260 262 263
121 267 268 269
228 249 250 264
115 143 165 221
153 202 203 204
168 174 211 216
175 218 234 254
17 252 253 263
52 94 189 256
62 156 195 252
27 145 184 194
64 152 212 257
127 247 254 259
33 227 236 247
251 268 269 269
73 154 220 267
67 262 265 266
67 102 201 240
106 247 250 266
150 210 228 248
44 79 109 223
33 71 94 125
92 158 230 237
33 169 253 268
98 223 230 245
26 92 142 205
50 262 264 266
43 211 224 252
89 163 206 248
60 176 252 256
77 105 149 186
200 252 253 263
3 237 241 258
145 182 196 266
50 178 204 257
30 33 149 228
133 148 190 254
10 106 267 268
199 242 243 258
112 264 265 266
69 102 151 159
44 186 228 255
81 170 193 246
94 193 212 253
18 124 234 253
80 179 203 221
42 130 159 215
247 263 267 267
21 78 205 242
32 128 132 179
125 229 243 268
111 199 223 247
214 239 245 266
7 29 177 261
160 207 248 255
27 152 248 263
24 214 223 226
49 55 113 185
20 106 176 224
234 258 266 268
92 245 257 258
92 155 237 244
247 267 268 269
131 192 203 266
30 67 154 253
90 184 203 224
51 234 247 249
116 175 200 217
49 161 195 221
64 179 228 230
68 74 126 159
23 118 221 240
44 120 197 231
33 75 122 151
8 193 218 236
53 126 139 162
126 163 209 211
30 155 215 243
120 258 259 259
107 179 240 260
238 266 267 268
31 185 239 258
218 266 268 269
16 88 96 193
190 195 248 250
24 42 154 203
15 146 219 251
63 228 265 267
68 236 242 262
97 243 248 250
84 156 157 222
14 35 184 213
5 174 248 266
66 110 153 173
78 163 228 256
162 223 260 267
122 252 256 264
41 137 162 261
37 60 140 256
108 182 192 203
100 126 204 248
65 126 133 134
237 259 265 269
24 211 235 251
14 146 153 249
9 141 151 247
76 103 111 204
81 216 220 236
4 80 106 224
29 262 263 266
84 224 241 254
86 209 212 216
235 258 261 261
190 268 269 269
2 3 155 226
84 120 131 205
28 51 116 183
106 198 240 269
121 139 200 204
125 151 169 261
235 265 266 267
62 144 243 260
82 110 113 200
19 184 209 226
66 136 214 268
145 260 264 269
20 46 90 192
146 170 246 250
18 24 187 216
37 193 207 256
55 259 263 267
54 157 172 181
235 236 243 265
20 64 149 167
66 78 115 122
32 112 202 216
59 170 222 232
165 241 247 253
161 256 259 265
141 164 185 241
14 149 162 227
136 238 241 247
56 240 261 267
15 223 257 262
82 177 211 250
42 170 171 233
124 134 206 250
97 209 218 230
142 178 260 264
25 137 178 235
102 244 252 256
23 249 263 264
181 201 203 205
32 227 258 265
38 60 130 174
41 154 178 229
34 239 244 246
46 66 83 258
138 199 204 211
45 120 199 244
130 222 232 246
19 78 106 133
114 137 138 263
200 246 266 269
23 46 156 253
50 128 150 225
141 240 265 266
41 132 226 255
125 209 216 266
166 229 245 247
30 172 194 224
52 252 256 262
191 232 246 255
207 207 212 217
47 254 258 260
141 193 212 260
203 267 269 269
35 148 223 254
68 202 227 242
30 238 257 265
38 185 217 229
153 186 251 262
31 210 250 255
39 71 81 130
66 142 174 199
117 141 224 229
19 227 233 268
58 71 111 237
63 102 165 196
49 176 183 224
94 146 247 260
214 255 260 263
55 118 207 213
24 244 246 258
149 251 264 266
30 101 121 128
169 232 251 258
176 197 225 231
6 119 189 225
124 177 226 249
8 169 208 239
96 115 204 225
62 111 112 118
140 245 259 264
190 219 232 255
225 248 253 269
138 211 239 268
230 239 249 253
16 42 141 161
131 151 197 216
7 39 180 199
72 92 112 265
66 154 209 235
2 133 236 255
99 230 238 249
72 148 159 200
169 192 196 240
13 192 201 266
58 215 234 245
214 266 269 269
81 195 238 261
22 259 263 267
102 218 234 256
184 188 198 222
85 161 177 265
82 106 209 240
120 181 206 267
243 264 265 267
17 247 256 267
15 69 187 188
19 252 255 269
8 11 209 243
93 188 259 264
17 210 214 242
116 212 235 269
55 153 181 183
98 208 217 251
126 224 255 261
122 237 243 259
135 239 242 243
197 212 241 249
76 222 262 268
10 18 46 171
29 39 167 168
5 160 165 265
55 163 179 243
4 193 202 203
36 189 198 250
169 228 238 243
57 237 247 260
63 251 252 259
67 168 179 263
12 142 191 219
71 226 232 269
61 147 267 268
128 216 234 238
35 112 133 139
22 223 232 267
6 156 159 218
26 225 229 262
35 183 216 262
27 268 269 269
32 196 246 250
31 173 226 264
73 171 236 259
95 130 143 247
41 181 215 234
175 255 262 263
48 133 158 215
46 250 258 269
46 64 176 206
56 179 215 264
26 239 244 263
104 253 262 264
40 53 128 262
53 256 260 269
72 182 201 255
73 105 120 196
59 232 243 247
65 226 252 266
224 235 256 268
225 230 252 267
40 262 264 268
131 171 201 258
134 225 232 234
45 180 225 236
12 134 171 214
54 262 267 268
85 206 211 253
194 217 226 235
4 228 259 266
6 109 210 225
83 114 157 191
176 179 225 243
26 168 210 257
30 205 259 264
257 265 266 267
186 194 227 249
101 167 184 212
51 261 265 268
21 234 238 248
89 223 241 268
14 113 214 249
175 229 240 260
44 143 237 238
24 27 144 216
61 117 188 233
156 244 254 256
49 201 263 264
164 217 235 263
221 253 255 268
95 131 157 182
122 200 260 269
40 106 227 230
11 217 257 263
13 32 192 242
26 97 221 247
126 187 190 194
72 172 184 256
68 180 228 257
43 149 239 242
61 138 200 231
164 223 242 263
110 217 232 238
125 244 253 269
136 213 214 243
74 249 261 261
106 152 172 244
80 220 229 266
49 222 225 254
131 229 245 269
152 224 254 261
75 245 253 257
146 150 207 230
58 150 158 218
119 139 224 259
57 92 127 182
172 224 233 252
207 239 244 245
32 120 149 246
13 207 213 232
7 116 133 173
59 78 163 211
111 243 260 268
165 205 237 238
94 125 198 242
58 71 77 184
25 101 126 158
108 177 187 241
47 249 254 258
231 265 268 269
20 162 197 205
2 167 256 265
116 141 161 183
94 234 247 248
225 238 250 259
32 189 210 259
13 202 259 262
10 141 169 255
182 185 189 211
32 57 109 265
208 243 248 267
69 91 121 174
172 174 196 243
91 179 198 235
79 91 230 253
136 148 187 267
126 166 173 254
21 82 163 259
54 235 256 260
173 220 224 251
4 256 258 261
69 219 255 261
199 264 267 269
133 166 197 266
193 224 227 244
174 254 260 264
26 85 86 141
9 59 165 214
73 101 124 189
199 236 238 259
29 265 266 266
20 193 199 216
180 260 265 269
173 240 257 264
136 155 201 236
61 262 266 267
199 224 237 253
168 268 269 269
55 91 141 227
99 216 265 267
42 145 169 250
44 162 184 194
32 155 241 252
117 215 238 265
44 143 198 205
124 172 176 181
177 178 183 217
86 172 175 219
37 53 67 240
134 263 266 269
97 263 265 266
17 146 157 215
50 268 269 269
49 56 92 254
58 148 199 200
74 224 225 236
177 228 250 256
36 180 245 254
31 112 132 132
65 127 161 200
60 73 197 211
10 87 131 177
20 208 217 247
121 175 192 196
208 237 253 268
31 188 194 224
131 213 216 249
90 255 258 268
171 258 259 263
238 268 269 269
127 165 218 266
6 106 136 144
46 59 102 190
18 61 74 177
144 200 231 263
179 186 193 240
93 235 239 264
43 57 80 259
67 159 170 205
8 261 265 266
130 245 246 259
28 131 185 268
179 215 218 261
39 135 138 230
18 148 151 246
52 79 166 228
83 200 252 267
101 152 176 219
22 194 230 259
35 157 188 211
143 211 229 233
87 110 190 216
149 218 238 242
202 213 230 248
125 223 243 243
26 200 240 241
94 97 150 172
224 240 254 261
105 111 209 217
97 151 215 224
128 186 187 197
233 243 249 269
36 78 83 139
63 191 225 269
6 10 207 247
111 178 239 247
178 215 237 246
88 135 162 174
75 152 218 261
39 97 133 229
124 150 196 266
108 220 252 261
6 133 205 250
177 212 254 259
19 106 227 241
10 223 225 246
57 105 192 242
33 268 269 269
27 176 186 244
87 187 199 250
103 111 208 265
126 176 196 204
102 129 164 251
130 147 241 264
85 234 248 257
79 202 212 260
157 235 266 266
70 179 195 226
130 136 234 269
95 148 194 202
40 75 177 177
81 91 123 224
97 147 231 236
55 228 238 242
45 81 172 228
159 220 235 246
162 248 250 251
85 104 143 269
45 130 163 228
155 242 256 265
58 224 236 263
65 210 225 236
60 108 220 251
189 205 234 266
4 49 110 162
92 250 260 268
202 222 242 254
107 114 200 254
176 204 209 209
21 80 169 245
56 138 213 221
80 201 223 237
26 176 206 234
11 233 234 249
26 57 129 161
157 239 247 256
253 266 268 268
28 116 215 233
25 74 86 169
10 82 133 249
77 241 248 250
142 146 205 229
19 129 156 203
89 171 192 244
55 209 244 258
72 184 200 200
45 153 176 251
155 180 203 227
96 235 260 262
66 243 253 258
31 209 216 239
5 67 119 160
35 56 82 175
3 195 230 238
44 242 244 266
201 246 256 261
240 241 246 267
160 225 240 253
15 173 205 236
162 227 235 236
46 149 242 269
127 183 230 264
17 45 90 165
71 84 161 170
12 182 198 227
191 242 244 262
187 222 260 265
25 245 253 263
62 98 110 259
202 220 231 252
137 219 234 245
133 170 175 229
41 45 136 257
142 240 257 266
61 116 168 192
6 179 232 266
82 219 246 247
58 232 242 246
136 264 268 268
48 194 235 244
64 171 173 190
23 214 266 269
100 113 182 244
59 203 210 245
165 219 224 234
39 140 179 222
52 68 213 269
188 250 255 266
47 232 249 268
20 173 227 268
253 265 266 269
117 124 209 222
160 237 251 259
61 128 139 198
117 159 166 172
63 176 185 261
22 83 106 177
42 169 229 232
179 190 208 247
96 138 208 223
77 99 142 187
84 268 269 269
58 86 103 168
118 209 227 239
37 245 265 266
36 261 262 266
112 257 259 265
113 156 194 250
180 221 240 268
79 194 221 245
18 92 183 198
226 265 266 269
165 201 204 218
12 212 226 227
57 117 174 232
160 265 266 267
101 170 173 182
5 168 216 220
183 257 265 266
143 174 202 240
8 18 41 174
91 208 225 252
136 144 157 235
35 177 238 255
146 207 264 268
171 177 192 230
170 223 232 250
74 192 222 244
61 158 228 258
54 104 130 213
5 37 83 118
142 219 223 230
193 195 233 246
132 149 202 258
2 205 207 260
134 213 254 258
144 229 232 246
56 115 175 185
7 79 157 252
127 188 216 254
17 266 267 269
158 266 268 268
113 267 268 268
34 147 183 217
200 206 226 268
13 42 78 85
85 181 211 259
144 226 259 264
31 159 168 254
53 256 257 261
61 77 130 259
221 223 241 242
41 157 200 254
226 262 265 266
80 93 109 197
99 260 262 264
50 168 173 188
23 107 133 267
212 215 229 242
70 242 263 269
234 261 266 269
7 140 214 231
31 48 218 266
145 191 202 260
39 132 171 207
13 129 142 209
21 157 165 213
76 88 232 255
205 206 208 251
125 230 231 241
97 244 249 263
98 223 252 258
77 243 260 266
126 208 209 210
121 154 172 183
3 44 124 194
42 44 155 268
150 219 235 253
170 210 237 256
178 228 245 255
46 90 157 211
82 154 188 265
107 260 267 268
108 238 240 264
19 215 251 266
149 237 253 266
57 115 143 199
249 264 265 265
73 200 232 236
77 136 142 216
101 142 215 258
72 146 181 215
33 219 238 251
188 248 261 266
38 255 256 263
67 256 258 264
23 232 252 265
97 101 109 118
166 178 183 246
118 186 213 266
159 233 247 263
104 254 258 263
185 242 247 256
90 170 258 265
27 119 125 221
40 198 224 250
76 124 171 227
69 134 196 265
18 94 122 220
28 267 268 269
131 253 259 268
16 196 233 254
62 96 127 137
4 24 59 187
227 228 244 260
23 144 228 265
42 91 132 252
113 129 166 268
52 239 260 264
108 113 122 262
49 222 243 263
76 166 207 212
20 170 246 259
83 213 218 250
22 138 140 150
188 253 257 262
117 139 201 265
151 205 214 237
158 245 251 260
22 68 82 119
37 265 267 267
194 215 224 226
45 133 158 188
80 216 256 262
212 234 236 266
11 117 151 260
114 217 223 255
169 174 178 198
89 228 263 269
89 126 158 203
163 229 241 241
40 215 218 262
23 106 227 233
2 20 94 237
71 254 256 261
30 30 130 131
103 181 189 249
86 175 232 259
15 194 213 224
34 38 218 261
104 241 252 254
10 48 59 200
45 140 160 171
24 233 234 244
178 200 213 238
29 94 223 230
160 165 186 189
41 72 90 113
73 111 195 241
124 249 255 267
42 60 88 197
25 95 158 254
9 197 203 211
194 263 267 269
114 241 257 264
255 267 268 269
5 198 232 244
87 96 208 243
101 169 244 267
131 246 252 264
75 83 150 258
61 75 198 253
17 181 182 264
10 228 264 267
15 170 182 219
24 73 229 250
112 234 259 264
125 159 176 264
30 40 152 252
104 213 228 247
176 182 246 256
118 219 228 243
47 147 159 268
130 239 240 248
145 172 190 238
4 258 260 267
52 53 75 170
23 164 207 217
62 74 83 163
134 193 253 263
156 260 264 268
125 178 185 212
149 218 221 265
158 219 231 269
24 188 230 243
55 132 185 206
165 224 256 263
48 127 170 211
36 48 184 208
139 221 224 258
73 144 224 267
173 212 229 234
25 50 143 147
64 115 201 252
3 181 224 247
138 172 223 253
164 229 231 269
167 217 239 259
22 237 240 254
118 204 222 265
110 152 169 228
40 176 182 219
14 251 253 257
145 148 166 261
35 63 91 165
100 148 167 232
34 105 173 237
81 209 218 245
41 214 238 241
44 228 249 264
137 260 263 268
183 201 231 262
233 261 263 265
217 248 258 260
114 211 252 266
204 242 245 264
27 259 260 263
8 155 198 232
238 242 243 250
212 233 265 266
101 224 251 256
173 183 198 223
67 151 178 249
20 224 241 269
214 238 246 264
5 263 267 269
99 197 216 219
7 265 267 269
6 260 263 263
205 247 262 267
87 186 196 226
109 152 244 267
190 192 219 246
84 231 235 256
117 267 268 269
68 103 196 248
14 35 53 237
110 254 256 262
119 233 236 253
150 171 185 247
31 229 236 267
148 250 252 258
7 16 38 138
118 223 228 240
82 201 241 246
151 206 225 248
40 114 229 238
162 249 250 260
81 185 194 234
200 222 253 266
129 162 188 197
134 248 252 262
53 83 179 263
6 261 265 267
160 256 258 260
7 118 168 201
74 248 251 254
134 219 260 261
10 260 263 266
31 230 242 247
228 258 267 269
68 158 221 263
164 254 261 269
190 228 239 269
172 228 236 258
62 192 200 236
40 136 193 207
79 118 183 206
207 227 238 244
55 138 149 219
6 194 220 234
189 234 252 257
29 64 193 223
110 229 245 248
187 206 241 249
182 230 254 266
84 237 256 265
96 171 208 211
192 238 249 259
30 190 214 247
3 233 266 268
89 177 198 254
65 150 159 215
37 203 212 231
53 161 177 231
78 148 157 261
187 268 269 269
84 241 255 255
35 227 249 260
120 266 267 269
119 178 194 253
163 171 260 264
85 142 153 190
54 200 208 225
187 259 262 267
28 165 257 266
130 190 200 215
155 190 206 227
22 122 150 155
95 120 212 241
48 73 108 152
167 211 219 227
144 224 243 267
34 266 267 268
203 228 230 236
7 52 121 155
186 191 206 241
217 245 260 267
176 208 228 250
63 104 142 168
58 129 186 210
52 70 117 251
3 33 144 223
28 229 243 256
178 200 202 206
211 220 222 245
142 168 203 213
53 127 163 163
181 211 226 255
94 246 260 265
227 248 262 265
42 138 231 240
69 132 176 223
3 205 219 245
76 164 170 187
53 171 201 231
60 263 265 268
90 145 241 253
2 159 203 243
134 213 214 261
87 212 226 248
40 151 203 245
247 267 269 269
42 127 182 194
34 137 256 257
55 172 175 192
3 32 34 162
1 148 205 226
157 225 246 249
155 158 184 195
98 108 224 242
19 53 185 213
32 54 141 193
16 268 269 269
52 99 243 266
78 202 205 250
168 169 200 219
185 216 232 240
20 197 217 226
45 45 46 108
98 111 153 217
44 159 160 189
34 68 84 258
23 237 258 269
51 56 118 252
48 229 230 233
163 180 197 212
15 120 220 261
28 81 119 207
9 175 221 248
116 249 260 264
82 191 204 260
115 130 217 231
200 263 265 268
19 211 225 256
119 154 162 221
57 81 105 122
6 224 232 236
79 239 252 263
45 170 198 236
14 263 265 266
137 173 193 235
102 253 254 269
66 238 242 243
66 207 219 233
177 205 214 217
115 250 259 263
179 258 260 265
240 245 264 265
97 205 221 243
16 197 219 232
54 229 237 260
99 153 181 187
127 129 267 268
185 223 225 240
16 27 191 198
27 44 51 263
6 96 177 224
111 267 268 269
70 258 264 265
15 79 213 227
184 194 222 262
124 198 213 231
59 116 171 211
190 232 249 254
216 234 240 253
163 196 209 261
25 116 211 265
173 229 234 268
96 146 159 210
117 228 247 249
68 210 211 226
131 221 235 250
56 266 269 269
42 243 258 265
1 221 230 248
163 265 266 267
119 196 197 198
144 261 264 265
59 170 180 196
173 187 221 229
74 220 223 232
33 75 138 267
7 197 229 244
198 231 261 262
144 212 216 255
59 171 215 234
41 227 239 267
27 148 170 213
184 236 249 256
115 162 172 183
51 74 172 180
109 199 200 257
133 167 207 248
11 38 142 210
22 32 84 131
140 205 207 215
4 37 48 82
209 211 229 237
39 217 222 261
9 226 229 250
14 193 218 231
114 246 250 268
116 122 185 239
27 174 181 256
247 254 264 269
128 251 253 263
51 146 190 210
41 72 77 197
217 247 252 262
248 261 264 265
30 61 137 223
157 172 199 203
174 267 268 269
138 212 216 258
83 239 251 255
42 148 176 233
10 19 48 121
5 170 223 249
76 243 247 265
146 165 168 192
178 243 244 255
110 131 251 254
234 253 255 269
97 132 217 265
4 229 241 260
190 214 215 227
147 224 231 263
106 227 228 236
134 211 260 266
53 246 251 258
5 60 97 103
16 73 147 233
101 120 197 260
112 190 204 230
139 237 246 262
10 254 263 267
45 63 87 238
105 194 215 244
174 223 234 250
23 132 244 247
122 163 206 231
44 115 159 204
248 253 268 269
138 266 267 269
74 229 246 267
54 87 161 244
17 122 227 253
101 137 214 235
237 248 258 261
205 241 248 259
57 98 181 212
247 258 264 265
171 212 224 256
31 66 103 204
19 228 233 239
10 101 125 131
17 34 189 240
138 187 205 213
194 261 263 264
62 172 196 228
117 169 202 210
77 179 199 228
250 252 255 258
3 195 233 250
15 149 171 208
64 99 189 224
36 47 233 262
116 124 225 262
100 248 254 261
48 260 263 268
122 198 203 256
14 137 218 233
46 104 196 206
112 141 217 265
111 152 196 238
112 252 256 258
27 237 239 264
63 77 181 212
205 228 236 267
96 246 251 262
46 221 240 263
181 209 213 258
72 181 182 194
6 135 142 170
66 161 191 195
55 154 183 207
11 94 99 179
15 97 114 252
126 192 230 240
70 125 144 257
36 160 173 200
51 229 242 269
76 86 173 218
18 264 265 268
2 199 202 216
98 185 189 251
10 68 168 218
1 13 194 217
74 250 251 264
173 251 261 269
136 141 149 168
9 186 222 266
123 251 259 266
116 201 243 267
108 127 169 211
176 213 227 256
14 53 57 141
55 149 158 202
113 203 205 230
20 75 141 152
115 258 259 262
149 224 246 266
3 128 154 201
19 243 245 265
174 212 225 263
18 65 71 78
113 251 254 261
19 115 127 244
53 134 202 252
114 137 171 267
53 175 231 232
123 256 258 266
47 199 228 261
69 82 103 106
212 245 249 262
112 251 254 260
191 210 254 265
33 105 154 156
96 212 213 255
122 183 218 238
47 69 124 176
105 219 228 242
116 184 199 237
61 101 141 191
39 62 232 251
99 158 213 264
104 187 240 245
87 104 210 252
15 115 220 237
68 92 122 207
26 169 223 265
182 249 250 265
63 143 157 161
119 139 198 225
124 142 145 220
36 49 165 179
112 199 230 258
198 237 244 269
158 171 212 226
73 93 217 258
29 45 136 238
129 210 220 257
74 251 259 263
198 255 258 268
18 76 174 243
22 89 210 239
104 132 149 210
170 203 220 227
17 21 99 263
191 224 226 258
146 219 225 248
74 249 261 266
11 86 98 178
102 184 211 248
36 55 116 166
168 178 190 269
89 225 247 257
15 21 74 191
193 236 257 268
225 228 252 253
10 114 142 211
16 127 258 259
164 256 268 269
170 170 202 238
115 239 261 264
86 112 142 254
143 160 172 187
190 203 204 215
231 268 269 269
195 225 231 245
14 47 97 157
238 249 252 253
9 103 156 236
52 147 159 228
191 240 249 258
76 241 245 252
71 173 175 207
50 52 198 215
47 140 235 256
90 174 245 265
2 137 182 229
138 146 203 242
157 246 252 264
52 84 157 226
26 235 243 250
99 227 231 263
123 140 163 228
74 212 219 250
157 202 217 246
11 118 236 246
155 175 185 242
30 166 170 263
98 186 221 232
9 83 172 180
122 234 243 269
117 261 262 267
198 231 235 247
143 238 246 249
25 206 221 248
95 205 209 248
54 247 253 253
37 149 172 188
141 154 202 262
71 139 179 205
178 256 259 265
168 180 222 229
35 191 243 243
71 97 99 220
192 268 269 269
52 91 107 134
26 42 117 227
54 107 147 235
188 189 219 229
14 94 162 208
186 240 244 263
60 204 220 267
136 227 242 257
87 120 178 234
66 128 143 163
76 157 223 233
63 86 115 211
117 139 216 259
34 196 225 242
9 45 217 248
136 146 219 239
65 100 188 206
137 180 262 268
140 176 189 259
76 242 252 264
107 154 228 262
34 158 232 247
12 182 250 266
111 251 252 265
39 82 148 159
79 93 148 161
84 220 222 238
20 51 70 146
168 236 266 268
18 42 109 242
61 122 132 209
132 263 265 267
111 208 230 265
115 189 197 258
29 36 119 125
73 155 251 264
6 53 219 237
86 145 216 265
70 104 174 177
102 177 191 225
59 98 103 224
76 119 187 219
26 187 235 238
85 120 202 216
31 172 186 269
36 178 232 243
40 224 242 247
265 267 268 269
8 221 229 241
26 225 235 253
8 119 141 259
96 155 245 249
57 243 254 267
211 252 260 267
144 208 214 259
74 112 113 123
18 236 241 258
49 132 171 203
47 134 166 229
67 158 171 259
81 264 268 269
182 238 249 251
63 266 267 268
80 89 167 264
34 152 181 237
134 210 265 267
71 117 177 256
241 241 245 246
43 133 142 217
23 244 248 252
84 258 261 263
194 260 262 265
53 54 242 269
6 259 267 268
183 245 253 263
83 115 229 233
78 95 234 263
96 197 214 251
74 204 226 264
109 201 249 267
235 248 255 266
131 236 242 246
31 215 229 244
30 110 147 213
97 119 158 231
188 193 200 224
16 39 98 137
25 127 245 256
236 251 260 265
105 140 153 178
7 69 128 263
27 92 132 190
37 66 142 163
34 208 251 257
240 262 263 265
229 261 262 266
31 233 245 245
211 235 237 259
18 224 267 268
209 234 238 243
43 197 234 243
120 133 193 238
66 210 211 226
34 186 192 217
102 145 231 239
219 252 260 263
36 263 266 269
38 54 146 154
41 88 131 178
87 184 209 239
47 215 233 250
215 215 229 266
117 195 200 237
205 207 234 264
36 172 232 250
118 129 141 246
103 108 169 182
48 196 215 232
42 228 249 256
145 190 215 216
67 244 257 261
14 124 130 229
138 140 195 246
106 219 236 253
23 75 119 145
43 248 255 264
205 222 244 250
193 220 231 259
38 251 256 259
14 103 117 236
133 221 248 254
142 158 215 250
86 235 254 269
108 252 255 265
171 225 227 256
44 130 193 207
44 48 223 248
53 166 180 248
145 172 175 210
127 217 230 237
193 227 245 260
74 226 229 252
41 178 246 260
263 265 269 269
250 268 269 269
40 174 253 259
192 268 269 269
157 192 247 261
16 178 202 241
188 221 239 244
44 205 249 253
67 187 233 267
24 149 232 242
11 212 224 265
190 195 218 235
23 114 132 177
84 103 133 239
7 61 195 215
153 266 268 269
105 212 235 248
103 220 241 242
79 203 231 256
5 40 123 170
130 212 231 259
165 217 241 256
44 102 202 241
133 258 264 267
117 267 268 269
64 89 167 216
32 249 264 266
140 232 247 262
195 259 263 268
37 251 259 268
90 101 225 229
53 123 153 236
56 69 99 220
197 236 241 245
119 246 260 266
108 110 114 150
28 150 172 189
27 53 247 268
63 150 234 242
77 110 117 202
59 61 210 259
85 121 233 234
79 170 182 253
34 180 240 257
149 253 264 266
162 166 210 213
157 191 240 265
127 239 246 247
186 224 226 240
76 210 263 268
45 147 214 223
54 259 266 269
48 148 158 204
19 213 216 222
73 227 262 262
71 134 220 229
4 138 198 246
3 116 195 200
4 101 225 256
105 186 226 234
184 247 262 266
83 198 228 228
43 266 267 268
67 204 215 238
77 244 251 262
30 175 244 249
24 227 251 261
45 262 263 268
131 220 248 262
22 108 171 223
79 139 161 205
99 184 222 263
246 247 258 258
87 150 155 155
109 188 233 249
26 263 264 264
202 254 264 267
47 121 146 263
9 196 211 246
22 226 240 259
16 212 230 236
72 187 200 262
102 181 216 257
26 98 164 263
13 71 155 209
21 21 105 230
49 174 200 249
91 151 209 226
128 264 265 268
155 195 218 220
67 245 250 251
53 91 238 260
133 197 235 269
41 132 188 264
216 243 255 264
163 196 217 264
33 144 150 218
10 157 228 248
162 223 227 228
113 264 266 266
17 181 233 234
118 209 258 260
9 215 235 268
17 143 163 233
202 244 252 268
62 226 239 260
181 200 227 245
76 208 243 262
263 267 268 269
50 119 196 255
52 268 269 269
126 196 242 258
24 146 158 234
45 50 128 207
195 209 229 268
72 216 231 257
95 114 181 247
5 47 69 241
185 260 262 262
199 212 215 239
44 220 231 267
93 142 202 240
105 153 166 258
163 218 219 234
6 73 120 248
87 115 215 242
40 223 236 244
161 206 234 268
87 222 244 267
112 138 206 254
65 107 154 207
25 101 184 198
180 238 250 260
39 123 160 210
106 234 238 261
64 257 262 267
27 139 176 208
50 177 195 250
92 138 153 245
193 262 263 264
47 245 246 250
52 268 269 269
47 140 185 265
60 199 207 235
164 195 196 257
52 185 186 221
19 242 243 244
64 260 261 268
63 133 138 214
102 203 218 259
79 140 194 257
161 222 225 227
86 132 186 228
76 162 181 266
19 101 196 241
86 185 234 260
7 11 70 72
48 74 153 180
105 121 172 234
57 170 181 255
17 100 181 186
226 259 262 265
26 123 140 168
7 167 239 253
143 181 201 205
37 233 260 263
8 107 156 196
69 234 252 257
105 181 190 231
46 223 248 256
44 228 233 253
18 156 246 262
34 241 259 267
91 243 250 258
127 133 153 203
39 238 253 254
100 215 235 268
30 132 178 199
17 78 107 135
85 154 180 209
186 235 243 259
132 173 191 258
75 125 141 212
106 137 144 157
49 57 92 258
179 219 249 260
60 260 263 269
80 265 266 267
95 182 207 253
142 247 257 268
210 240 246 256
35 55 64 209
176 209 247 257
71 102 213 216
135 138 141 259
89 92 124 191
34 146 199 226
7 121 124 154
110 246 258 266
86 157 201 213
224 263 266 269
144 148 218 240
7 259 265 268
56 187 245 255
19 179 234 249
148 243 250 257
98 144 194 237
14 95 148 222
110 230 247 247
69 248 251 261
85 87 260 266
217 266 268 269
224 233 235 246
30 232 240 251
82 83 226 244
2 3 18 209
73 150 179 246
67 233 243 260
97 103 125 250
59 215 237 268
159 208 224 231
109 257 258 264
89 177 199 261
63 105 141 211
118 264 265 266
119 203 206 246
25 192 202 220
185 263 265 265
46 239 250 260
229 230 234 264
40 185 218 263
74 149 193 241
141 256 261 262
