1527 1902
828 1486
116 781
761 1486
1017 1388
859 940
1267 1302
1161 1257
371 704
248 420
201 1299
300 701
768 1146
121 1399
474 1092
779 924
1403 1482
232 1206
264 1158
559 1276
483 1195
141 612
712 1186
1087 1229
607 1304
1457 1505
504 1295
6 1176
206 736
93 369
151 727
511 759
821 1118
538 1143
2 478
22 906
165 1069
181 308
519 1093
102 576
61 1253
477 1440
59 603
1149 1354
1027 1508
51 1416
88 560
479 881
664 680
669 1480
464 1321
59 1110
114 925
750 1458
678 1517
852 1242
928 1424
35 218
496 551
890 1240
529 639
1374 1436
635 1240
811 1440
88 1188
1216 1340
85 679
435 933
662 836
1297 1386
540 1363
353 1474
501 840
314 436
833 959
1317 1463
206 1111
948 1075
148 826
1067 1148
278 1425
534 903
673 901
1234 1319
229 577
467 706
214 893
535 824
522 920
561 1025
151 733
385 1374
300 322
251 255
276 449
853 1465
169 1059
365 655
10 261
55 396
761 1442
431 753
952 1314
757 1312
153 384
87 1013
1063 1471
184 276
1100 1351
376 694
880 1386
239 275
517 519
42 1497
543 1197
1320 1473
345 713
1056 1242
243 646
1084 1424
151 636
66 879
189 244
263 944
437 443
489 1370
451 1386
278 735
480 1204
648 1253
357 1451
948 1342
368 707
963 1360
315 899
153 1423
149 514
859 922
150 174
676 1476
244 1166
425 900
492 1118
582 989
292 394
743 1029
721 1210
39 957
361 1151
729 1247
950 1376
162 997
331 1237
545 750
559 728
762 886
444 707
62 234
626 1477
269 774
234 454
509 1017
294 1284
286 599
68 555
364 736
924 1511
512 780
454 849
21 420
340 375
442 985
418 915
91 680
538 1506
189 275
1175 1202
597 638
1101 1139
630 1152
1418 1498
216 403
66 1121
609 884
56 421
70 1305
587 862
165 996
133 943
1117 1388
902 1290
439 1319
759 815
773 839
288 1071
665 1486
737 932
293 407
1000 1515
183 1106
244 810
34 671
109 523
2 1323
605 1230
350 1335
937 1170
524 1149
822 1231
864 1034
742 821
868 1391
122 1498
104 1038
658 1288
417 424
476 1278
906 986
1357 1405
56 1166
977 1034
303 1007
406 1074
510 913
314 1362
958 1425
795 1220
254 610
64 224
123 936
696 1112
379 467
219 1088
633 1297
1297 1318
669 1067
657 705
56 669
295 742
1475 1516
292 434
343 926
132 1498
297 707
29 1142
879 1313
725 1122
839 1266
597 776
134 675
63 292
827 1517
679 774
265 294
635 689
15 1271
793 1459
998 1490
121 1289
181 977
255 327
381 1366
243 1322
572 1409
952 1153
627 833
41 120
334 522
778 842
448 1468
325 996
817 1412
347 596
149 381
488 829
1073 1121
847 1136
169 1153
500 1163
938 992
720 970
645 816
573 779
592 948
589 734
713 1321
57 721
59 1065
215 251
69 294
949 957
232 468
289 702
397 1431
617 760
1054 1316
853 1249
804 1301
847 1490
47 1353
392 1354
351 975
301 481
398 1375
226 1226
237 496
40 825
22 1026
1179 1234
324 761
569 1326
321 1079
442 988
957 1353
128 888
15 181
673 992
318 337
106 1204
1142 1235
317 490
468 514
478 1087
125 1081
886 1085
300 1081
142 1404
533 808
128 1200
264 954
29 1353
838 916
407 546
86 825
920 1450
1137 1505
1200 1516
51 1145
522 1483
177 531
492 1452
635 1064
564 1405
1261 1279
1212 1300
482 716
66 283
501 661
1171 1331
478 1019
500 925
881 1193
422 1304
1282 1291
1092 1147
691 1279
165 1503
1131 1193
130 1500
148 950
845 1092
332 1146
734 1377
30 1449
663 1082
993 1401
923 934
132 1040
270 326
152 367
1030 1384
1065 1409
1170 1422
1249 1289
90 117
618 1075
49 447
330 903
128 943
334 1521
173 663
224 609
614 1405
143 562
658 1084
1421 1472
441 644
326 568
501 548
599 1281
215 287
875 1224
768 901
725 1178
1034 1165
722 1520
121 512
323 722
334 1435
920 1313
808 813
466 638
800 1199
1119 1188
302 445
290 1493
302 943
763 1146
828 1463
1249 1426
833 1487
792 977
344 1110
392 938
126 1199
406 1056
127 477
276 390
498 1025
147 372
1275 1477
399 1236
592 1061
301 1524
941 1281
409 728
777 901
2 514
488 719
31 709
193 514
1172 1329
192 555
324 1196
643 773
223 1010
371 394
388 588
79 817
177 1109
747 976
79 617
369 1381
807 1084
134 1369
493 1400
1034 1041
544 792
835 1341
118 492
487 1450
691 776
628 1441
78 244
595 799
421 1090
712 1395
87 168
245 1169
429 919
419 1050
948 1283
1078 1358
395 1384
643 978
893 1283
1220 1326
193 1251
59 550
572 1317
93 1085
648 1398
267 1337
1417 1433
364 805
245 306
1 1373
555 1364
363 988
936 1128
302 731
911 1249
829 988
959 1427
1036 1378
404 1468
317 1104
115 1034
62 1522
880 1172
105 1398
145 1149
651 1028
214 1246
237 1407
1110 1445
23 1313
282 753
539 1060
1007 1281
75 697
605 872
353 822
16 108
787 1301
672 827
297 1412
713 1147
454 479
403 1105
550 1286
1062 1336
52 1114
46 696
619 1463
160 467
285 910
581 812
134 1134
918 1420
407 1009
171 1016
368 576
145 1165
697 1201
11 312
455 732
373 1096
344 965
155 988
101 1475
315 715
555 1297
1107 1198
1376 1477
1091 1097
105 869
1458 1505
70 635
609 736
3 607
974 1221
1258 1471
795 1043
189 1168
608 740
1020 1085
189 1138
374 432
458 950
123 1159
22 474
633 1321
221 1342
238 1458
56 213
133 336
527 1192
729 1326
62 621
667 1126
148 270
426 547
365 987
614 1019
394 896
27 793
807 1094
958 1101
89 1037
583 1195
754 889
465 1108
1028 1035
73 1019
200 1271
510 1032
273 932
631 662
115 1114
203 274
115 187
5 505
324 1505
170 367
365 430
749 1514
612 1507
762 1232
861 900
309 1203
967 1373
2 923
454 997
916 1367
1266 1292
817 855
237 1494
398 755
26 377
227 949
27 168
293 323
490 555
1377 1478
1512 1513
561 1162
59 396
475 1450
100 1474
355 990
477 1137
316 1062
620 1309
1331 1344
391 638
398 1112
580 979
105 626
275 1314
827 1471
48 256
37 934
348 549
500 922
688 1251
801 1252
89 267
710 756
609 887
950 1220
597 735
529 1348
856 1433
544 1357
230 1212
214 769
279 299
675 1054
640 1060
493 794
492 1272
949 1020
409 686
523 910
972 1089
63 1494
1128 1233
965 1291
585 1357
934 1455
394 500
1262 1332
1072 1399
775 1153
583 1295
820 1306
433 1195
818 1009
87 1129
620 1356
87 1198
196 831
1394 1479
470 672
55 374
243 613
127 765
301 565
478 1516
479 1401
800 1029
794 988
31 326
226 570
1217 1361
170 1036
777 1323
198 892
156 331
694 1024
438 1072
423 949
243 887
1390 1526
150 1467
990 1297
390 969
166 1403
616 1352
508 949
39 381
531 1469
291 1461
144 557
1101 1423
254 1181
442 694
282 1357
996 1299
299 997
340 845
433 1479
512 1171
572 899
316 1171
320 551
283 912
152 307
425 824
38 603
486 544
690 1166
65 967
128 502
573 1272
801 1140
839 1115
334 810
726 1005
337 1441
270 719
58 1496
574 1211
327 517
1001 1120
702 1496
1320 1420
249 1304
27 984
145 631
592 951
23 1322
271 1169
360 981
409 1525
313 693
708 1515
241 711
241 349
908 1481
631 829
399 619
19 564
720 1029
268 368
54 1142
177 1437
340 360
316 559
653 683
991 1427
1175 1226
550 709
103 640
863 1228
790 1489
832 1471
310 722
277 1414
307 648
291 1035
183 1342
854 1201
403 907
371 724
530 1227
851 1097
562 1507
295 679
529 667
416 791
746 1004
478 935
831 1184
285 551
463 1480
148 192
225 643
1325 1511
682 1425
75 697
218 1360
81 1399
1049 1188
580 983
502 559
654 1076
742 1292
395 588
953 1360
32 1312
718 1152
363 634
1359 1498
165 1458
141 1417
1156 1437
588 915
1175 1237
93 168
1076 1471
11 1005
57 441
570 1177
320 1081
1119 1469
530 1265
1142 1490
258 527
24 1416
505 1212
354 456
224 1405
146 1213
578 1080
49 1004
911 1491
300 587
297 907
1109 1417
247 400
108 294
484 1420
532 1311
34 299
667 1220
180 1031
699 1384
191 630
366 1182
1100 1324
684 709
472 1276
196 1238
4 1503
21 788
1270 1470
188 1105
46 1116
1229 1294
693 1171
215 334
185 1225
37 1518
242 484
634 1117
764 802
1054 1349
340 1070
947 1007
37 915
74 564
57 221
132 335
535 1374
30 981
86 456
628 1234
581 1051
547 1039
718 929
573 635
91 1137
1079 1140
382 620
452 1503
742 1069
567 1493
635 710
788 1287
286 682
193 628
232 762
1348 1479
384 1316
354 734
752 1313
404 1161
178 1197
163 674
82 1108
865 1382
446 664
916 1389
480 541
303 630
255 1065
304 1103
52 1398
270 816
653 1197
88 632
371 1286
67 856
1185 1352
493 928
829 1325
196 1011
126 653
440 630
541 1367
1090 1347
684 995
94 1019
535 1454
841 1392
1179 1436
129 736
921 1206
1007 1258
311 1051
172 1427
736 1498
610 1036
218 1210
654 906
447 782
125 1095
777 881
1101 1200
1255 1320
827 1284
55 687
430 1298
1181 1314
537 618
291 607
102 385
456 573
1027 1484
809 1280
56 864
100 1439
900 1392
128 983
433 451
527 1092
67 115
481 1315
352 1165
70 214
663 679
1138 1268
238 1328
133 705
406 753
65 1281
653 1002
644 1346
1037 1382
255 962
12 954
1377 1423
302 749
337 1283
1139 1202
911 989
341 834
511 1036
858 1010
953 1158
977 1444
607 1512
436 1183
587 842
122 686
523 707
190 808
757 1277
69 286
623 1498
1111 1410
457 1135
692 1110
138 778
213 1119
110 495
827 1284
149 660
1064 1247
625 803
91 667
184 346
23 204
659 1454
165 294
592 1101
1368 1467
602 1501
240 1226
306 1189
74 1298
118 1104
280 840
447 699
641 1075
250 502
925 1464
144 739
261 558
972 1281
53 607
17 411
257 1058
392 801
622 864
822 864
769 1490
841 1468
42 313
745 1264
526 1424
212 627
363 1223
305 1100
782 1088
126 771
788 1322
146 714
416 1327
661 1526
438 811
186 468
730 1203
45 1492
588 753
618 1067
520 1228
251 341
738 900
119 716
322 1144
761 1506
549 762
344 585
1110 1272
526 1446
943 1000
503 1232
822 1274
1267 1387
243 739
475 1273
72 1238
1068 1430
64 1266
931 1246
388 1226
175 1260
355 1449
306 574
197 1199
889 1167
307 865
143 1127
115 664
971 1354
651 711
665 678
280 1176
143 753
324 1317
957 1256
134 1468
604 1105
986 1391
100 1266
697 1137
748 1046
480 1088
476 508
509 785
404 1140
85 845
366 1451
1122 1184
890 1280
402 542
93 483
101 397
663 938
350 1435
404 1373
273 726
642 787
177 567
333 1021
52 1462
126 1525
798 1062
40 1223
679 971
155 266
547 971
504 1392
278 905
1145 1435
907 921
327 1248
854 1490
16 326
1473 1487
799 1022
10 402
911 1357
93 1341
210 725
334 548
177 450
481 713
975 1117
135 527
1088 1357
584 1162
1216 1413
55 1262
482 1503
221 642
482 817
1057 1438
1222 1245
235 1395
323 625
493 525
712 999
310 400
354 1003
1324 1521
266 877
1168 1456
160 1330
454 1407
620 1489
361 679
1129 1373
168 777
293 824
683 941
35 61
766 1045
126 1151
211 1244
1003 1249
122 1195
215 545
1405 1451
495 1179
552 673
1109 1470
634 1399
563 1083
840 1259
259 880
405 710
496 1338
246 1120
286 632
308 804
1096 1265
427 1340
1146 1467
419 437
105 1267
1084 1489
966 1330
858 862
1155 1476
564 1407
27 496
271 796
130 621
464 1156
567 611
255 953
900 1197
264 1266
684 943
634 895
400 824
804 965
534 627
854 1170
551 1058
445 863
974 1084
702 778
668 1338
26 794
738 1161
315 1477
74 229
99 260
398 1101
1375 1488
331 1333
108 856
18 702
161 1487
873 1433
1324 1478
997 1048
297 1510
818 1370
802 1084
790 1407
1220 1360
829 1209
427 1514
691 856
1091 1314
1037 1355
44 1424
297 1312
278 645
497 1294
363 928
105 697
209 936
252 1082
363 562
847 1145
1013 1072
135 1184
771 1066
388 977
311 1040
487 934
272 771
534 741
741 1245
608 680
924 1297
98 1222
864 1185
1074 1160
1116 1369
11 154
295 1162
266 1438
489 584
218 238
326 410
375 1376
503 1411
101 223
128 1141
115 654
555 1048
1149 1428
712 1134
328 1383
482 1050
217 1525
175 289
1058 1411
37 415
445 1504
464 1343
1020 1232
29 552
995 1287
589 1256
814 979
188 1017
355 1406
708 1069
730 1416
1121 1275
292 516
819 1108
54 742
647 1251
228 707
1362 1490
320 880
589 644
260 754
804 1240
631 1420
657 1119
266 1204
187 1167
652 785
394 1523
435 1409
1284 1388
1293 1389
743 952
910 976
967 1456
64 1089
1116 1479
12 727
834 1048
599 759
185 384
444 664
396 721
381 743
202 248
22 296
104 909
391 1339
207 395
35 1270
693 1015
490 1106
717 1268
974 1003
88 1112
1279 1409
68 971
100 177
33 1212
404 1193
921 1167
214 1103
372 1012
1030 1467
268 472
441 1509
324 533
236 889
63 1148
529 1144
63 1439
1144 1472
192 1056
458 979
83 557
473 930
541 893
890 1181
192 638
158 603
320 578
487 741
448 575
58 241
531 1395
14 1479
569 1363
321 517
105 110
67 368
482 576
572 1111
624 739
771 1399
928 1330
932 1019
448 1488
219 671
631 863
964 1199
575 1171
817 1339
236 550
235 541
580 632
1021 1310
698 1375
589 688
186 1128
31 1137
492 701
108 336
178 1048
858 933
831 1427
331 937
70 738
292 466
637 1519
220 480
303 1510
583 891
26 848
789 908
252 1425
419 438
130 688
1009 1443
101 492
542 1137
626 769
1266 1499
206 1255
63 649
4 418
118 1044
812 1134
122 466
302 1111
529 1227
201 281
287 1394
37 752
530 850
646 1160
883 1264
880 890
655 1112
279 769
129 1168
538 627
861 1261
100 1272
276 1140
565 787
59 1247
232 1102
66 637
382 1134
233 1472
716 771
39 1349
369 802
850 981
310 437
22 929
228 1438
1232 1309
597 1099
1171 1303
54 746
341 847
714 1319
744 1456
1076 1466
543 1051
795 1145
587 1275
254 1213
1067 1511
417 946
368 1129
173 791
168 1062
1253 1321
593 896
248 1269
1038 1237
350 676
592 1450
321 1018
158 219
381 883
724 726
145 1287
496 1239
1197 1418
520 679
1167 1237
165 358
160 529
501 1313
137 242
1167 1276
474 1182
53 211
1260 1393
988 1098
617 1156
314 1188
419 572
188 1045
352 927
183 1454
331 1476
289 1050
339 971
286 1518
1393 1435
656 785
334 590
723 1151
262 1470
278 517
421 1088
1266 1388
688 969
153 1313
901 1489
153 1512
1280 1282
215 1295
194 290
1225 1340
599 1215
493 746
726 1504
1114 1351
369 670
946 1315
1056 1191
545 1322
86 1322
375 651
770 1049
212 765
250 895
560 1338
263 965
776 1379
350 718
124 195
861 880
160 1154
1240 1341
346 752
785 1495
904 970
36 1389
86 1503
174 693
828 1348
872 1298
267 431
800 1525
1142 1517
664 904
770 1377
171 282
763 1411
1262 1287
71 615
345 1244 1348 1438
117 1150 1384 1527
97 779 1007 1084
690 1163 1327 1396
319 1511 1518 1527
149 694 926 989
1369 1482 1484 1510
20 649 948 1388
201 1290 1334 1339
3 631 800 816
397 1453 1456 1462
319 1324 1424 1458
261 1068 1205 1490
180 1066 1101 1305
613 965 1017 1384
1397 1432 1447 1493
538 1236 1308 1413
952 1086 1171 1406
162 817 1330 1349
783 1429 1509 1512
94 1151 1331 1346
393 743 1231 1515
669 1283 1297 1403
225 1257 1323 1434
805 1303 1398 1525
144 300 376 1420
1146 1342 1397 1399
108 711 970 1520
557 727 935 1364
114 1515 1516 1519
253 605 1286 1354
263 1429 1463 1497
774 1326 1465 1514
90 280 881 1262
142 1274 1282 1416
88 212 877 1079
845 866 1060 1444
343 1294 1337 1526
256 669 951 1452
318 748 955 1519
16 1222 1349 1524
657 1440 1457 1517
60 330 520 606
1171 1449 1459 1470
658 1203 1444 1461
871 1424 1490 1492
293 1095 1197 1509
930 992 1189 1385
543 1177 1189 1380
541 1075 1229 1315
228 647 823 1440
213 1518 1519 1524
125 1262 1408 1515
349 1430 1479 1507
1181 1486 1491 1518
562 872 885 1147
468 811 812 1344
806 1513 1517 1526
495 1499 1501 1507
287 728 961 1479
151 1381 1405 1480
399 435 481 522
450 1081 1180 1358
1101 1198 1232 1271
713 1438 1440 1511
775 1187 1391 1455
149 1351 1391 1400
304 1349 1472 1511
184 689 1137 1145
745 1112 1216 1478
697 1172 1182 1451
44 353 824 1180
121 1469 1503 1525
437 506 656 659
771 1221 1264 1336
1167 1220 1383 1392
1255 1406 1439 1525
701 1343 1406 1413
247 658 756 1169
1059 1213 1287 1495
992 1259 1323 1465
358 908 1112 1410
409 1245 1293 1394
335 427 1054 1225
142 1511 1523 1525
769 1039 1171 1287
301 333 757 927
232 1490 1508 1509
100 1059 1266 1498
741 1329 1393 1494
748 917 941 1219
427 459 745 958
791 1160 1308 1418
510 1414 1508 1517
126 556 696 1132
945 1173 1255 1375
294 1397 1417 1429
618 940 1281 1503
852 982 1054 1321
280 1150 1362 1447
627 1143 1323 1392
254 817 1095 1355
309 494 609 1136
99 231 667 1491
435 573 580 1051
363 1114 1215 1416
1248 1377 1388 1390
1169 1332 1361 1435
138 1153 1444 1462
1187 1330 1415 1483
549 715 1404 1504
704 1357 1361 1429
884 1004 1030 1208
104 1359 1392 1512
1 1040 1262 1511
330 568 597 1023
598 1018 1356 1439
690 1156 1214 1225
418 686 1098 1147
1104 1325 1459 1474
374 711 1324 1349
34 69 130 890
655 935 971 1133
934 1182 1287 1366
249 1401 1404 1409
758 1135 1466 1510
915 933 1218 1288
397 887 1399 1506
1060 1345 1373 1460
143 1085 1113 1235
527 1225 1339 1407
898 937 1295 1337
658 1354 1385 1444
180 1514 1517 1520
512 962 1019 1205
277 812 845 1042
195 980 1219 1375
482 1016 1163 1441
714 1409 1474 1500
1449 1467 1492 1497
292 460 567 787
505 924 1158 1445
727 1272 1369 1488
665 750 941 1046
119 394 639 1504
96 1366 1414 1456
22 1199 1273 1429
512 1249 1252 1254
1037 1308 1419 1444
8 1181 1286 1310
327 610 838 1107
533 947 1439 1497
528 1063 1163 1318
263 1032 1127 1147
216 918 1312 1347
936 947 948 1460
38 362 912 1489
341 525 568 682
352 615 907 1360
725 1261 1306 1369
358 675 983 1193
1121 1362 1421 1501
692 1373 1428 1436
624 1025 1136 1319
177 1250 1375 1524
177 632 754 1493
627 944 1459 1473
595 709 1420 1471
899 1479 1522 1526
334 691 1014 1271
91 1139 1239 1496
743 885 1446 1503
1028 1256 1336 1462
878 1376 1393 1425
1235 1348 1353 1404
230 608 631 1481
480 1293 1355 1444
660 1509 1510 1522
406 1192 1293 1333
339 1013 1071 1392
60 896 1092 1118
547 1275 1366 1395
726 1388 1472 1504
570 786 877 1179
142 1291 1321 1486
4 69 200 1226
240 1312 1399 1469
917 1342 1428 1441
1040 1236 1312 1326
1052 1073 1292 1371
468 550 1250 1518
360 1425 1461 1477
992 1121 1217 1331
103 553 723 1497
149 760 859 988
221 1481 1499 1506
756 1436 1445 1516
1109 1494 1507 1527
376 1443 1489 1492
377 1044 1218 1249
717 833 1001 1231
615 1480 1512 1517
516 839 959 1004
1113 1204 1418 1524
836 1228 1267 1338
165 295 805 1455
112 1446 1461 1490
630 1468 1509 1514
480 618 751 1381
959 1119 1440 1444
885 996 1351 1419
48 806 1127 1425
638 1238 1258 1447
1162 1520 1522 1526
130 1337 1338 1458
96 808 916 1381
483 506 1029 1428
519 1301 1340 1463
396 540 590 1159
402 1140 1144 1393
309 959 992 1519
239 966 995 1025
160 441 650 1508
775 1266 1369 1474
1079 1318 1371 1506
997 1204 1316 1461
409 746 1181 1487
1171 1516 1520 1523
128 1226 1476 1490
186 1168 1191 1198
222 667 672 832
58 1252 1430 1434
530 1036 1480 1507
572 1446 1488 1517
1005 1098 1190 1427
56 134 893 987
37 1427 1450 1467
605 1446 1485 1525
556 1359 1384 1458
152 932 1143 1153
478 752 1283 1391
251 810 1259 1383
110 527 985 1466
59 1337 1362 1484
829 929 1127 1265
582 1206 1327 1380
733 1174 1262 1357
1007 1347 1390 1512
91 1332 1369 1423
836 1468 1480 1510
91 777 898 1089
562 639 1436 1525
305 778 1157 1262
75 867 1200 1437
375 1069 1110 1404
251 1493 1506 1517
1131 1167 1377 1420
346 900 1132 1394
170 566 747 976
824 1355 1460 1525
33 638 773 927
710 1386 1400 1415
655 833 981 1403
318 1315 1350 1355
548 1443 1516 1517
341 1173 1347 1400
943 1473 1483 1517
1099 1223 1235 1386
959 1522 1526 1527
322 1458 1481 1511
794 1217 1411 1503
784 1209 1229 1317
62 1402 1499 1513
246 315 480 1514
663 1478 1500 1502
246 471 1025 1265
546 1083 1343 1392
75 455 662 1392
597 1060 1476 1496
210 1401 1411 1477
737 980 986 1310
1102 1201 1281 1443
200 1432 1480 1501
164 1135 1345 1423
130 1274 1315 1403
172 1112 1140 1503
520 859 1007 1146
546 1216 1226 1292
603 901 958 1380
889 1494 1501 1524
797 1264 1309 1401
181 992 1009 1271
1034 1223 1402 1520
1129 1272 1275 1294
1323 1470 1502 1505
670 789 1169 1495
283 1443 1448 1464
270 1092 1094 1097
231 1418 1446 1480
756 1049 1181 1331
890 1366 1425 1527
484 1354 1393 1482
108 523 908 1373
632 1508 1509 1511
697 1120 1179 1330
252 761 1409 1481
525 1130 1283 1520
901 1491 1501 1517
894 1006 1154 1276
1220 1312 1381 1477
1010 1069 1208 1277
325 847 905 946
1024 1272 1346 1381
885 1509 1517 1527
916 1385 1410 1507
366 1191 1249 1465
433 522 552 1342
696 931 995 1264
1085 1248 1288 1463
94 341 1294 1358
390 663 813 927
45 1146 1335 1407
137 739 1085 1375
1295 1515 1527 1527
757 956 1421 1516
723 1461 1485 1494
723 1490 1498 1521
136 465 1445 1455
744 1384 1507 1515
122 422 541 825
349 407 556 1099
142 1445 1459 1527
224 646 777 1475
1162 1174 1359 1414
593 1152 1167 1449
522 1461 1463 1506
242 499 924 1068
273 734 1273 1331
268 764 773 1450
1339 1425 1442 1475
729 1489 1505 1507
26 1047 1200 1378
670 1372 1455 1522
173 760 1104 1494
1386 1496 1509 1524
661 1144 1408 1416
750 974 1156 1416
157 1148 1183 1252
1026 1140 1293 1500
166 970 1081 1280
414 1449 1467 1517
605 1492 1517 1520
137 782 916 1395
155 653 789 1253
133 1299 1423 1428
202 555 957 1123
1127 1155 1244 1471
655 1508 1515 1518
1316 1472 1489 1490
1087 1139 1277 1287
710 1492 1496 1501
959 1116 1407 1423
276 808 1257 1391
936 1385 1426 1485
607 1008 1080 1087
1069 1285 1387 1519
928 1242 1424 1514
1012 1321 1322 1425
749 1277 1350 1384
67 662 869 1018
405 1345 1351 1480
455 898 1129 1418
106 1382 1460 1475
511 1381 1412 1468
240 409 1089 1410
499 901 1105 1444
1465 1476 1482 1497
607 1017 1138 1266
399 665 750 797
548 1292 1323 1400
1271 1360 1392 1436
425 921 936 1012
1003 1207 1263 1473
616 1335 1436 1481
104 1286 1313 1353
708 1036 1161 1492
818 1338 1424 1448
798 1437 1445 1469
328 943 1092 1222
418 1233 1451 1525
464 1514 1519 1524
910 1095 1345 1377
65 755 1450 1460
212 914 1064 1164
371 974 1001 1226
128 919 944 1104
1414 1420 1466 1527
856 1396 1403 1464
377 1434 1448 1495
580 1525 1526 1527
1 822 1105 1506
469 1487 1493 1513
290 764 859 989
236 823 882 942
965 1007 1228 1493
700 915 1198 1215
653 703 868 1441
876 941 1439 1527
385 741 881 1128
712 1473 1527 1527
452 489 490 932
1419 1430 1454 1483
1105 1508 1513 1520
49 981 1397 1502
326 436 680 1183
37 763 997 1291
789 1281 1419 1525
371 494 849 1223
153 190 997 1286
699 1224 1246 1265
136 776 1274 1380
460 1211 1274 1527
327 607 786 1068
1083 1216 1429 1470
351 624 675 696
687 721 880 1298
855 1212 1341 1358
85 831 839 1066
448 1242 1262 1477
502 602 755 1149
102 978 1360 1396
436 588 773 808
572 824 863 991
764 1212 1393 1465
256 439 846 1427
150 1102 1191 1511
786 797 1047 1239
455 1204 1241 1299
55 532 603 948
43 992 1444 1469
411 1237 1290 1368
199 1024 1070 1448
466 583 855 1429
522 1479 1500 1502
142 1048 1051 1462
1167 1293 1309 1493
426 628 758 1489
108 725 821 1482
1030 1290 1328 1490
365 1502 1516 1522
480 943 1315 1383
281 487 1137 1522
1012 1208 1344 1497
688 1419 1479 1500
523 977 1156 1250
572 1217 1261 1496
16 1159 1458 1478
556 645 663 849
611 1496 1500 1502
1064 1126 1338 1356
152 186 1272 1319
136 668 1182 1435
37 461 611 1121
32 1381 1495 1520
533 821 1279 1293
422 1048 1260 1365
702 983 1055 1105
146 318 617 1521
966 1310 1403 1465
112 181 317 970
215 1340 1502 1527
985 1150 1412 1448
1321 1409 1454 1511
440 706 741 1251
870 1230 1368 1432
898 1331 1372 1439
482 783 1308 1512
143 709 715 1322
118 415 562 648
1344 1442 1506 1510
349 1061 1241 1413
633 1232 1251 1481
251 808 842 1216
820 1070 1102 1424
43 1210 1274 1348
286 1337 1345 1376
205 1094 1228 1480
4 614 1135 1341
398 525 775 1408
35 37 1209 1398
394 1177 1216 1283
82 140 296 676
342 1183 1226 1233
687 984 1037 1392
139 1227 1361 1387
645 1439 1471 1527
1396 1450 1459 1527
284 1062 1187 1205
753 1313 1424 1483
1214 1256 1343 1526
343 1499 1516 1519
508 1486 1509 1517
557 990 1348 1503
1199 1521 1522 1523
981 1037 1239 1498
139 843 923 1145
224 1466 1507 1515
978 1142 1227 1429
76 1178 1262 1524
776 842 1037 1410
643 1343 1414 1436
785 813 1092 1412
129 1238 1382 1460
369 370 998 1191
649 836 853 1202
134 517 1076 1307
341 900 940 1162
610 1008 1059 1077
464 1072 1074 1212
734 890 1448 1457
244 1052 1175 1314
240 1238 1469 1506
198 1035 1111 1291
1031 1279 1305 1430
440 1220 1335 1368
456 1120 1146 1366
92 955 1060 1497
236 1350 1358 1493
1255 1461 1507 1520
390 499 813 1051
39 948 1485 1492
1144 1498 1512 1520
229 875 1221 1396
577 689 795 1168
503 1409 1511 1520
375 1242 1359 1392
178 974 1100 1202
1287 1525 1527 1527
39 1523 1525 1527
786 1069 1139 1181
144 1426 1485 1511
164 542 583 726
553 764 989 1205
534 1480 1487 1524
578 837 862 1033
921 1428 1447 1509
164 717 1011 1050
371 1200 1305 1306
1083 1312 1325 1518
1475 1505 1507 1508
1363 1386 1403 1447
921 1480 1498 1519
856 1313 1329 1469
730 983 1341 1515
889 1041 1265 1354
441 1275 1488 1527
443 1370 1393 1448
1009 1078 1081 1484
504 1228 1245 1381
386 731 820 962
440 476 477 1167
246 340 691 1150
973 1230 1293 1325
1366 1429 1446 1480
188 1137 1198 1271
681 1022 1136 1353
765 1140 1195 1201
598 845 1232 1340
784 1142 1205 1522
641 999 1043 1473
536 774 1104 1218
734 1437 1474 1506
965 1268 1476 1486
416 521 824 1215
1281 1395 1407 1425
905 1149 1174 1437
1371 1498 1499 1512
661 1313 1341 1465
194 239 293 530
570 1381 1486 1504
651 819 905 1038
32 279 567 849
825 1433 1494 1514
348 1096 1330 1431
1355 1457 1472 1519
104 1230 1396 1465
605 837 876 1428
798 1453 1480 1503
66 1403 1441 1527
822 1497 1508 1519
636 1471 1483 1493
610 1251 1307 1458
691 697 1089 1104
253 518 710 911
763 1011 1066 1319
152 1246 1438 1446
920 1457 1459 1506
1089 1318 1339 1373
911 1010 1258 1365
114 1092 1128 1488
730 977 1018 1511
804 909 1279 1519
306 318 610 794
337 1379 1440 1445
368 539 1310 1337
1206 1452 1477 1507
653 1131 1277 1487
315 651 862 1196
145 477 725 1037
41 1304 1464 1525
294 621 944 1130
730 1485 1494 1510
672 1234 1291 1330
923 1152 1247 1302
1207 1300 1350 1527
516 1055 1082 1322
604 1434 1502 1522
497 1498 1510 1523
423 660 813 941
387 612 1047 1124
959 1378 1438 1489
69 1455 1475 1488
316 754 1258 1432
241 1441 1470 1511
687 746 850 1008
168 1058 1124 1483
487 1444 1459 1517
84 93 420 727
1096 1130 1337 1429
159 703 1067 1378
798 1231 1339 1429
284 1133 1288 1475
543 1281 1350 1520
43 664 992 1220
1127 1524 1525 1527
897 1269 1331 1404
580 714 1209 1281
370 648 942 1405
748 1378 1382 1520
255 1097 1417 1526
133 1464 1489 1519
47 707 769 1400
93 1167 1273 1515
842 1028 1266 1371
643 941 1203 1247
155 1386 1489 1502
685 1315 1363 1442
184 841 857 1399
328 687 1238 1253
401 507 542 1099
261 574 1268 1289
224 970 1463 1499
65 480 1375 1431
814 1443 1513 1525
769 971 992 1097
874 1182 1252 1254
248 664 788 958
892 1382 1497 1506
284 1382 1469 1483
436 445 635 1445
819 1516 1518 1522
166 186 1022 1229
221 330 565 654
106 128 573 1161
531 1277 1450 1475
79 762 834 873
449 1435 1470 1487
22 886 953 1332
972 1004 1192 1505
610 1153 1479 1508
322 1056 1111 1456
1383 1493 1504 1525
904 1266 1293 1450
81 942 1277 1345
553 1031 1050 1377
256 266 427 670
882 1223 1353 1517
37 398 407 1011
74 475 926 1056
474 954 991 1465
763 1234 1330 1400
628 797 962 1115
597 1520 1522 1525
89 391 913 1505
1159 1340 1403 1490
183 1387 1404 1424
871 1172 1296 1321
442 1288 1383 1457
714 793 1296 1344
1367 1517 1523 1525
63 826 935 1414
373 943 1312 1422
11 951 1337 1402
309 343 625 930
1241 1319 1479 1488
970 1097 1207 1379
164 660 967 1362
859 1096 1131 1198
621 1428 1457 1467
931 1252 1270 1411
326 753 777 1515
465 737 1167 1213
393 1191 1256 1382
198 784 850 877
1142 1506 1518 1525
148 158 929 1295
516 1510 1511 1522
722 1269 1425 1491
1075 1214 1238 1337
683 881 1464 1513
1141 1361 1375 1410
967 1475 1510 1510
655 1092 1155 1433
220 660 955 985
1217 1344 1345 1369
838 997 1184 1234
929 1000 1025 1485
573 1260 1405 1440
990 1394 1428 1500
803 1346 1366 1462
504 967 1339 1461
292 1358 1429 1462
176 571 824 1032
6 296 1094 1373
115 1487 1502 1517
479 1273 1345 1411
511 587 713 1439
320 961 1138 1241
89 528 759 800
100 1272 1303 1413
606 1238 1382 1510
1451 1524 1525 1527
899 1049 1187 1243
424 900 1072 1373
601 824 899 1508
169 261 544 1161
313 733 783 957
11 1226 1362 1377
659 756 851 928
224 1397 1490 1521
329 1023 1071 1225
627 1159 1226 1379
606 920 1321 1426
605 1367 1458 1500
1048 1196 1300 1509
703 813 1421 1496
980 1418 1482 1496
890 1231 1392 1397
177 618 629 1267
597 868 1101 1413
572 1399 1417 1477
14 1407 1425 1443
109 1193 1278 1456
726 1481 1510 1515
541 1054 1067 1260
68 657 995 1256
1087 1215 1228 1380
26 431 836 1480
138 800 1492 1527
313 1489 1500 1517
345 1049 1195 1335
810 1501 1512 1523
898 1062 1374 1439
367 908 1020 1306
783 1170 1225 1475
201 322 732 1504
241 1039 1235 1405
752 866 1253 1431
414 1243 1352 1453
90 1044 1254 1275
1329 1441 1469 1498
316 1217 1285 1453
179 233 298 1201
902 919 1182 1388
345 422 807 953
690 1421 1433 1447
528 1053 1474 1522
163 1166 1278 1288
883 1044 1098 1220
506 1013 1259 1324
145 1300 1318 1369
472 662 1168 1222
335 1520 1524 1525
851 946 1169 1429
510 564 671 1022
206 1152 1444 1446
81 158 324 1505
1234 1500 1517 1523
371 657 1115 1348
798 989 990 1008
654 1261 1320 1445
375 1428 1461 1512
1281 1480 1498 1513
464 872 946 1317
546 992 1201 1515
574 937 953 992
1245 1275 1356 1399
220 1116 1219 1492
733 770 985 1079
483 815 1145 1285
34 669 1275 1350
1182 1488 1514 1519
248 1480 1484 1519
20 1172 1404 1428
54 962 1028 1208
8 440 768 1115
89 1270 1372 1503
21 307 940 1223
829 853 1008 1375
1298 1458 1514 1521
111 342 829 1024
883 1256 1296 1483
176 1184 1313 1466
238 501 812 1155
356 1216 1244 1489
426 775 983 1374
857 1277 1454 1459
1086 1408 1424 1517
892 1427 1516 1519
595 1218 1263 1422
267 837 1240 1336
81 392 746 1364
68 1216 1289 1401
833 886 1449 1506
62 237 1169 1439
258 1526 1527 1527
852 1170 1210 1511
149 808 936 966
259 1491 1496 1498
612 990 1140 1319
984 1071 1209 1325
308 767 868 1132
23 1203 1296 1333
259 1253 1424 1427
406 641 876 1057
470 618 1188 1341
1241 1401 1489 1515
570 570 1128 1390
972 1094 1306 1410
992 1404 1451 1487
275 1114 1188 1484
1215 1423 1436 1475
917 1136 1508 1514
661 911 1079 1168
968 1381 1501 1509
145 1331 1405 1424
972 1351 1413 1444
176 1058 1066 1349
321 1366 1389 1406
431 774 1348 1473
45 771 1023 1384
855 895 964 1414
1110 1151 1357 1422
28 519 531 971
344 566 717 900
421 1276 1423 1497
618 888 1094 1465
448 510 859 946
1135 1319 1321 1368
874 935 1281 1401
1283 1494 1498 1506
1257 1342 1416 1443
687 979 1069 1464
737 1074 1263 1322
408 1350 1423 1500
432 747 975 1318
789 870 903 1428
355 1455 1459 1502
362 1010 1178 1418
1303 1329 1492 1514
1308 1463 1473 1527
60 1315 1365 1378
774 793 1087 1501
267 980 1310 1388
1156 1168 1300 1455
551 852 950 1304
895 1468 1518 1525
1138 1240 1303 1353
291 737 1180 1197
1270 1321 1409 1469
325 831 1081 1423
1466 1497 1498 1526
35 476 624 1007
149 1127 1229 1337
265 1163 1327 1505
1109 1427 1469 1518
1126 1489 1493 1504
283 804 1150 1336
1041 1239 1402 1447
387 490 1052 1104
277 1519 1523 1525
416 722 918 1420
896 1087 1315 1359
706 822 878 922
901 929 982 1448
160 421 529 1128
411 556 997 1425
430 827 1045 1080
505 1484 1498 1524
482 887 1119 1413
213 1164 1280 1335
1039 1165 1355 1364
792 1286 1291 1478
32 799 895 1250
1346 1374 1450 1500
360 942 1373 1419
411 1277 1411 1447
349 952 1014 1049
415 1246 1306 1516
842 1196 1213 1412
610 1147 1252 1317
977 1313 1330 1490
1403 1510 1513 1513
193 1228 1355 1431
623 969 1127 1513
770 1216 1219 1494
761 1201 1232 1239
466 803 1333 1339
202 963 1228 1520
347 427 568 971
314 1420 1460 1507
963 1171 1269 1503
378 1385 1420 1519
163 745 1024 1454
469 508 1369 1508
636 696 1153 1376
629 1467 1492 1500
617 738 783 1473
899 1179 1499 1514
437 1425 1435 1515
528 983 1024 1140
72 1360 1417 1509
613 1232 1279 1308
22 1362 1427 1435
48 403 770 820
328 594 693 951
758 935 1182 1261
197 500 954 986
2 1476 1481 1507
397 463 695 931
1352 1508 1515 1519
1165 1354 1360 1500
1120 1241 1430 1480
169 211 703 1101
11 150 783 866
510 1329 1371 1430
729 1129 1338 1511
204 1208 1308 1332
422 1290 1400 1517
206 856 997 1450
832 1229 1385 1522
599 1288 1411 1476
736 1168 1193 1269
101 1121 1264 1282
384 1339 1351 1412
283 454 1205 1407
252 842 862 1300
551 1269 1343 1470
242 781 1143 1239
1470 1526 1527 1527
485 528 1303 1327
490 1048 1280 1505
38 1284 1312 1316
281 1164 1256 1417
217 773 1300 1406
705 1132 1137 1510
144 1311 1342 1464
711 923 1069 1151
887 1393 1429 1440
241 1412 1486 1514
169 841 1200 1291
1174 1191 1253 1418
134 901 1155 1254
759 834 1115 1453
1277 1320 1326 1365
203 882 959 1227
733 1387 1422 1527
199 1205 1259 1286
229 392 1307 1443
386 1429 1434 1513
1088 1424 1431 1519
413 551 1031 1352
126 818 1329 1399
648 1056 1267 1275
928 1008 1174 1453
45 881 1023 1469
1163 1205 1226 1261
273 1128 1139 1222
181 383 585 1087
408 555 646 958
215 295 839 1384
669 1006 1046 1348
140 172 1232 1390
546 1484 1509 1515
689 763 893 1170
340 372 1299 1418
994 1192 1287 1485
75 711 1396 1485
349 867 1135 1194
816 1050 1142 1310
634 1169 1204 1527
145 1506 1527 1527
10 405 584 844
621 1150 1300 1340
1164 1260 1308 1386
710 904 1315 1352
396 618 753 1303
535 538 1347 1520
1162 1173 1252 1468
549 1077 1142 1440
125 599 743 1182
849 1478 1488 1504
28 1030 1074 1181
691 926 1091 1316
977 1370 1471 1519
1398 1490 1509 1517
320 541 1128 1337
139 736 1018 1062
851 1241 1342 1418
300 451 1066 1218
726 756 879 1502
109 134 1348 1473
912 1252 1286 1440
1207 1388 1402 1522
379 493 786 887
88 832 1459 1518
542 736 1167 1290
62 1122 1137 1319
286 1018 1100 1403
591 1155 1281 1485
260 1305 1354 1363
1152 1204 1247 1451
118 215 614 1501
609 1341 1364 1425
462 765 933 1268
566 815 1156 1479
89 1022 1048 1338
508 1074 1379 1465
125 1311 1464 1519
748 960 1111 1160
982 1278 1368 1483
256 507 757 1119
189 321 679 804
29 339 765 989
708 1246 1483 1507
360 698 771 1357
1068 1315 1388 1492
748 894 1247 1269
368 762 826 1420
513 949 1423 1514
397 1088 1372 1471
387 1092 1138 1465
422 683 1004 1185
394 1143 1349 1417
1314 1388 1471 1516
1103 1398 1445 1457
3 837 850 1080
99 998 1286 1472
138 288 961 1257
712 726 979 1521
324 705 1449 1457
23 577 877 1216
738 965 1243 1431
605 708 1227 1386
896 1304 1314 1446
858 1172 1372 1375
781 1248 1257 1472
491 1260 1334 1459
477 769 880 1258
627 811 982 1092
174 1026 1143 1300
643 1138 1142 1285
1128 1445 1446 1479
384 882 1063 1481
388 523 563 930
453 1060 1151 1268
875 992 1284 1520
187 249 926 1341
104 529 1017 1181
281 1116 1241 1474
289 439 761 1078
858 1360 1461 1516
587 1359 1391 1508
24 1221 1264 1266
361 933 1250 1388
1460 1494 1518 1518
702 849 925 1389
256 1423 1439 1482
941 1492 1506 1508
378 819 1285 1488
556 1079 1137 1481
538 1411 1417 1465
1212 1489 1508 1512
1139 1363 1400 1487
1013 1338 1362 1482
97 1022 1336 1382
1096 1135 1231 1414
752 1276 1301 1513
1088 1417 1430 1504
879 1123 1286 1518
19 662 1165 1440
481 938 1133 1340
2 811 1302 1396
269 421 583 681
43 489 517 1213
302 1316 1377 1475
1380 1411 1448 1505
944 1291 1453 1486
406 410 942 1065
560 1125 1340 1474
133 1479 1511 1515
285 401 715 1235
1188 1507 1512 1523
282 616 636 916
540 1212 1248 1354
957 1487 1489 1505
1437 1489 1495 1523
36 698 793 1317
264 288 452 852
354 452 689 1330
769 875 1088 1215
567 826 942 1345
266 457 528 1372
448 1267 1273 1457
809 863 1464 1485
359 1225 1311 1355
182 574 769 1029
982 1225 1288 1457
957 1210 1329 1455
201 488 1276 1408
297 825 1450 1477
54 242 1099 1518
393 1078 1479 1483
975 1099 1285 1312
208 1190 1308 1499
1386 1483 1506 1518
1158 1451 1461 1499
125 1090 1094 1166
133 1164 1277 1295
111 216 593 597
1318 1400 1421 1463
1297 1332 1436 1522
305 424 518 1130
1001 1030 1290 1362
147 1171 1314 1500
527 997 1365 1390
413 1413 1419 1445
693 1268 1304 1511
682 907 1064 1194
56 961 1279 1500
111 718 1187 1201
1162 1326 1392 1408
195 1453 1489 1521
149 1171 1381 1406
89 1104 1144 1239
801 1290 1343 1522
76 186 212 1517
113 440 1025 1285
613 929 1022 1320
790 1457 1514 1519
160 1003 1016 1052
143 1345 1384 1510
1155 1374 1376 1398
1369 1515 1518 1526
282 1278 1354 1499
469 1077 1297 1450
274 1474 1488 1516
203 1345 1361 1470
266 1339 1365 1398
324 1118 1407 1462
1197 1480 1490 1494
150 242 307 1522
122 1072 1156 1361
34 263 749 1388
98 879 1304 1477
480 1441 1453 1499
353 956 1393 1432
638 1134 1392 1487
397 1228 1332 1442
205 398 1254 1472
213 704 1184 1373
816 1040 1095 1161
1287 1524 1525 1525
41 1421 1495 1511
864 1392 1415 1514
596 749 933 1376
719 1454 1458 1514
996 1214 1390 1446
37 1441 1505 1520
955 1488 1493 1499
541 807 846 1467
600 1426 1446 1469
1170 1243 1325 1462
146 960 1036 1260
402 924 935 1212
1047 1173 1227 1358
595 1148 1366 1487
683 1378 1507 1521
960 1110 1174 1524
115 1118 1124 1270
862 1512 1513 1522
10 562 1391 1453
468 1160 1370 1489
475 647 708 767
153 780 925 1471
381 611 872 1367
148 1452 1458 1461
698 1031 1249 1338
1274 1450 1488 1519
704 809 948 1031
3 250 382 390
190 1471 1477 1518
729 1428 1442 1442
811 1189 1228 1525
672 803 1458 1522
691 1070 1478 1519
50 962 1119 1322
336 1227 1251 1427
29 679 716 1004
440 561 645 866
1114 1326 1488 1521
434 1390 1454 1505
137 140 261 460
1466 1489 1497 1501
160 839 1139 1352
734 834 952 1191
785 1369 1404 1521
625 1439 1448 1467
1470 1474 1507 1516
298 1392 1468 1486
1349 1497 1502 1524
1032 1292 1455 1481
342 750 1172 1216
890 973 1213 1272
566 1339 1412 1431
49 447 472 530
353 426 621 1414
1184 1515 1517 1518
1328 1347 1429 1432
200 628 1147 1183
32 419 676 826
334 1378 1451 1480
996 1329 1424 1441
1023 1324 1348 1504
653 1138 1208 1211
1091 1362 1383 1516
38 264 458 557
60 674 986 1316
746 1327 1364 1451
191 1321 1412 1449
846 1442 1482 1495
403 530 1192 1311
93 1303 1332 1404
49 809 975 1132
931 1495 1514 1519
994 1070 1160 1505
741 1376 1385 1467
544 1482 1504 1509
1030 1033 1049 1324
220 357 1170 1295
91 929 1207 1297
557 1470 1512 1514
88 326 347 691
677 1396 1472 1488
180 788 1315 1496
409 614 815 1332
165 680 831 974
336 1364 1413 1421
388 1487 1498 1519
199 507 1412 1510
409 1234 1273 1292
275 676 932 954
710 1213 1230 1468
353 1238 1263 1524
41 99 321 618
1017 1187 1364 1433
339 1499 1504 1511
450 556 989 1166
1164 1429 1470 1480
179 1049 1103 1125
286 965 1257 1381
539 1219 1374 1405
603 1274 1307 1334
78 1495 1501 1512
1274 1393 1414 1527
61 1045 1197 1343
637 1266 1330 1411
88 992 1154 1307
627 1214 1217 1260
1190 1311 1469 1492
821 1097 1235 1519
181 441 716 961
333 1198 1211 1270
20 1244 1302 1491
1094 1455 1456 1499
973 1343 1348 1404
300 1139 1165 1434
101 480 865 1351
150 1443 1450 1482
492 1074 1153 1368
682 1009 1349 1479
3 913 1304 1364
818 1175 1284 1456
248 970 1482 1495
57 1188 1251 1455
468 1165 1423 1476
704 1207 1468 1483
702 1200 1407 1518
520 1022 1204 1395
261 1322 1469 1479
825 1277 1279 1381
39 768 1196 1453
275 1512 1515 1522
562 1165 1253 1365
41 114 1333 1371
743 1469 1476 1524
833 1060 1470 1487
727 737 1055 1406
476 1164 1247 1419
511 1008 1254 1370
734 1372 1424 1525
570 1000 1340 1377
426 571 997 1116
1123 1243 1494 1499
518 1264 1328 1485
296 303 609 705
860 1122 1270 1271
1277 1505 1511 1517
491 1047 1173 1342
244 1160 1267 1400
1194 1467 1469 1521
767 1005 1378 1397
437 1042 1416 1458
1091 1508 1517 1521
101 1338 1360 1486
1232 1244 1345 1361
837 1345 1355 1429
867 1429 1456 1475
839 1041 1264 1336
490 988 1058 1241
732 1356 1408 1414
849 1426 1449 1492
792 1516 1517 1518
541 1043 1272 1501
1024 1268 1280 1425
499 885 1049 1352
846 1495 1500 1511
488 714 1245 1483
115 1123 1335 1500
202 1229 1393 1520
176 1121 1142 1303
303 1266 1427 1463
552 968 1110 1352
1104 1156 1157 1197
475 611 1051 1364
590 1129 1234 1303
3 931 946 1240
608 839 996 1152
133 293 348 717
932 1001 1466 1498
293 653 1262 1310
149 362 588 733
266 1035 1342 1342
23 341 731 1401
861 1364 1459 1484
94 1451 1458 1512
286 961 1357 1371
882 1117 1233 1518
1032 1255 1380 1415
1264 1454 1459 1460
231 1043 1215 1216
829 848 1191 1235
837 1382 1433 1504
21 935 999 1139
232 1478 1502 1508
160 231 955 965
273 816 1060 1073
804 1021 1447 1470
414 1484 1494 1494
504 916 925 1466
2 634 1084 1379
1192 1520 1521 1526
132 1035 1098 1137
111 1089 1143 1438
94 1475 1512 1516
1058 1459 1472 1493
584 1085 1342 1499
863 1118 1268 1451
487 1401 1419 1474
298 863 905 1463
16 1019 1411 1473
344 1223 1233 1425
311 335 663 813
178 1342 1411 1522
641 841 975 1036
228 1508 1520 1526
89 1332 1338 1496
423 1161 1322 1405
792 1001 1242 1399
27 1342 1404 1411
925 935 1210 1263
762 1301 1467 1527
2 352 1110 1497
791 1392 1421 1486
1271 1384 1406 1415
891 1172 1368 1450
600 1224 1420 1506
16 569 752 852
486 1109 1157 1291
1 726 845 1029
20 885 1371 1414
36 644 1014 1186
1350 1438 1469 1521
243 1005 1063 1119
1170 1451 1515 1517
812 1104 1479 1527
384 486 502 1519
1112 1342 1472 1502
177 319 630 1383
1210 1509 1512 1521
399 1369 1494 1518
839 1170 1244 1273
576 780 1054 1123
290 811 1335 1497
99 278 585 821
885 1427 1489 1509
236 1371 1398 1523
77 1132 1410 1449
294 815 817 1119
433 1421 1456 1493
927 1238 1289 1302
202 1512 1517 1526
172 672 682 870
1224 1522 1523 1527
686 746 938 1049
186 630 1091 1324
1175 1231 1278 1465
57 251 712 1195
10 1011 1425 1501
51 918 1128 1447
1091 1203 1233 1438
1235 1361 1381 1397
524 1492 1504 1520
305 1057 1143 1238
193 1140 1144 1168
26 29 453 1417
263 1010 1173 1406
862 1001 1014 1177
414 672 710 1020
254 1311 1368 1467
398 514 1008 1122
616 1426 1450 1485
837 972 983 1354
301 752 1093 1453
218 1086 1138 1310
253 425 1104 1109
774 1090 1172 1262
1069 1278 1445 1453
82 377 546 550
343 746 1176 1471
772 1023 1110 1461
551 1053 1169 1288
210 420 1355 1367
1072 1495 1496 1504
42 358 444 721
182 1446 1453 1523
47 268 496 1361
685 703 774 798
249 450 1103 1206
1398 1420 1465 1515
155 920 937 972
502 873 887 1347
161 196 1123 1156
525 885 1179 1279
949 1030 1299 1386
442 766 1106 1502
517 615 1302 1446
1444 1510 1514 1525
1203 1412 1414 1440
757 1455 1492 1523
38 625 695 905
498 672 832 912
16 879 1021 1368
17 291 1398 1516
174 335 541 639
692 755 1308 1500
981 1281 1420 1471
423 1453 1458 1509
764 794 915 946
581 661 760 1286
38 344 606 763
1 718 1060 1391
209 1092 1387 1471
1344 1353 1473 1493
74 1041 1424 1512
768 821 1304 1306
757 1002 1445 1446
152 967 1255 1269
298 833 977 1483
349 482 631 1039
562 1011 1090 1146
118 965 1178 1276
954 1432 1433 1468
530 830 1134 1229
200 1144 1212 1247
450 1490 1508 1515
299 507 630 1228
77 113 831 1059
927 1348 1506 1509
677 963 1208 1240
929 1320 1384 1442
976 1056 1093 1484
186 718 1165 1249
1050 1306 1345 1426
1053 1433 1499 1512
310 601 836 1421
513 1484 1505 1506
899 1331 1343 1419
387 1503 1510 1514
104 383 460 1229
293 1009 1078 1232
564 1104 1159 1219
1267 1272 1327 1438
1045 1501 1502 1523
94 407 810 1153
724 784 1387 1406
460 525 963 1336
63 666 761 1298
457 549 890 984
295 1462 1487 1513
95 885 1001 1428
1269 1416 1456 1462
239 1440 1465 1486
480 1140 1190 1432
591 762 868 1205
266 385 833 889
692 1156 1354 1383
976 1371 1396 1527
79 1517 1521 1523
248 737 752 957
1395 1449 1462 1488
199 476 538 1075
609 1522 1523 1523
1005 1047 1329 1422
916 1169 1354 1447
1149 1492 1510 1517
54 443 518 1030
765 1324 1453 1520
360 679 778 875
687 1173 1194 1397
10 1301 1313 1384
161 693 1332 1406
86 722 1201 1205
488 633 1476 1492
1157 1253 1309 1368
155 1293 1306 1393
1134 1164 1339 1470
694 1337 1434 1471
948 1173 1197 1346
1128 1326 1327 1509
293 1006 1132 1496
1075 1276 1469 1469
74 1365 1514 1526
399 518 610 857
800 1228 1360 1394
704 877 1192 1231
830 1308 1466 1467
220 265 915 1404
934 1003 1077 1418
496 563 1176 1299
1115 1152 1239 1251
788 1456 1483 1525
1157 1189 1242 1376
294 1309 1358 1481
93 711 859 1023
639 777 910 1231
264 746 1002 1463
420 721 1345 1407
99 187 822 1462
426 931 1342 1423
184 655 801 947
39 45 532 923
52 159 364 1323
562 1009 1123 1400
1201 1403 1406 1525
395 423 794 1094
390 659 919 1472
14 22 557 997
9 1073 1237 1406
899 1040 1180 1411
262 900 1503 1513
782 1261 1318 1400
11 222 549 1327
464 1273 1319 1519
548 1479 1492 1514
71 1060 1065 1459
347 1128 1272 1370
705 1057 1393 1465
919 1277 1294 1507
551 1017 1063 1447
320 746 938 1446
231 623 800 870
1105 1321 1421 1526
782 1273 1474 1515
1087 1330 1453 1479
405 1450 1481 1520
520 1338 1339 1383
329 1126 1404 1499
641 959 1407 1525
865 967 1063 1478
349 650 868 1144
34 412 544 745
397 591 885 1227
806 1239 1268 1430
19 776 827 1328
1223 1384 1502 1521
107 134 359 1131
462 622 648 1425
355 1138 1448 1518
896 1478 1499 1523
421 1036 1088 1270
321 945 989 1446
649 757 1127 1403
501 1161 1498 1518
171 1103 1174 1289
767 1520 1521 1522
43 104 849 1026
957 1349 1415 1506
1320 1393 1421 1424
913 1398 1417 1457
173 468 670 675
88 747 1270 1346
55 233 1081 1175
28 843 1199 1253
79 1403 1415 1476
304 1042 1320 1398
941 1148 1281 1491
475 1001 1039 1211
77 1347 1489 1518
363 1414 1421 1437
379 1472 1477 1490
635 1097 1322 1439
144 477 942 1046
417 1250 1356 1525
10 1273 1392 1447
186 892 963 1319
209 1004 1217 1312
950 1334 1442 1442
547 603 706 1080
139 720 1370 1374
60 729 1006 1291
479 1512 1519 1526
55 1071 1094 1202
48 1080 1335 1391
553 563 593 1355
442 746 1281 1386
519 1251 1314 1419
1357 1358 1435 1487
20 661 741 840
14 1138 1155 1490
82 432 492 631
411 1368 1386 1416
439 1256 1270 1472
1124 1173 1355 1468
1227 1274 1479 1509
542 967 1032 1358
663 1345 1410 1419
137 257 742 1475
709 1371 1414 1466
278 1522 1523 1525
429 1021 1187 1336
512 589 1091 1323
189 956 1196 1488
218 787 849 1080
1035 1141 1335 1433
451 631 892 1095
1030 1492 1522 1527
298 762 1047 1438
20 605 742 1495
1052 1177 1230 1360
1295 1352 1495 1505
944 1034 1059 1241
854 1161 1170 1264
354 734 1018 1509
143 643 1147 1408
349 835 1131 1196
296 574 790 1392
641 1372 1373 1382
1246 1285 1370 1412
293 1139 1305 1383
498 963 1003 1228
578 691 1314 1472
1322 1451 1499 1516
409 1503 1513 1519
616 990 1062 1280
669 1390 1407 1498
1022 1300 1321 1447
630 667 732 1039
306 1267 1448 1468
334 438 639 1458
481 919 1240 1417
690 1133 1442 1527
54 669 1283 1329
1329 1383 1436 1480
1006 1303 1356 1435
621 1098 1122 1527
307 917 1222 1468
348 1029 1430 1441
36 504 847 902
236 1065 1108 1369
143 1092 1222 1346
131 1045 1065 1508
1228 1406 1410 1493
501 563 1019 1148
196 777 1293 1512
502 789 1362 1378
386 775 954 1440
425 467 678 781
370 1089 1339 1509
280 499 852 1460
465 1401 1451 1502
567 889 958 1482
605 1357 1408 1461
1199 1384 1499 1500
548 1331 1387 1514
45 564 671 1014
24 1218 1355 1524
275 297 315 676
468 1050 1209 1475
103 1362 1379 1476
460 1199 1292 1380
79 786 853 1297
1377 1405 1486 1502
245 387 505 1107
532 1141 1288 1484
449 910 1131 1248
692 1228 1269 1296
266 998 1250 1401
1084 1254 1277 1307
827 1287 1304 1478
579 1205 1279 1405
691 884 1030 1497
243 1414 1441 1526
466 1411 1467 1515
89 415 812 1494
429 782 965 1420
456 1145 1262 1452
61 136 246 447
77 770 920 1035
424 1076 1480 1515
399 1433 1437 1485
697 1342 1400 1489
365 895 1108 1189
563 1520 1521 1526
143 680 1439 1521
848 990 1027 1401
13 1273 1286 1408
498 958 989 1243
867 1319 1498 1510
848 936 958 1388
759 876 1026 1125
901 1390 1476 1481
654 1414 1442 1494
115 439 708 1125
446 1475 1490 1515
84 1005 1087 1408
527 766 961 1237
397 1350 1496 1498
172 1276 1449 1487
1049 1087 1179 1490
302 737 1059 1457
556 1130 1195 1351
825 1308 1314 1463
53 962 1146 1501
868 1107 1287 1412
273 1419 1503 1509
428 483 629 770
811 1306 1355 1416
357 1153 1270 1376
612 1183 1240 1461
17 607 1090 1131
1261 1483 1501 1503
407 497 591 653
608 764 1036 1196
180 972 1280 1402
571 740 1121 1341
81 155 421 429
856 1147 1178 1276
391 907 1255 1270
11 463 1324 1324
314 1487 1504 1512
403 1029 1246 1505
346 1078 1290 1355
146 1346 1410 1411
63 596 1116 1447
663 829 1243 1420
183 296 514 998
520 714 752 1000
1167 1280 1439 1492
482 631 1098 1275
727 1016 1073 1363
1324 1382 1412 1489
256 901 1081 1138
113 805 1254 1350
818 883 884 1104
1336 1435 1486 1505
641 646 1027 1276
497 728 1207 1423
354 1333 1398 1513
392 497 1385 1512
8 1321 1398 1490
381 1190 1403 1431
971 1448 1493 1517
5 967 1380 1480
607 616 979 1294
101 740 1022 1330
787 1474 1483 1513
571 684 1382 1395
1101 1189 1223 1506
444 1411 1477 1513
9 1284 1307 1308
393 1328 1367 1464
481 1036 1048 1162
88 1422 1496 1509
471 1019 1450 1513
776 1456 1505 1514
126 1055 1464 1525
494 564 1088 1226
193 1101 1175 1356
336 650 699 1369
142 668 1115 1153
676 1082 1256 1390
1178 1285 1314 1477
176 1192 1202 1241
468 744 795 981
643 703 980 1488
309 859 984 1472
487 908 1014 1400
181 393 1142 1439
156 687 1098 1503
596 774 1213 1319
1285 1514 1518 1525
445 615 731 1456
1180 1405 1504 1508
77 1317 1387 1444
359 706 773 1488
790 1430 1491 1503
145 748 1048 1439
1329 1342 1351 1510
356 1299 1309 1416
263 521 1185 1381
323 1309 1380 1430
208 994 1061 1475
1136 1213 1331 1519
235 1474 1507 1509
742 1278 1282 1498
696 1406 1408 1487
1136 1407 1429 1430
391 1129 1165 1262
4 1111 1244 1261
99 1233 1394 1434
1166 1512 1513 1524
785 904 1090 1107
24 582 696 783
142 1400 1438 1508
180 1459 1518 1523
431 1407 1473 1522
650 815 906 1251
504 537 1186 1273
281 599 991 1433
107 1454 1463 1514
139 1354 1417 1465
178 1132 1348 1515
1180 1229 1290 1522
437 859 1270 1430
87 770 1461 1483
713 1129 1138 1341
243 1117 1456 1510
351 1489 1494 1511
379 466 610 1368
280 1422 1439 1519
194 777 1019 1393
160 610 646 1304
738 939 1010 1496
63 1397 1399 1514
261 1205 1309 1320
220 616 777 1043
55 187 1062 1438
224 903 905 1320
426 455 479 1047
70 1271 1513 1519
230 1161 1268 1372
1194 1371 1452 1472
792 871 1368 1383
650 1497 1504 1520
144 1144 1183 1368
1262 1504 1515 1516
237 1302 1344 1446
227 1095 1150 1470
79 1261 1337 1348
442 898 1161 1335
1005 1134 1394 1408
