1242 1246
263 1028
955 1114
60 788
481 532
189 260
110 1032
760 840
204 372
97 967
463 716
193 246
253 688
833 924
65 1163
49 70
337 945
24 874
943 1114
207 1112
477 725
345 1075
686 933
1021 1067
1035 1211
109 1159
577 968
353 451
407 505
331 548
674 770
389 815
256 449
141 201
852 1134
79 531
40 862
899 1020
425 1219
450 673
106 808
379 685
214 1087
320 1006
994 1117
183 874
411 916
875 964
153 256
1 501
414 937
785 852
740 748
813 1024
702 915
1083 1225
136 498
146 1060
966 1090
63 1142
642 729
411 1219
703 1214
15 1045
161 591
280 1095
184 341
518 950
513 942
6 577
192 254
421 635
860 897
271 876
120 402
746 992
297 331
489 713
323 515
121 1190
654 685
158 1155
36 860
161 796
841 1193
332 1093
706 713
599 823
87 997
208 450
168 880
220 364
649 699
720 968
18 1151
331 772
227 1100
817 1151
927 1220
200 1050
40 461
195 887
806 952
70 588
418 866
85 1111
473 1152
112 1215
565 708
23 966
847 1132
262 851
554 1235
587 1065
453 746
15 491
270 627
956 1223
242 875
31 890
314 746
582 856
348 906
549 901
774 946
719 1095
927 1103
388 526
684 1093
741 811
543 849
40 199
211 973
363 366
302 545
72 270
356 769
140 964
882 1121
668 741
659 1174
481 607
1038 1201
208 587
178 964
136 236
607 1137
777 1097
464 993
167 428
260 291
125 946
459 1187
750 1223
791 942
68 417
1058 1084
1185 1231
314 774
234 1209
192 244
268 998
468 1135
240 365
446 760
3 1110
31 292
387 675
453 484
378 1148
421 613
789 1191
159 762
206 427
144 762
410 773
367 420
146 665
431 1180
522 676
695 750
381 570
413 1110
608 700
84 929
436 670
171 897
411 1214
128 616
661 728
989 1075
553 596
739 1106
224 772
603 930
227 460
498 747
319 1132
523 1108
32 957
85 322
443 733
27 879
819 914
549 843
92 1194
562 917
5 276
391 740
394 723
181 270
722 945
340 664
26 276
127 358
766 1236
47 208
526 573
569 1181
745 1186
1031 1226
497 1027
267 592
913 960
438 525
30 1054
810 910
705 792
275 442
408 877
317 794
946 1061
406 600
14 123
312 1232
7 566
993 1017
131 1097
327 1038
193 329
358 622
431 632
215 1086
557 602
408 508
213 974
323 568
893 1096
575 1088
534 620
743 983
204 547
784 984
232 908
61 1045
167 186
241 672
834 1186
675 702
34 1120
378 818
112 609
547 1163
637 777
228 309
167 290
500 758
1152 1210
402 598
320 904
349 363
568 969
312 1018
447 928
404 409
53 499
881 1217
595 822
46 473
1139 1223
674 744
38 490
1038 1203
253 428
566 1022
128 853
76 779
562 1076
329 494
210 906
383 554
968 1226
318 711
45 264
623 688
222 1194
280 839
279 1007
621 1162
1168 1187
346 1225
130 474
711 1075
129 240
910 1076
852 1227
8 167
108 260
352 370
400 1124
338 650
184 1196
500 855
274 933
166 604
468 782
684 917
385 691
141 898
762 803
62 551
661 983
111 402
29 1103
664 1215
676 1040
762 1076
357 1010
417 880
651 963
258 284
1157 1213
156 277
53 440
363 699
222 224
95 825
84 115
31 517
239 789
106 1137
990 1214
267 1231
175 332
107 1223
198 832
266 623
749 820
330 919
151 1230
157 308
1055 1163
697 1115
494 1071
753 939
413 433
512 619
261 818
687 1191
587 686
829 976
53 988
109 669
686 1191
371 1150
176 825
99 1219
328 341
373 415
960 996
605 658
385 583
310 891
132 1165
485 538
78 798
868 970
538 1064
41 1104
463 1196
25 874
642 1161
974 1151
96 730
226 1207
948 1136
317 449
715 973
137 377
217 1235
328 1055
174 231
116 383
637 1040
704 1022
656 1213
213 970
416 529
659 910
210 387
758 1099
650 990
1025 1061
372 1116
264 616
248 1002
658 833
190 1129
455 773
764 938
516 1098
449 788
452 900
689 1049
407 691
57 541
550 1098
476 1096
126 1122
464 928
263 919
206 451
252 649
816 919
452 1181
604 929
252 1010
149 1098
175 535
451 591
587 593
530 1159
17 1143
496 513
713 1168
1118 1142
201 877
430 1019
71 423
658 663
776 812
400 1166
824 1112
475 921
97 813
539 560
402 533
623 789
89 1023
953 981
669 1098
280 364
185 1204
779 1072
628 967
648 662
128 910
113 330
166 907
560 566
606 1019
353 1199
150 607
758 1119
824 837
467 472
339 1123
161 584
645 1099
338 1026
394 1015
70 590
721 1231
215 745
667 723
656 733
38 848
148 774
735 1225
597 1141
454 592
103 917
58 159
681 1026
232 888
131 566
696 1234
240 615
900 941
52 830
540 844
206 643
720 1198
890 1021
419 1031
174 594
265 343
694 854
181 1100
229 676
473 1111
518 907
90 980
392 768
105 382
216 1068
789 1004
299 736
107 967
859 1160
172 664
188 1012
7 137
317 1231
67 483
1089 1167
379 682
990 1198
258 1155
751 864
165 397
249 282
235 1078
182 1170
13 514
384 485
57 825
184 1125
57 416
294 911
361 990
343 713
341 357
507 604
535 1084
434 620
890 1155
94 140
295 639
260 596
282 294
416 1123
1079 1093
532 1127
62 776
4 557
531 958
301 342
62 1208
898 1192
558 914
617 1104
355 368
204 1163
821 1141
423 1062
22 201
384 509
576 1184
883 1022
65 113
36 831
37 821
999 1125
134 428
601 999
617 691
280 352
11 317
106 268
352 841
125 188
1182 1236
353 364
167 487
214 264
1010 1230
551 680
356 1228
504 821
433 575
309 938
84 381
277 1067
807 836
358 876
679 966
382 597
830 946
59 600
726 1033
952 1074
145 522
31 1067
501 1038
47 554
476 614
441 615
250 1155
946 1195
506 1011
1050 1145
99 1021
1085 1181
265 806
356 1203
632 1115
33 697
707 1007
634 1053
401 964
81 932
302 1178
96 1219
332 965
234 666
945 1134
729 1100
954 998
79 140
534 569
263 813
177 409
332 924
485 897
73 337
115 708
272 1022
566 1235
296 1211
248 674
281 991
37 329
229 232
1058 1160
679 1192
153 788
78 817
119 734
466 580
663 1030
296 824
678 1183
124 349
80 252
641 1235
116 785
19 1059
381 822
310 848
169 712
601 723
91 867
393 1216
86 436
302 1048
325 825
436 515
446 1168
612 1107
1089 1096
649 658
336 1123
135 196
1062 1141
1009 1156
278 538
115 893
643 1218
72 313
93 317
160 962
18 706
129 1024
533 756
847 978
937 1082
57 1215
799 1031
219 410
668 955
351 1007
375 760
235 731
2 143
926 1073
268 1154
470 1093
733 939
346 455
537 661
61 531
837 1025
488 949
659 752
95 1066
54 1021
646 1038
181 438
231 1059
346 916
188 1225
367 1193
165 426
32 670
640 816
58 850
10 1126
341 618
178 908
31 684
155 956
471 1025
371 847
803 1236
810 959
1086 1113
436 839
883 1218
890 1092
886 1062
344 1065
189 965
445 910
593 1069
175 304
50 1080
488 974
505 579
282 1144
229 808
259 1140
422 477
989 1020
21 430
99 1166
717 915
904 1213
116 870
665 1221
418 533
597 628
856 1106
1 533
58 551
54 1011
92 994
302 996
918 1065
151 742
382 613
394 496
242 322
403 1009
275 1159
679 836
741 1021
445 1103
57 984
86 857
150 219
346 366
1196 1204
100 1053
318 366
362 526
718 1025
239 729
528 931
830 1007
608 962
709 933
570 694
428 831
475 653
88 819
804 1066
2 383
498 1208
304 334
121 346
442 928
330 832
928 1098
459 690
384 1201
618 1168
1056 1160
299 914
31 681
269 636
667 729
4 730
12 840
86 570
370 1114
1098 1198
1229 1237
577 808
256 489
571 1141
738 1102
554 724
163 461
502 1235
429 568
316 860
8 414
230 537
708 1028
343 807
1138 1174
593 883
251 800
1206 1219
524 563
10 1036
95 744
797 1051
559 898
14 1139
363 629
572 839
248 518
52 452
502 1230
612 774
217 1088
424 971
271 1024
294 389
66 690
72 101
224 1174
132 379
92 396
464 1132
51 72
655 781
209 774
433 544
385 1201
218 680
485 876
464 875
667 903
248 1023
794 1046
31 1007
275 831
469 1032
713 1205
221 671
780 818
236 537
162 533
403 701
298 359
200 204
563 1115
383 655
305 1150
415 1229
414 865
376 678
157 461
558 744
339 1146
770 1006
610 877
503 1108
509 774
1083 1126
450 1154
700 753
315 380
993 1029
1012 1187
41 1060
534 1235
766 985
160 705
636 931
458 891
451 1236
60 293
159 684
138 1071
14 433
200 685
990 1074
197 776
135 841
426 898
36 501
181 633
564 734
73 940
726 864
861 1157
707 774
444 992
15 84
817 1116
31 53
181 1202
332 838
396 893
272 753
566 1066
25 1050
201 1186
486 837
276 514
420 869
860 1210
378 710
103 815
996 1050
164 903
310 786
266 1115
564 1029
204 548
565 1022
483 995
52 177
184 697
524 1098
339 749
490 1242
816 1060
47 938
1030 1121
59 624
247 255
265 285
431 926
343 470
328 775
161 304
911 1161
222 1168
348 1073
103 427
22 876
120 732
153 1133
160 193
349 725
532 587
59 703
116 815
391 930
358 492
371 1090
896 1204
434 497
283 1026
322 790
99 327
1049 1145
475 491
460 871
988 1020
926 1014
244 478
170 1147
564 1105
42 328
88 699
595 640
684 1066
381 1164
3 1241
363 1209
304 1227
310 901
798 805
335 636
508 947
429 596
61 498
462 1004
324 835
17 996
31 962
850 1207
167 573
262 1211
308 987
461 508
226 978
132 445
205 487
755 1104
689 911
454 923
679 789
495 1076
857 983
1095 1164
42 195
62 896
514 712
54 859
415 429
226 1154
279 1047
863 1012
131 729
432 892
369 504
336 531
9 206
808 836
248 1232
22 27
334 605
125 614
511 984
333 671
943 996
660 1162
51 903
210 863
404 481
1065 1109
563 1077
72 367
530 937
1034 1161
713 1239
59 488
652 812
477 744
414 563
119 533
322 387
547 581
796 958
683 981
394 805
147 692
99 495
361 474
646 1094
602 619
1009 1234
367 768
457 478
324 601
395 567
684 728
549 896
103 545
774 782
654 802
8 347
455 1088
211 221
707 897
685 1072
489 518
533 750
22 837
123 236
172 362
482 593
282 382
593 1031
410 1181
414 708
681 990
350 1006
752 1093
715 817
609 699
424 714
620 1080
182 861
140 725
95 582
106 1173
887 1116
851 1201
172 524
210 928
786 833
650 1217
445 1149
575 640
462 631
65 687
155 221
755 1055
191 282
104 264
598 1182
813 865
317 552
991 1061
199 886
472 704
349 1087
665 1058
345 1171
345 734
252 941
468 498
287 912
444 1225
955 968
214 928
111 443
68 316
79 823
629 840
699 1209
56 709
25 1197
898 959
755 808
195 514
346 836
115 297
199 251
82 838
217 884
1015 1059
141 364
360 750
107 1184
335 990
54 206
295 1223
469 829
202 515
362 820
755 856
527 641
507 880
898 983
166 344
230 902
453 872
115 617
948 1172
57 1148
770 904
288 622
32 1003
748 807
223 851
210 1190
17 375
65 1048
515 1201
598 915
2 61
535 1118
909 957
190 1172
197 661
177 751
474 874
620 1207
927 1050
1168 1226
289 471
540 625
103 640
715 751
294 472
724 846
363 627
429 1175
92 830
264 1128
79 706
770 788
957 1186
576 1006
882 958
544 583
308 701
191 1209
134 1003
615 749
1135 1185
601 1173
595 716
259 470
470 1171
202 1098
344 453
164 1061
906 924
239 1023
502 876
506 787
200 531
585 861
132 907
79 231
820 1133
435 492
721 1120
142 432
578 1018
269 576
70 1181
434 841
31 720
57 923
20 510
891 1161
133 672
567 960
818 842
148 913
313 333
90 317
721 891
603 1110
440 709
933 1024
55 594
561 631
590 878
849 1193
574 797
640 952
365 996
45 575
656 804
221 1100
146 475
425 640
766 1120
107 892
776 1168
212 865
884 1090 1117 1170
400 617 765 919
476 676 960 1089
73 1195 1197 1229
180 243 642 936
212 434 1123 1233
253 646 1117 1183
456 838 857 995
1107 1122 1190 1242
112 136 411 1061
174 733 976 1042
131 1227 1231 1241
879 1101 1174 1227
519 1126 1139 1241
884 1061 1187 1205
536 1200 1212 1239
273 731 780 1196
477 834 1018 1039
851 1078 1188 1204
35 1160 1209 1235
185 281 430 928
122 159 805 1195
400 794 1080 1163
815 829 919 970
420 1122 1152 1227
467 467 777 1024
53 188 240 1001
554 1131 1227 1234
669 825 912 1026
172 1096 1177 1218
254 292 319 924
761 1010 1103 1107
166 553 722 1161
856 1173 1180 1207
75 303 642 1094
984 1197 1204 1221
859 1130 1142 1197
423 472 523 1066
111 242 322 724
639 855 880 1172
211 1040 1105 1201
310 781 1129 1175
453 797 842 1137
145 625 682 905
339 1157 1183 1239
1107 1200 1207 1218
8 106 223 1221
866 1217 1219 1236
197 924 1176 1200
1119 1158 1167 1212
755 994 1095 1197
566 984 1079 1193
301 374 687 1242
255 931 1000 1166
151 420 584 866
766 858 931 974
172 924 1154 1159
344 424 982 1053
976 1058 1100 1217
554 1238 1240 1241
380 835 954 1021
45 530 618 1182
167 794 835 949
309 653 739 1045
512 784 1211 1215
512 976 1193 1197
603 1174 1181 1232
84 732 924 937
621 676 909 1051
419 524 788 1024
1006 1138 1146 1170
239 593 601 820
310 484 591 1224
38 544 881 1229
411 678 877 908
383 578 773 1109
113 737 795 961
298 684 685 1030
289 1115 1207 1237
999 1077 1130 1154
106 177 1008 1160
566 915 1002 1117
176 651 676 722
105 651 809 1159
260 561 793 1057
174 1090 1097 1193
731 815 831 1237
87 301 531 790
317 377 725 866
390 1152 1164 1186
217 685 753 1170
186 1008 1056 1108
165 745 748 1242
135 224 472 504
593 967 1045 1064
294 1142 1164 1174
628 865 875 1003
53 998 1196 1204
594 637 641 701
278 588 716 750
382 778 815 983
546 1085 1086 1172
362 1224 1237 1237
541 787 806 969
458 843 1065 1158
1154 1178 1199 1222
99 667 978 988
625 1127 1135 1204
487 1225 1235 1240
376 863 1117 1179
138 745 1100 1187
747 1112 1217 1221
234 404 840 1120
180 286 680 795
688 830 908 1095
263 310 505 913
578 1168 1169 1175
527 691 971 1153
516 1221 1228 1239
582 866 1010 1046
69 128 250 578
31 932 1207 1216
772 1114 1122 1169
155 188 334 1189
1111 1120 1174 1212
257 1194 1203 1226
951 1186 1189 1223
933 1033 1079 1231
150 732 769 783
53 138 433 663
841 990 999 1238
138 561 582 1011
1107 1210 1230 1239
29 351 523 1075
400 857 927 1041
511 530 960 1057
68 652 825 1163
430 664 1074 1122
254 1011 1110 1232
420 679 1022 1056
650 983 1062 1173
975 1028 1036 1086
89 416 426 909
440 1125 1127 1220
93 124 166 214
482 1238 1239 1241
578 716 897 1024
217 224 518 948
89 1067 1109 1138
93 136 177 299
364 692 971 1222
223 958 973 1021
112 404 585 830
79 1190 1192 1238
709 762 880 1051
972 1115 1135 1185
13 630 912 1105
964 1182 1207 1240
458 992 1029 1151
604 705 972 1099
467 1205 1208 1237
790 1203 1217 1229
943 1030 1127 1139
78 526 568 1010
476 1194 1223 1233
886 1053 1157 1179
413 527 540 743
231 517 587 882
175 476 591 725
826 983 1084 1241
562 1233 1235 1238
195 622 1049 1212
220 913 1100 1155
496 1036 1051 1121
162 1193 1213 1223
263 945 996 1146
81 965 1048 1205
196 793 924 1211
50 415 876 907
7 1009 1165 1175
1011 1139 1164 1221
26 879 1136 1229
32 652 668 1031
1081 1125 1207 1232
249 1163 1190 1216
319 1104 1218 1220
1022 1207 1217 1219
258 1127 1229 1241
55 175 928 965
201 1218 1223 1239
502 793 871 1112
734 955 987 1209
515 649 672 674
437 704 874 1006
220 526 576 712
240 855 1209 1214
78 401 408 858
56 955 967 1171
408 1115 1126 1199
89 94 966 1056
780 973 1084 1124
148 196 399 615
437 864 876 1140
721 826 953 1091
1 34 844 874
422 740 799 910
214 1023 1209 1212
160 1120 1133 1178
431 1088 1124 1152
750 756 856 1056
244 316 1091 1139
368 837 858 1057
393 852 959 1190
57 873 910 1193
83 497 535 1106
453 785 797 1101
542 664 854 1239
589 821 966 982
401 698 899 1129
17 917 1102 1177
628 1100 1161 1172
40 500 794 863
698 1093 1113 1178
115 519 828 1080
644 1235 1238 1241
503 691 861 950
768 856 922 1130
354 514 818 1210
528 1132 1181 1235
1094 1204 1229 1242
1150 1184 1196 1238
42 69 581 1078
927 1085 1127 1204
595 1054 1158 1191
984 1206 1227 1228
883 1041 1176 1221
92 1190 1193 1204
94 1187 1188 1197
844 1136 1202 1232
75 768 812 916
24 571 631 1129
297 505 894 910
894 1028 1137 1225
353 992 1111 1131
233 437 629 723
822 1082 1162 1240
491 982 1013 1066
444 1066 1109 1133
347 838 959 1041
791 960 1064 1104
1033 1055 1102 1188
267 367 648 788
216 813 973 1024
727 956 1019 1170
319 954 1006 1025
495 1086 1136 1224
1114 1122 1198 1219
113 1214 1216 1230
180 1220 1222 1239
145 291 449 692
279 406 902 913
563 1131 1185 1233
923 1017 1047 1104
27 780 907 920
476 983 1132 1181
698 1208 1225 1241
287 692 752 864
837 989 1155 1214
352 388 612 763
18 1013 1199 1241
1125 1149 1160 1184
355 418 996 1035
536 792 940 993
477 894 921 971
724 1237 1241 1241
863 1177 1210 1239
382 510 894 977
549 1188 1235 1242
341 685 715 890
716 737 781 934
713 953 981 1083
627 973 1168 1241
777 1134 1164 1185
533 1012 1126 1145
124 235 376 800
139 627 754 965
413 1053 1159 1188
243 918 1015 1058
984 1177 1191 1212
239 1219 1229 1237
354 767 1195 1201
574 1193 1232 1239
363 585 701 1006
170 498 971 1232
127 845 1088 1157
244 384 1008 1083
414 919 1085 1108
811 1080 1130 1147
342 717 745 762
680 1123 1129 1235
149 1020 1098 1219
324 929 1023 1164
231 759 881 989
250 345 775 1071
738 967 968 991
149 207 400 1173
670 1191 1195 1208
250 940 1045 1144
145 635 949 1039
821 870 925 1197
50 1161 1163 1179
111 677 887 1155
91 164 661 984
53 649 896 1051
601 1091 1100 1119
785 1197 1204 1211
1053 1057 1132 1146
926 1186 1226 1242
240 1166 1188 1219
31 852 896 1127
199 1121 1188 1217
217 793 902 1097
266 538 773 854
454 1161 1190 1201
359 988 1104 1184
563 837 1005 1077
509 581 710 1055
552 1102 1166 1212
36 387 834 1136
158 1096 1128 1186
60 352 1044 1069
165 381 524 1043
101 1075 1105 1120
181 806 887 953
243 1048 1205 1232
370 1119 1124 1188
34 779 1062 1111
700 838 904 1010
567 757 857 1120
98 1197 1206 1239
394 800 1161 1212
653 1219 1238 1239
600 1011 1027 1207
300 1136 1161 1165
185 915 1003 1098
831 1185 1225 1239
1097 1124 1149 1220
96 1105 1219 1239
535 1032 1191 1193
338 682 711 782
77 900 963 1185
322 431 594 1023
427 488 654 1142
209 1023 1219 1226
981 1011 1110 1182
592 1063 1064 1195
365 1132 1169 1232
49 1009 1177 1199
430 757 1010 1059
707 840 1002 1015
686 906 995 1162
286 1079 1124 1231
683 686 869 873
506 1083 1114 1214
364 397 838 1083
668 1017 1150 1195
328 512 675 908
411 1003 1034 1057
476 554 632 766
685 786 936 1037
847 1131 1160 1234
11 360 787 1189
541 600 1092 1148
117 1036 1100 1139
456 839 1046 1140
3 687 714 818
52 419 976 1060
970 1040 1146 1186
5 58 107 440
199 1083 1099 1205
869 1065 1069 1088
1087 1100 1189 1203
503 966 1041 1092
542 959 1068 1179
477 951 1085 1094
99 559 581 1025
248 596 707 936
318 481 917 1240
158 325 419 809
238 1063 1125 1177
556 944 996 1068
504 1067 1217 1219
184 377 844 1146
530 1175 1202 1235
837 1217 1220 1234
505 536 968 1000
937 991 1060 1105
201 746 811 1109
252 818 901 1079
883 1197 1207 1217
524 729 732 816
933 1184 1217 1226
372 476 791 860
1130 1221 1230 1240
295 1042 1079 1199
288 1070 1138 1163
198 398 1076 1124
64 708 971 1089
610 895 980 1082
747 978 1117 1198
96 525 649 837
672 1092 1190 1228
241 764 928 1229
239 1089 1120 1125
433 1162 1204 1224
974 1118 1129 1226
692 985 1090 1210
369 1011 1114 1130
54 286 454 1239
608 1163 1166 1220
60 642 646 1000
695 1048 1095 1117
507 1142 1183 1230
615 898 1157 1216
211 501 910 991
178 937 984 1171
775 1144 1174 1203
161 1010 1028 1046
612 893 1039 1079
477 756 1038 1148
197 708 944 1117
393 507 583 1006
17 1095 1189 1221
21 100 590 833
190 1179 1217 1240
726 771 788 1182
199 300 1210 1239
1174 1207 1216 1231
117 1115 1153 1223
116 618 973 1074
370 753 758 1110
763 998 1070 1099
469 1063 1137 1192
127 799 890 994
73 602 949 973
455 1067 1074 1186
87 1126 1145 1186
816 947 956 998
656 664 904 1010
810 1122 1145 1231
153 456 558 924
619 922 957 1091
990 1204 1214 1241
77 930 1084 1132
845 1204 1206 1223
158 260 300 665
332 754 763 1166
345 790 860 883
247 1217 1233 1234
48 63 420 766
158 463 616 616
95 1012 1164 1213
431 931 949 1123
195 698 800 1057
793 874 938 1225
1093 1109 1116 1211
708 891 1096 1106
746 1165 1207 1233
511 569 884 954
382 1005 1117 1133
70 328 703 1155
391 1118 1124 1242
339 653 874 1189
383 1079 1165 1194
8 1182 1192 1223
648 1086 1146 1236
604 850 917 963
139 1163 1185 1206
134 313 975 1100
373 820 898 1000
307 827 897 958
275 618 1044 1056
338 605 739 990
767 1234 1235 1239
922 1176 1201 1238
290 341 578 692
249 1065 1203 1222
1182 1187 1188 1201
1016 1151 1184 1202
662 1135 1147 1206
210 687 1138 1149
361 1237 1238 1241
364 723 901 970
509 940 1026 1194
69 190 930 934
252 906 957 1168
611 1143 1170 1202
339 859 1078 1086
599 1112 1141 1207
1072 1172 1175 1212
718 1116 1131 1230
652 894 908 1119
915 1091 1196 1203
75 1043 1174 1209
227 876 922 950
240 1003 1026 1221
78 174 725 1179
652 716 794 1185
114 845 976 1210
28 465 932 1164
41 608 772 1097
6 372 617 1137
265 640 937 1027
28 553 704 855
919 1231 1236 1241
278 879 897 1037
271 313 458 719
218 1110 1144 1242
633 1107 1144 1216
195 1200 1202 1206
208 630 713 1141
210 779 990 1113
451 950 1041 1201
113 1090 1203 1227
315 1230 1234 1241
8 1035 1045 1209
118 728 932 1090
215 1039 1078 1228
1102 1191 1200 1236
493 1092 1175 1233
630 998 1116 1123
47 169 172 399
304 633 819 825
856 930 1047 1190
131 1128 1202 1202
1138 1211 1214 1242
353 886 1086 1159
78 192 593 735
207 988 1002 1117
200 1176 1181 1199
4 393 890 1167
1094 1214 1218 1225
549 598 1024 1108
122 606 611 997
274 998 1031 1035
298 390 831 1173
1132 1163 1217 1241
468 536 641 838
256 813 1116 1164
56 1108 1193 1212
391 1198 1216 1222
649 721 852 1064
112 1184 1190 1223
960 1055 1090 1139
862 917 1069 1132
135 377 995 1228
1003 1009 1128 1225
1048 1174 1207 1213
757 1035 1082 1198
158 692 1117 1121
206 706 887 1009
501 697 922 1158
181 387 1009 1117
727 892 894 988
160 444 591 874
930 1165 1173 1206
428 854 1141 1202
113 782 919 1040
883 978 1017 1194
319 789 841 1152
146 1050 1154 1233
133 251 987 1063
416 1114 1124 1222
835 1008 1107 1131
555 592 605 650
53 626 677 1067
150 856 970 1036
8 702 956 1200
545 1066 1075 1124
653 1188 1209 1230
163 1136 1223 1238
495 1174 1184 1213
193 747 1074 1187
667 954 1009 1087
485 960 1053 1183
137 177 199 903
512 1217 1228 1238
450 1073 1121 1140
323 487 595 892
295 669 735 1128
244 912 1003 1087
222 1128 1144 1161
284 1020 1106 1179
613 754 840 1163
14 1195 1197 1240
528 627 1164 1164
1 77 151 967
734 747 940 1051
312 1175 1198 1215
893 1106 1149 1171
392 1045 1046 1173
1083 1087 1138 1140
501 1237 1238 1241
478 1144 1146 1212
974 1175 1212 1221
312 321 456 667
535 1129 1194 1210
60 768 955 1193
748 943 1128 1230
4 194 857 1009
651 742 1171 1209
466 689 851 1118
476 726 796 1140
359 975 1010 1062
313 945 1018 1110
823 1104 1176 1221
522 1023 1044 1066
614 1216 1233 1238
301 313 841 1067
561 1179 1189 1228
585 1064 1118 1181
5 717 847 1207
455 1029 1036 1101
542 1017 1179 1208
368 828 1023 1200
141 781 882 1017
710 849 1006 1049
164 202 821 868
78 967 1098 1218
969 973 1195 1235
403 456 516 1015
536 966 1050 1177
446 537 801 1190
133 460 556 950
492 1083 1125 1221
49 500 759 948
775 820 955 1000
1209 1231 1234 1239
253 642 720 1230
34 1158 1227 1233
222 1184 1189 1215
287 1025 1170 1206
626 677 1038 1093
366 403 825 1023
59 962 1075 1160
29 211 265 482
59 745 949 953
899 1060 1128 1183
276 1010 1138 1149
207 834 983 1038
248 331 400 767
858 1069 1136 1213
113 1213 1216 1241
280 1144 1203 1234
930 1178 1197 1219
449 807 1073 1230
260 500 643 1176
1139 1151 1188 1188
343 1169 1206 1226
490 1047 1189 1201
325 804 1114 1179
60 454 468 1232
514 760 1150 1169
437 1121 1196 1206
795 1172 1191 1206
268 1196 1210 1235
619 1110 1176 1195
121 1052 1142 1174
331 733 826 826
750 865 1044 1125
917 1001 1051 1174
141 1020 1134 1176
790 1132 1152 1228
708 803 825 1056
672 1051 1127 1238
1116 1225 1231 1242
329 653 1090 1213
381 916 971 1152
593 708 966 1184
225 552 683 813
160 1122 1124 1182
190 973 1170 1189
171 1180 1230 1234
413 715 773 1139
601 1211 1217 1230
597 829 929 1080
884 1078 1083 1210
1094 1104 1172 1219
36 829 914 1157
406 422 956 986
98 621 946 1128
848 1094 1102 1168
231 1027 1055 1206
569 661 813 1083
320 518 731 961
262 1054 1191 1221
533 727 950 1188
383 962 1102 1116
108 277 282 708
1134 1222 1229 1239
847 979 998 1152
125 751 885 1206
371 1168 1206 1233
580 721 978 1124
466 1070 1092 1199
286 313 821 845
1037 1213 1224 1236
515 778 1152 1175
724 1202 1218 1219
158 471 482 753
213 1114 1178 1228
163 455 1088 1205
1116 1216 1228 1230
914 1134 1205 1213
869 1147 1148 1232
401 535 1160 1177
623 644 713 838
675 937 1006 1044
78 839 1021 1143
152 546 653 1114
440 515 1093 1128
148 965 989 1191
800 860 901 958
43 1141 1170 1193
91 1005 1036 1125
808 1175 1225 1231
22 66 122 1209
804 970 1170 1209
177 833 934 1016
842 1135 1173 1238
92 1170 1185 1187
281 310 393 1024
534 1241 1242 1242
134 1042 1055 1059
790 1148 1150 1236
506 593 734 786
521 1116 1133 1139
853 1021 1038 1042
679 1130 1139 1235
183 951 983 1214
678 1227 1230 1236
934 1143 1170 1200
369 540 953 1124
488 554 773 1112
504 1061 1065 1095
139 857 1105 1107
88 338 592 704
465 965 994 1073
271 691 734 763
61 1079 1082 1122
702 1110 1128 1164
213 294 794 1192
148 793 960 1176
713 884 948 981
358 777 1001 1208
337 506 742 1193
272 321 698 836
136 227 384 826
11 1022 1075 1175
243 839 1065 1087
639 1023 1042 1213
346 631 924 1042
722 771 926 1124
31 945 1031 1187
66 1224 1229 1236
60 768 879 916
715 1238 1239 1241
261 1192 1225 1241
189 393 413 1097
397 1176 1200 1221
302 1139 1161 1239
34 964 1049 1173
216 486 771 1110
412 967 996 1147
21 340 1206 1213
35 198 715 1007
237 540 775 951
29 762 1008 1094
97 407 755 822
766 999 1197 1209
524 1121 1178 1191
632 806 861 1184
68 98 110 804
693 994 1048 1201
134 829 1040 1228
175 182 346 1158
43 216 803 1063
268 1032 1052 1092
344 459 961 1112
127 340 928 1056
684 833 950 1175
16 295 404 666
238 787 1016 1046
858 1147 1186 1214
358 1194 1207 1220
329 783 1107 1215
159 747 972 1126
99 379 514 1077
55 566 946 962
958 1238 1240 1242
529 874 1038 1091
375 799 864 1177
525 1172 1173 1190
628 1051 1175 1179
970 1046 1161 1231
69 197 871 1118
407 856 911 1155
562 912 1055 1228
426 677 933 1083
1124 1145 1186 1200
755 1178 1181 1216
316 1115 1174 1226
108 971 1004 1050
271 915 1092 1189
691 1092 1113 1124
55 101 781 883
770 965 987 1118
917 1125 1178 1182
559 647 725 951
328 643 669 1141
238 801 802 898
751 1155 1181 1204
261 713 1054 1062
300 732 741 1232
489 1001 1076 1219
507 672 821 1033
211 1109 1141 1147
1128 1173 1190 1239
169 765 813 886
553 1071 1153 1242
104 587 786 1163
452 1121 1149 1183
651 1003 1206 1234
178 1011 1158 1163
507 742 769 1044
309 672 718 1068
605 888 986 1164
158 1228 1237 1242
33 1089 1105 1123
267 912 1084 1172
346 486 488 1168
1182 1213 1219 1241
77 651 1206 1218
238 792 816 1037
432 1009 1081 1085
972 1080 1128 1144
642 1237 1238 1240
399 473 659 851
102 548 640 1237
360 609 707 879
116 1079 1091 1210
130 158 944 1176
602 1089 1196 1231
381 607 638 778
101 304 326 958
560 953 1062 1101
631 988 1103 1178
990 1083 1159 1236
654 1218 1229 1233
63 294 451 518
80 645 955 1169
756 828 890 1181
451 700 744 951
54 73 249 333
622 1108 1134 1198
42 398 889 933
388 641 928 1130
247 437 746 898
576 953 1021 1160
150 619 902 910
89 1161 1198 1241
280 909 1155 1200
362 501 676 1200
236 474 904 1044
976 1173 1230 1237
216 392 778 1211
188 1032 1060 1069
1022 1031 1063 1105
426 890 1118 1129
104 309 416 811
11 459 947 1080
465 1014 1046 1059
341 405 733 1140
3 904 1007 1228
317 552 964 1027
527 968 998 1068
122 983 1126 1171
105 272 825 1044
310 865 970 1193
487 957 1084 1146
947 1130 1204 1237
646 679 743 1038
811 1238 1240 1242
750 1187 1188 1212
136 365 996 1054
991 1230 1231 1240
738 741 765 1104
589 850 887 932
427 1151 1154 1169
161 962 1205 1226
451 1198 1222 1236
633 1202 1218 1219
166 1136 1193 1241
859 1004 1042 1212
239 1134 1183 1229
37 382 928 1175
376 928 1028 1189
120 936 1086 1187
919 1101 1104 1220
339 424 999 1105
989 1233 1234 1242
11 831 1148 1213
260 523 971 1115
735 1086 1130 1218
8 876 1006 1224
562 1089 1134 1145
321 1189 1205 1215
856 958 1024 1071
600 1069 1123 1160
239 1234 1237 1241
85 1181 1192 1230
219 361 1101 1136
97 468 554 999
541 684 757 1051
454 769 835 1179
173 346 446 1042
24 230 356 572
134 312 376 1135
961 1137 1176 1217
608 748 1055 1173
308 644 871 1178
113 163 283 433
878 1221 1224 1229
274 843 877 1068
382 396 676 1161
421 627 946 1217
587 1095 1147 1164
107 1211 1218 1241
125 690 936 1030
664 784 823 1183
1065 1146 1173 1185
335 720 740 876
195 411 759 896
54 670 862 1004
429 967 1089 1204
494 948 1001 1125
1081 1140 1178 1206
497 922 1005 1123
119 1185 1214 1241
232 577 858 964
599 933 979 1193
34 758 1059 1096
318 529 726 857
634 1122 1184 1211
248 995 1001 1142
734 783 798 1242
479 565 813 1138
702 772 1156 1190
831 1190 1221 1225
1155 1207 1209 1239
635 1233 1236 1237
724 1116 1156 1228
719 1120 1153 1208
977 1084 1141 1144
401 617 725 920
105 353 647 1054
744 1102 1134 1195
399 471 771 924
953 1072 1101 1147
457 510 728 971
135 415 430 819
594 637 1171 1173
208 669 712 721
69 1233 1234 1239
364 1171 1188 1223
587 952 1018 1126
337 513 698 923
85 173 1158 1231
687 1064 1095 1202
626 702 849 1176
108 761 983 1118
794 901 981 1065
626 796 1018 1046
15 818 1034 1145
677 1193 1208 1212
9 793 977 1038
377 776 966 1013
461 1124 1210 1237
95 262 392 1135
324 799 882 1026
25 899 907 1121
776 1207 1222 1237
366 650 842 1062
677 1141 1146 1154
548 1024 1212 1220
183 1093 1194 1209
793 841 1098 1130
757 811 1053 1061
271 1158 1168 1233
396 458 833 918
129 550 552 1091
382 795 813 983
44 512 1030 1032
690 1234 1235 1236
267 771 866 1102
499 676 841 984
487 1081 1119 1218
811 1074 1131 1241
294 1084 1110 1196
31 680 702 1006
472 836 887 1026
792 1074 1130 1169
518 1015 1124 1141
594 1056 1120 1198
389 594 1195 1217
564 970 1158 1239
170 375 925 1173
303 738 815 1235
253 695 742 1021
300 314 394 909
74 505 603 1185
876 926 1108 1171
241 1076 1097 1107
19 837 1069 1196
362 1109 1164 1202
930 936 1073 1117
505 669 891 939
287 904 958 1105
31 297 571 1168
281 399 615 823
25 1102 1143 1215
303 820 951 1050
213 1004 1062 1185
385 849 922 1208
549 1074 1087 1169
843 1087 1147 1166
231 547 1044 1115
807 1230 1234 1241
986 1206 1215 1231
354 1002 1153 1157
962 1224 1236 1239
498 713 864 989
135 1179 1215 1237
382 552 916 1054
472 542 669 1097
174 1196 1206 1208
51 990 1051 1214
23 326 470 596
42 193 206 576
528 1202 1215 1242
333 571 658 894
561 566 676 1063
60 690 1023 1167
294 1045 1085 1088
591 1113 1155 1176
442 733 785 1108
237 389 803 871
517 681 984 1079
255 502 504 630
596 770 944 957
801 1003 1053 1070
752 805 926 1032
560 747 1111 1157
52 110 152 1175
81 1129 1171 1232
1165 1197 1233 1238
264 1220 1229 1232
718 1229 1233 1240
356 718 855 889
755 1069 1075 1240
199 1103 1167 1188
537 1082 1086 1192
197 736 1009 1156
12 748 987 1196
33 594 925 1083
650 762 824 1067
658 1216 1220 1229
838 845 1031 1103
106 746 1062 1211
698 739 987 1019
49 1238 1239 1240
74 1033 1130 1208
778 1225 1227 1237
677 1072 1128 1182
598 844 853 971
127 822 944 1189
3 24 88 239
781 848 979 1211
274 925 953 1014
582 866 974 1169
426 874 1034 1141
76 764 807 1149
754 870 893 933
802 897 916 1067
263 701 816 1204
123 1029 1097 1130
341 851 1002 1052
305 1156 1177 1215
509 1134 1148 1211
26 465 586 778
1002 1138 1149 1194
284 355 385 1108
388 856 977 1194
675 988 1192 1202
498 972 1102 1106
166 314 452 1055
49 864 1081 1142
109 526 603 652
437 732 901 993
872 890 1111 1228
102 323 494 669
476 766 778 818
506 625 924 1153
210 1098 1144 1146
75 778 792 921
73 275 473 799
5 540 544 1192
565 1087 1129 1205
586 1183 1194 1214
289 838 967 1045
452 558 568 596
698 983 1023 1098
85 1083 1100 1158
572 975 1089 1135
12 264 569 1091
410 818 826 1151
1092 1177 1233 1238
19 784 1071 1225
824 913 1043 1116
627 749 1157 1206
22 1052 1216 1234
75 334 943 977
630 638 916 1222
870 1091 1099 1103
19 789 1010 1171
177 960 1044 1093
864 1074 1094 1099
447 1008 1044 1064
81 99 185 649
296 353 713 806
582 698 743 913
628 659 1089 1165
760 822 864 936
137 752 927 1057
117 629 872 890
653 1238 1241 1242
326 537 543 1057
465 1047 1130 1235
735 1187 1201 1237
68 928 1077 1091
271 930 1117 1123
74 718 1080 1093
36 866 999 1113
873 963 1046 1199
268 349 455 543
729 815 865 867
652 1230 1240 1240
738 1138 1209 1222
264 374 578 684
317 715 1050 1118
674 1068 1072 1113
600 839 880 1242
702 1008 1154 1184
864 880 984 994
278 773 1133 1207
700 1191 1197 1234
150 579 745 885
186 299 448 1199
351 848 938 1003
414 463 570 590
757 1044 1099 1183
242 863 907 1078
788 1081 1115 1191
307 437 737 940
583 1241 1242 1242
112 706 894 1141
658 773 877 934
598 844 976 1180
65 876 916 960
513 636 907 1141
232 1130 1169 1219
715 875 895 1053
576 842 983 1223
989 1168 1191 1240
830 1047 1195 1219
1012 1238 1239 1239
202 244 1001 1097
143 1086 1087 1192
220 429 1119 1233
764 832 1018 1148
1103 1179 1190 1214
22 757 879 893
29 871 1166 1191
715 989 1121 1238
286 584 760 1233
1118 1207 1226 1236
691 938 1008 1200
336 1077 1148 1197
415 1102 1154 1212
433 1133 1159 1226
1096 1234 1239 1240
979 1172 1180 1182
87 664 764 1161
571 701 777 1101
455 1044 1095 1209
783 1067 1085 1230
462 508 512 1222
211 766 855 1130
326 658 682 759
426 563 1065 1209
426 948 1124 1179
1194 1205 1212 1212
450 656 917 1154
849 1231 1233 1236
2 455 813 838
41 957 1017 1154
289 578 656 927
539 1004 1059 1148
277 505 744 911
286 636 654 737
262 979 1006 1204
453 654 974 1077
444 611 735 979
374 586 818 1087
496 629 730 857
444 774 1003 1019
990 1017 1091 1102
527 1033 1059 1153
52 358 454 649
710 896 976 1021
569 1182 1201 1226
333 1093 1105 1193
40 1163 1166 1167
264 1172 1215 1222
19 980 1048 1108
788 1082 1121 1196
634 666 975 1016
571 1235 1237 1242
1 905 1134 1238
476 837 1003 1126
96 1062 1068 1170
820 1071 1126 1182
532 1063 1105 1126
69 417 542 753
358 710 1077 1216
246 735 1035 1178
