144 4697
17 128
118 120
45 79
85 106
61 106
75 126
65 75
20 21
40 86
68 105
113 128
103 117
28 104
59 80
9 62
64 68
12 36
37 42
86 108
42 53
30 131
21 26
81 132
35 47
46 48
91 99
40 89
85 89
36 94
34 47
48 68
22 82
17 97
47 90
54 60
24 53
43 55
119 136
54 105
48 144
41 48
92 96
66 101
95 120
46 47
48 140
27 117
49 59
6 43
66 94
118 128
134 138
126 127
36 42
94 99
20 99
41 86
127 130
2 73
15 77
36 38
62 126
24 80
29 78
70 142
30 41
11 135
2 48
86 97
13 18
12 59
15 133
4 126
4 72
8 93
35 128
45 129
36 56
132 144
14 29
6 119
48 64
22 132
61 143
83 102
41 123
88 119
9 68
77 136
12 98
33 108
1 32
51 83
39 69
65 139
63 84
14 117
7 122
29 97
36 135
32 74
15 56
75 102
94 132
7 104
11 102
82 119
62 96
31 52
53 128
10 93
72 94
2 45
7 62
49 141
5 10
15 65
13 137
69 87
106 138
32 136
54 88
39 125
34 139
73 140
13 118
108 140
35 84
34 120
43 98
32 98
101 102
25 119
82 133
75 75
72 97
101 119
31 50
15 25
24 108
111 112
12 63
52 124
81 139
89 108 128 128
67 141 144 144
24 67 111 115
101 137 140 143
90 121 128 134
1 69 71 96
33 38 66 138
44 57 62 79
15 30 55 75
116 134 139 143
40 43 72 94
67 86 93 109
65 143 144 144
10 108 117 143
100 137 143 144
114 132 140 142
24 70 82 142
7 90 132 137
82 107 126 139
20 87 94 113
45 59 111 144
35 89 99 101
12 70 120 129
20 137 141 144
17 112 115 143
85 107 109 142
12 120 128 134
56 73 94 120
68 101 103 104
76 138 139 139
12 123 128 140
82 99 133 141
32 73 100 103
92 101 103 121
29 118 122 137
20 78 80 111
77 139 143 144
55 101 108 124
20 59 62 115
57 104 110 111
89 91 111 117
70 81 96 119
41 96 106 144
2 84 91 111
114 120 125 138
29 128 135 140
62 129 133 143
52 60 124 132
104 138 141 143
70 117 125 138
39 67 87 136
111 130 133 139
27 55 83 111
55 81 98 123
69 137 138 140
90 98 135 141
94 112 113 126
59 126 129 140
69 122 126 136
22 110 125 143
65 139 143 143
59 133 134 136
78 122 127 136
2 141 143 144
22 56 93 122
40 121 125 131
81 128 129 141
70 132 136 141
103 107 110 121
6 53 54 81
39 71 89 124
70 98 101 114
67 82 92 139
69 100 107 136
102 105 108 108
48 108 117 125
60 105 118 141
5 89 102 132
37 122 124 144
66 83 110 130
8 10 27 58
97 137 141 141
90 116 124 132
7 92 94 98
84 85 88 119
63 132 138 140
13 117 124 128
59 71 127 142
101 123 132 137
95 133 135 139
3 22 42 52
100 120 127 136
56 82 107 120
8 133 138 143
67 80 91 131
17 75 104 106
38 103 104 144
110 137 142 143
21 27 49 128
17 126 132 133
130 140 141 144
5 134 137 142
78 130 131 139
58 140 141 142
77 114 121 132
2 4 81 92
82 95 131 134
8 70 96 116
101 143 144 144
81 140 142 143
64 72 99 143
41 126 129 136
16 138 141 143
34 115 119 127
81 127 130 133
47 86 96 115
18 39 70 79
71 117 137 138
95 130 140 142
64 137 139 139
32 62 111 115
75 96 101 132
9 33 40 103
15 22 45 129
2 126 131 131
107 126 133 137
30 34 81 87
63 126 135 143
29 116 123 127
15 73 116 140
19 81 86 112
81 120 122 141
103 126 138 143
53 105 109 114
55 115 122 131
88 110 111 124
25 70 110 114
116 121 122 142
13 86 123 136
2 119 120 140
70 114 116 124
1 118 134 144
59 115 128 142
49 124 132 141
84 111 118 138
31 58 127 143
8 73 108 144
1 8 20 78
19 58 59 88
36 56 57 132
138 143 144 144
113 137 139 142
70 107 128 131
8 133 142 144
53 113 129 137
22 69 74 105
47 93 124 130
40 121 126 144
48 63 101 138
24 91 119 120
18 125 130 143
69 106 132 138
4 46 82 115
74 142 143 143
79 123 127 131
39 68 107 139
47 128 130 144
4 33 101 133
113 143 144 144
10 42 59 142
18 103 119 124
4 6 46 117
3 14 34 144
28 102 104 139
41 46 96 111
60 109 110 140
44 77 109 123
38 67 97 137
100 112 134 136
51 77 89 134
18 117 125 129
14 114 128 137
46 62 104 135
70 93 105 118
35 45 122 122
12 97 109 140
22 108 127 142
27 36 113 120
42 68 80 110
135 139 140 141
62 118 138 140
69 119 122 124
28 51 52 90
4 46 82 130
23 35 114 138
24 93 122 125
17 75 102 104
41 106 121 132
93 99 115 132
1 61 101 137
1 141 142 144
1 9 92 97
2 68 84 111
4 126 131 142
71 74 96 124
36 69 143 144
49 98 107 108
42 66 77 94
125 137 139 143
73 101 111 126
42 130 131 131
8 26 78 130
52 128 138 143
28 89 102 109
80 99 111 130
80 115 130 140
130 140 143 143
57 75 85 90
60 134 138 140
128 129 138 142
90 143 144 144
15 71 123 128
8 12 96 99
83 120 133 136
37 95 104 109
8 116 140 142
13 138 141 143
75 111 135 138
14 73 118 120
84 106 116 117
43 54 88 127
22 60 65 140
11 61 138 139
23 55 136 141
138 139 141 143
94 115 118 130
114 115 125 126
83 129 130 144
15 89 95 96
65 88 89 121
124 142 143 143
60 70 104 117
132 133 142 144
14 69 117 124
122 132 137 138
32 81 86 116
119 125 127 135
66 69 106 130
48 84 123 144
30 50 81 109
29 44 61 64
14 20 29 130
66 140 144 144
131 137 139 142
54 98 130 142
15 137 142 143
24 39 91 123
20 30 134 142
38 53 55 118
23 60 78 82
74 114 120 140
17 75 99 100
2 53 107 139
57 63 73 98
59 118 122 138
3 77 84 132
12 138 139 140
69 69 75 89
18 50 74 127
125 136 137 141
9 56 100 141
90 135 139 143
56 97 107 111
23 75 130 135
103 132 137 143
20 55 75 79
91 114 121 134
86 107 131 144
38 92 96 105
110 119 129 129
116 130 140 142
10 44 93 111
21 132 137 138
50 103 119 127
10 138 139 141
9 70 77 82
96 128 140 142
121 137 138 144
37 110 120 125
2 7 62 133
23 128 134 142
93 100 106 141
28 35 39 51
52 138 140 142
13 17 116 127
93 95 124 129
6 129 134 143
121 122 123 140
15 54 75 141
17 42 88 113
45 140 141 141
61 105 121 128
16 130 138 139
9 22 63 116
42 55 69 73
77 100 109 112
11 73 85 90
79 115 123 124
58 134 139 142
53 80 89 142
31 119 138 141
3 36 69 90
47 76 92 110
47 74 84 97
10 23 44 52
87 104 110 139
32 46 68 114
66 77 111 119
24 45 76 101
6 97 105 139
28 119 127 136
43 60 95 116
24 128 136 143
62 134 135 139
91 134 136 140
21 74 81 117
15 62 65 83
48 115 118 138
12 132 139 139
23 110 116 121
22 80 87 89
107 119 138 144
74 97 101 115
35 108 123 142
65 120 135 135
3 97 133 136
25 96 98 114
22 123 127 140
100 120 128 130
64 92 128 137
19 101 118 133
38 79 93 97
22 69 70 90
2 87 130 131
52 125 136 144
30 106 117 132
22 87 111 137
19 86 111 121
79 121 125 135
48 126 127 133
5 39 65 134
82 89 102 124
43 112 121 137
85 128 129 131
52 96 102 112
3 124 138 144
117 129 139 140
53 80 111 135
64 118 131 135
128 136 139 142
49 104 112 124
93 133 136 139
26 119 123 137
1 102 112 119
73 123 136 140
44 132 135 140
52 86 113 115
23 26 118 127
45 80 97 132
73 140 141 143
29 82 101 114
66 87 117 140
25 63 67 132
76 93 122 133
15 100 114 134
11 13 33 136
114 138 139 143
109 131 138 140
95 122 135 137
11 92 96 97
5 43 65 66
89 110 120 138
15 22 35 62
12 33 34 89
77 107 110 136
69 97 115 123
56 87 117 137
78 94 95 117
89 127 138 144
125 142 143 143
45 132 135 144
6 99 117 129
58 93 118 121
25 139 144 144
50 123 135 138
39 79 84 85
11 94 109 119
25 88 115 134
94 115 119 132
25 121 132 143
14 130 136 144
80 97 132 143
125 127 136 142
72 88 140 142
19 43 48 96
16 51 53 119
23 34 75 98
92 140 141 141
83 122 131 143
51 100 114 136
12 120 130 139
78 80 99 111
99 112 115 129
20 63 68 135
113 116 131 139
36 39 47 133
124 135 142 143
104 128 140 142
32 126 135 144
47 56 92 139
52 53 93 105
60 141 144 144
32 127 134 137
91 102 123 136
1 26 86 139
12 93 113 131
7 23 65 139
51 92 103 128
91 94 99 114
88 134 141 144
41 99 104 118
64 117 132 138
41 61 77 104
39 109 138 141
84 108 133 142
46 124 130 135
9 12 47 76
81 102 126 130
1 20 58 64
105 137 140 144
8 32 47 90
80 116 129 139
46 68 86 128
60 141 142 144
61 95 120 131
115 128 132 133
78 129 133 137
51 111 113 117
43 71 76 128
26 122 128 130
24 129 131 134
41 113 122 128
37 48 100 138
64 65 116 128
58 131 138 141
31 112 119 124
26 65 70 87
20 143 144 144
51 143 144 144
66 67 79 90
62 81 111 144
117 126 135 136
10 90 100 137
82 134 137 142
11 111 112 115
11 13 62 116
58 90 92 102
99 139 141 141
6 47 98 144
47 128 134 142
7 76 92 142
69 130 133 138
121 143 144 144
122 140 142 143
60 98 106 135
3 129 130 133
90 109 143 144
67 98 106 115
34 62 77 103
39 121 131 132
118 142 143 144
120 127 131 136
55 90 105 121
56 91 119 129
61 72 134 141
27 108 128 128
88 97 117 144
6 110 121 143
115 119 121 135
6 83 138 139
107 110 120 133
16 121 139 143
69 110 133 133
61 67 78 86
77 98 114 118
12 53 86 88
42 95 136 139
55 123 125 132
50 117 124 140
52 132 136 139
10 116 118 122
17 114 129 140
20 98 114 121
62 97 111 112
60 96 128 140
21 25 41 53
21 121 128 129
60 79 92 101
6 16 33 55
72 102 122 141
83 127 139 144
21 134 136 140
31 72 123 138
63 82 109 137
26 36 95 101
52 87 90 127
13 101 105 134
26 50 66 98
59 131 136 142
94 121 131 132
86 111 113 141
22 68 70 98
27 67 125 135
31 39 95 115
43 63 85 98
10 29 52 102
6 61 77 134
13 63 85 100
40 116 117 126
42 80 114 117
100 109 113 142
6 73 95 141
37 47 120 135
8 109 110 127
37 95 108 139
10 19 84 142
11 11 34 52
27 72 125 134
7 128 137 137
43 81 123 143
75 93 117 127
38 84 91 144
4 109 128 138
32 135 137 144
6 88 91 100
20 88 118 141
91 143 144 144
21 139 141 143
41 85 123 142
103 126 136 142
114 123 138 138
48 99 125 126
56 73 74 76
10 65 87 100
89 113 134 141
67 139 140 144
12 35 75 134
42 97 125 127
17 61 73 97
11 126 135 139
26 26 56 77
2 68 88 91
16 33 36 72
57 97 101 109
20 130 131 143
105 134 139 144
54 104 120 135
76 117 118 140
2 46 66 86
71 75 137 137
3 31 83 90
9 100 118 120
65 125 130 137
14 39 57 63
4 83 85 143
44 137 138 141
41 114 123 139
31 37 74 90
22 88 91 143
39 118 126 127
60 65 78 143
46 95 123 135
23 54 85 124
117 128 134 136
61 85 101 139
21 73 88 97
23 35 38 113
17 45 47 120
15 129 142 143
66 76 89 94
76 120 124 134
16 54 82 103
104 138 142 143
10 30 50 131
30 32 55 69
75 87 90 140
50 83 123 130
49 81 133 144
44 143 144 144
27 55 87 141
94 124 137 142
37 66 133 135
11 110 117 134
84 97 102 129
72 95 104 120
20 125 131 139
64 100 123 129
2 102 127 142
18 32 97 122
2 82 115 139
16 61 107 128
90 131 134 137
23 110 113 144
32 112 122 130
33 81 137 144
52 83 100 115
108 127 131 142
3 98 121 140
53 131 132 138
64 97 111 144
4 51 122 140
36 38 41 141
49 90 124 127
81 125 126 139
30 79 91 114
7 96 105 133
34 87 102 126
37 55 68 118
10 53 68 82
57 95 124 131
27 112 137 140
1 44 121 125
44 75 115 121
8 104 139 141
63 111 131 140
75 78 90 127
16 101 102 103
79 113 116 140
21 119 123 134
98 107 114 116
44 106 123 139
22 29 83 129
38 41 74 137
1 62 70 106
38 61 104 115
75 108 129 143
31 143 144 144
137 143 144 144
26 76 109 112
8 27 111 135
6 62 99 136
65 121 124 140
26 37 70 89
22 122 140 142
24 44 65 110
61 107 117 122
7 139 140 141
16 46 122 138
28 140 142 143
6 104 106 131
32 75 128 129
96 101 128 134
6 89 120 139
45 127 134 136
8 8 30 142
48 112 117 124
4 35 77 103
123 136 137 138
1 15 74 136
5 125 129 136
4 40 47 62
22 38 59 120
4 6 33 112
9 61 110 136
17 68 92 98
92 143 144 144
30 99 117 144
34 36 40 62
3 9 86 124
62 96 119 121
119 134 139 144
95 108 116 134
21 117 121 137
116 140 141 143
66 79 81 105
79 104 105 140
16 104 105 113
122 134 136 138
33 109 122 130
45 80 102 120
57 59 65 80
33 74 122 143
55 103 109 125
57 83 89 128
52 129 137 137
4 99 123 144
122 136 137 144
54 133 136 138
84 104 113 125
104 132 141 142
53 80 126 137
71 100 105 129
77 123 128 143
20 72 75 101
78 126 141 143
10 84 88 115
30 104 124 129
1 32 44 77
5 58 83 128
14 55 64 104
104 134 140 144
122 135 144 144
129 136 140 143
7 136 142 143
65 124 126 137
60 113 116 121
21 49 66 116
134 140 141 142
31 38 77 108
12 79 85 115
41 102 127 127
30 137 138 143
28 50 70 77
41 80 119 142
54 86 119 128
102 134 135 143
57 89 103 129
76 123 124 139
5 17 54 71
43 74 133 133
60 140 142 143
14 55 91 116
11 37 57 135
78 88 116 133
112 116 120 121
80 106 134 135
16 52 103 127
93 110 123 131
104 110 117 144
61 110 117 130
26 137 141 143
30 87 99 106
2 11 59 76
35 85 105 132
80 89 110 136
12 54 77 140
19 68 121 143
32 37 45 52
54 90 131 141
132 138 142 144
51 108 111 139
27 87 96 118
43 107 109 127
78 96 126 134
42 115 122 139
3 108 133 139
20 103 119 127
82 125 129 142
53 98 111 143
3 32 87 111
11 33 55 131
41 81 92 119
101 131 142 143
56 95 118 144
42 105 123 136
28 92 108 135
42 47 62 68
23 79 83 110
89 91 105 130
112 138 139 142
9 141 142 144
12 83 109 140
32 127 133 143
1 24 132 134
75 116 136 141
60 92 118 126
33 122 131 134
15 51 137 140
18 22 49 125
78 117 122 132
45 54 68 121
75 142 143 144
13 87 123 133
100 111 114 136
59 66 107 124
70 74 108 118
114 135 141 144
100 104 120 132
63 75 94 137
22 135 138 143
34 41 112 121
48 50 107 108
7 48 126 133
49 82 92 95
49 124 136 142
51 120 130 137
58 104 105 111
30 63 75 109
80 89 123 143
55 81 84 88
16 90 123 125
19 40 62 122
25 84 87 141
16 71 73 98
77 83 84 134
30 103 114 123
53 101 132 134
53 76 115 129
81 127 130 134
99 129 130 132
35 83 89 130
11 85 93 128
78 112 120 128
99 143 144 144
37 48 72 90
51 57 107 136
54 110 116 129
46 112 123 132
63 112 124 143
39 60 62 93
10 32 123 124
18 84 94 123
132 138 139 140
31 130 132 134
98 133 134 135
77 107 115 128
12 35 48 133
34 36 80 101
36 51 58 67
4 15 19 41
104 132 134 135
10 89 116 135
81 135 143 143
33 85 90 138
21 127 128 137
13 70 75 137
14 84 99 100
22 57 68 87
20 62 91 101
74 129 130 138
23 108 119 140
57 131 139 142
33 109 110 139
62 87 124 126
28 44 81 137
18 71 79 122
69 115 127 138
82 92 125 126
12 66 67 135
22 106 110 126
88 106 114 123
22 70 132 140
17 87 99 120
100 137 139 141
20 65 70 100
33 61 105 118
8 122 136 144
4 106 111 126
97 128 136 136
67 78 96 130
86 93 129 133
16 82 104 114
69 109 133 139
23 38 65 109
21 130 133 137
82 85 104 115
51 140 143 144
30 95 107 125
74 141 143 144
19 55 59 113
29 48 120 141
33 63 76 143
43 84 92 140
20 98 99 139
28 122 132 140
25 40 50 124
122 137 142 143
64 64 80 129
113 141 142 143
16 93 107 121
71 88 95 120
24 127 137 144
36 45 81 126
7 101 105 144
39 114 125 143
12 129 133 136
67 143 144 144
23 36 65 139
72 128 136 144
65 84 109 114
7 119 136 138
71 82 117 144
61 71 116 137
76 90 117 129
78 92 117 124
31 98 107 111
92 119 125 136
108 111 113 118
82 135 138 143
8 139 140 144
1 125 137 137
6 115 123 136
128 133 137 144
18 20 117 132
63 103 112 117
97 126 141 144
35 49 63 106
19 120 129 140
48 131 134 140
29 36 66 79
22 66 131 139
93 133 134 144
27 34 63 118
27 143 144 144
57 112 120 126
101 114 135 135
21 75 79 105
89 123 128 134
30 61 94 113
16 35 111 138
73 85 93 104
12 143 144 144
44 85 88 129
66 83 112 121
32 100 114 125
64 104 113 128
61 122 127 138
115 119 122 129
80 126 135 139
14 66 109 144
10 38 71 133
60 138 140 143
124 138 140 142
28 79 99 112
71 98 111 144
27 114 117 141
3 62 82 144
80 102 123 124
44 64 99 122
16 89 94 98
17 79 137 144
134 136 137 138
4 57 105 127
129 132 142 142
9 44 49 64
88 135 137 138
136 137 138 140
72 82 102 140
16 140 141 144
67 138 143 144
59 112 122 138
19 140 142 144
8 20 32 130
40 105 114 125
32 34 37 48
34 62 97 139
63 71 104 137
57 131 137 143
51 112 119 131
66 99 115 139
18 121 122 123
12 90 110 126
42 134 135 140
98 129 130 139
114 138 142 144
78 141 143 143
53 104 127 132
17 24 46 94
49 90 105 121
64 100 117 134
28 136 139 140
40 74 100 118
9 38 69 107
42 51 73 102
83 141 142 142
38 74 92 124
27 41 86 86
32 47 66 100
52 73 95 115
28 73 105 125
29 87 106 144
115 127 136 142
45 119 134 141
117 121 122 127
8 110 121 143
42 141 143 144
88 127 134 137
119 140 141 144
84 86 91 110
15 133 141 143
73 136 143 144
8 84 105 133
40 99 116 118
10 135 140 141
16 103 111 114
115 120 123 140
19 102 139 141
2 93 108 128
77 136 138 140
16 98 113 124
49 94 100 101
39 80 112 135
8 101 102 124
38 74 88 141
26 139 141 143
9 52 80 84
49 132 134 137
90 134 136 138
11 71 84 139
53 141 142 143
56 128 137 144
91 97 117 135
13 88 113 116
56 97 113 133
78 103 112 115
32 41 42 115
35 87 110 143
26 78 127 132
26 78 96 124
27 76 78 120
36 76 108 143
83 102 123 139
34 129 133 142
53 118 132 141
67 118 126 143
47 89 112 113
4 142 143 144
39 98 124 143
62 108 113 138
53 131 134 135
90 125 128 140
60 68 106 121
78 91 130 133
31 57 98 133
82 142 143 144
35 92 106 123
34 109 113 122
76 135 139 141
9 87 108 130
80 81 82 131
115 138 140 144
95 116 125 143
119 132 139 144
128 140 141 142
49 110 117 138
10 91 108 121
31 116 124 135
30 95 101 107
33 86 94 109
32 106 143 144
37 102 128 138
25 48 98 107
68 85 89 121
91 101 124 132
35 62 79 136
20 57 63 136
96 121 130 141
77 82 108 124
17 117 120 125
22 88 112 130
134 139 143 144
5 12 102 131
44 71 124 129
105 133 141 144
8 16 103 125
64 64 93 140
67 123 124 134
84 97 98 124
31 139 141 142
47 60 133 141
74 117 122 137
17 90 99 141
12 127 130 133
88 109 113 141
56 100 121 123
79 143 144 144
119 120 128 139
37 52 93 122
26 94 102 105
67 121 134 140
67 142 143 143
29 70 117 124
6 49 138 141
93 115 117 133
13 48 49 142
23 90 116 122
70 134 137 141
3 47 121 143
5 70 119 133
56 113 114 132
129 134 137 144
33 121 125 134
29 141 142 143
120 121 127 144
42 134 141 144
103 140 143 144
16 120 124 144
35 65 77 137
4 143 144 144
18 94 119 119
99 134 135 140
49 143 144 144
47 133 143 144
62 83 89 137
45 110 117 124
57 117 122 138
59 95 142 144
1 78 112 124
23 76 94 115
11 141 142 144
9 110 114 122
104 128 143 144
37 124 132 136
32 47 75 106
72 79 109 119
49 75 94 100
38 104 127 129
55 131 138 141
73 88 108 122
18 61 116 132
92 139 143 143
72 108 124 144
125 128 129 135
51 128 140 144
36 63 80 108
15 78 87 121
41 52 82 83
63 121 134 134
14 56 81 97
22 47 126 127
10 61 70 138
81 121 126 136
98 109 131 138
37 141 142 143
63 140 141 143
46 60 134 140
57 79 129 142
28 44 124 131
26 67 79 139
29 108 125 129
103 132 136 143
60 100 109 122
118 130 140 141
34 97 98 114
88 135 136 142
13 34 55 62
48 115 137 141
14 44 68 115
52 113 118 136
10 74 127 137
59 71 75 129
25 91 92 141
66 126 127 133
73 131 134 140
71 80 92 123
115 118 133 144
113 137 138 141
32 104 135 135
99 104 127 137
29 93 135 136
2 6 49 132
100 130 134 135
36 66 116 135
62 125 138 142
85 89 122 128
18 72 123 136
47 115 130 132
51 86 101 113
26 75 127 131
15 92 97 135
59 83 135 138
85 117 124 142
134 141 142 143
70 93 122 131
48 130 136 142
14 127 128 132
25 30 31 95
43 54 114 144
25 35 125 129
28 121 130 141
25 55 81 87
74 90 128 129
97 122 140 143
10 19 22 36
74 81 96 107
3 86 89 107
88 133 143 143
59 68 114 127
45 113 135 135
57 142 143 144
10 109 126 139
23 89 114 132
50 67 85 122
49 124 129 142
50 52 65 93
22 82 89 133
43 46 73 75
23 52 83 105
94 95 115 120
74 105 126 129
28 115 135 139
10 112 144 144
40 120 129 133
57 120 130 140
12 21 44 66
15 66 73 118
46 133 134 142
137 141 143 144
36 109 117 136
55 130 134 142
21 64 75 84
3 133 139 139
30 41 51 123
31 134 138 143
34 70 90 135
3 90 110 138
20 39 88 104
28 65 133 142
7 103 121 142
107 125 136 138
23 105 111 129
56 88 130 137
51 121 122 144
72 92 114 142
48 120 121 132
35 36 39 47
14 139 141 144
18 130 134 143
16 35 45 135
83 125 133 141
6 119 133 137
131 133 137 137
78 119 123 136
10 133 142 144
96 138 142 143
15 95 124 129
115 121 126 130
11 23 72 90
111 116 124 144
38 127 129 139
96 112 113 129
86 107 125 125
1 91 127 138
120 126 131 144
52 125 135 138
119 119 124 139
17 111 125 139
118 143 144 144
27 38 48 61
69 112 115 126
50 66 100 106
22 32 39 100
58 112 132 143
13 27 84 89
20 72 85 85
36 108 126 136
67 108 116 130
33 82 101 133
90 119 125 140
19 98 106 112
8 77 108 121
3 53 88 122
84 140 142 143
21 124 131 137
132 137 139 143
81 100 106 118
31 48 60 141
15 69 99 115
32 45 92 114
38 137 140 142
19 137 140 141
33 56 121 126
67 123 130 143
43 51 123 123
24 57 124 127
101 141 143 144
21 140 141 142
35 78 86 87
20 21 88 115
15 116 127 129
22 69 93 104
43 137 140 142
49 50 116 125
35 134 140 144
16 129 134 137
44 122 131 132
68 99 132 140
114 142 143 144
94 122 132 137
53 93 101 102
32 126 138 143
49 129 139 144
22 105 116 141
55 111 112 112
44 66 68 74
19 99 129 141
74 113 124 133
8 97 102 119
122 136 140 142
8 8 38 124
35 143 144 144
115 124 128 130
32 115 126 141
43 54 69 88
1 140 141 144
56 107 140 144
64 100 109 140
57 64 70 136
58 84 117 137
27 134 136 142
56 112 115 133
30 95 125 138
5 23 41 66
20 126 131 141
79 124 127 132
107 143 144 144
59 79 82 111
8 22 44 83
56 107 110 143
33 36 57 99
102 117 125 127
34 56 83 98
36 126 137 139
8 44 51 121
71 120 140 143
83 123 131 134
93 107 131 132
110 120 125 144
105 115 139 142
58 107 116 120
99 139 141 141
37 56 91 134
84 86 104 116
110 119 128 143
58 87 140 143
104 128 130 141
51 92 110 123
57 139 140 141
23 31 71 109
78 83 87 137
36 141 143 144
2 26 60 100
125 142 143 144
129 140 143 144
4 68 88 112
12 28 88 115
108 139 140 144
119 121 137 137
59 103 117 129
50 126 132 139
1 77 96 112
41 49 100 116
53 69 125 142
126 133 135 143
73 125 127 143
48 130 140 142
51 69 73 98
61 119 131 132
51 91 96 120
51 55 74 144
1 58 130 132
50 88 114 143
58 89 107 121
16 106 117 139
109 119 138 139
14 26 73 119
14 74 117 134
54 67 100 136
29 58 122 134
34 118 139 140
44 74 93 98
124 129 137 141
15 29 61 68
19 113 127 129
51 141 143 143
58 66 74 85
39 127 134 138
50 53 78 91
106 113 124 132
24 131 134 136
53 114 129 131
65 118 120 140
74 116 132 133
7 105 120 140
67 116 122 129
57 81 114 115
123 133 135 142
73 114 119 138
41 53 102 109
78 117 120 139
23 112 113 144
37 110 132 133
18 93 108 119
65 115 120 136
7 19 89 143
90 92 121 130
26 111 130 143
123 139 142 143
80 96 131 142
33 114 125 127
52 126 133 144
20 28 35 105
109 132 133 138
48 95 113 144
107 135 142 142
3 63 91 109
16 84 112 137
55 123 132 134
15 75 86 103
16 130 132 138
18 121 123 129
73 117 128 141
52 119 124 126
77 132 133 140
94 96 113 120
89 134 140 141
70 122 131 140
12 113 116 119
15 88 109 116
23 107 112 141
67 86 101 127
57 143 144 144
74 124 128 130
39 91 92 106
62 136 137 142
3 124 128 130
105 106 108 118
11 88 98 119
61 95 99 113
36 39 89 130
31 139 140 144
38 61 103 138
55 132 134 135
23 120 122 126
84 84 115 133
34 128 140 144
85 137 138 143
86 130 139 142
48 133 135 137
30 93 107 142
63 109 119 143
42 42 80 113
53 55 92 109
43 99 113 134
16 86 91 115
57 115 121 129
40 73 83 138
102 135 138 140
21 42 81 133
57 90 113 129
83 119 127 143
78 94 118 132
92 102 105 132
69 71 142 144
64 131 132 143
45 108 113 137
19 28 102 102
114 123 124 142
9 57 70 87
35 74 130 144
76 82 107 142
34 85 87 133
128 141 142 144
72 112 129 133
15 51 66 79
13 87 92 136
16 68 78 142
97 109 123 142
102 104 106 113
80 136 143 144
2 116 139 143
15 128 134 139
72 77 82 96
116 122 128 141
17 47 91 96
64 115 116 122
126 140 141 141
71 89 91 96
110 129 130 135
10 126 127 142
10 29 70 104
2 22 84 135
23 131 135 143
67 127 128 143
13 28 73 77
16 29 59 101
22 84 131 134
63 100 124 132
13 80 120 127
3 11 40 134
110 128 135 139
48 135 137 138
1 136 137 140
33 79 110 128
26 91 92 141
46 68 88 102
49 92 122 126
49 104 123 142
31 124 136 139
33 75 79 92
56 138 143 144
61 140 141 143
1 64 103 105
1 59 83 119
7 121 129 139
56 89 122 132
10 90 130 134
15 131 135 136
7 71 75 125
106 135 136 144
15 118 121 124
7 46 124 136
1 5 71 121
59 60 70 97
87 96 122 137
9 24 103 127
13 60 84 89
121 123 135 136
103 116 118 122
49 136 141 142
55 61 76 87
37 112 117 135
25 79 88 90
90 95 120 141
49 90 138 139
7 88 110 115
12 130 132 144
72 130 136 140
18 91 120 122
98 116 125 142
54 133 139 142
35 130 131 138
11 133 135 143
28 108 124 141
45 83 98 107
4 45 61 131
56 130 133 137
89 118 134 135
13 137 139 142
74 88 89 103
6 83 101 127
49 123 132 133
45 54 82 134
26 129 139 142
3 55 108 139
7 10 25 104
64 92 117 141
10 84 125 132
32 140 141 144
40 65 72 131
47 99 134 135
113 140 144 144
20 110 116 134
27 132 134 143
86 100 115 136
112 123 125 129
35 42 47 58
102 118 135 144
81 136 140 141
33 41 70 72
100 123 132 143
15 90 93 119
49 74 90 113
94 99 132 140
75 115 126 143
84 89 91 108
123 140 143 143
25 89 135 143
84 123 125 137
45 83 88 142
63 105 128 141
42 54 64 144
73 94 116 139
57 88 106 140
35 55 83 120
55 104 115 116
71 91 99 135
36 109 129 129
2 17 62 126
91 128 131 140
125 131 143 144
4 55 62 82
109 130 131 133
75 140 141 141
28 42 58 126
4 24 55 125
59 97 100 110
10 68 121 125
62 131 134 144
36 99 122 141
7 80 118 122
34 40 60 138
107 131 136 142
47 63 90 142
78 93 95 122
83 136 137 137
100 124 131 142
22 137 141 142
10 51 76 138
78 103 133 144
19 33 41 99
115 128 129 130
66 108 112 125
29 113 141 144
2 128 132 137
37 140 143 144
111 111 134 138
9 49 129 143
80 88 97 139
28 93 124 124
55 72 82 121
45 142 143 144
131 138 143 144
8 64 80 122
67 103 120 122
34 76 79 90
76 92 122 123
57 130 133 134
65 132 135 136
3 129 130 144
31 94 111 124
60 135 136 137
32 141 142 142
19 67 128 143
90 96 120 144
132 134 135 138
4 100 120 120
25 50 56 59
55 78 102 141
113 139 143 143
67 74 75 96
21 71 99 129
20 86 90 101
4 110 116 138
50 77 89 115
121 128 136 144
22 60 68 110
30 70 78 141
44 128 131 134
76 139 141 143
73 90 104 119
20 135 140 143
39 120 131 139
18 113 122 144
59 130 136 138
27 59 75 92
117 136 141 141
10 132 141 144
36 82 84 98
20 142 143 144
40 68 132 136
65 96 114 127
70 92 115 142
20 69 119 143
128 129 135 144
82 138 140 140
82 126 128 144
8 35 61 102
37 110 127 129
7 106 131 132
48 68 108 141
44 108 115 138
72 86 106 120
42 92 115 123
21 26 55 111
11 83 92 123
61 84 104 115
108 134 139 142
105 108 138 144
22 77 79 91
58 78 91 124
111 132 134 144
45 81 138 142
58 71 112 114
81 93 131 136
24 56 91 140
66 87 94 121
62 115 135 138
2 135 138 141
58 121 138 143
77 137 142 144
54 130 139 141
103 107 119 142
14 35 44 131
104 141 142 142
129 137 138 144
40 102 127 142
38 125 140 144
15 71 77 144
44 131 135 139
10 103 110 131
100 140 141 143
54 137 139 142
104 121 136 138
35 74 119 123
38 64 91 101
103 127 128 133
15 27 54 101
80 105 114 143
17 60 119 139
59 68 82 114
55 103 104 118
83 112 114 128
105 132 139 141
15 107 110 134
24 115 116 123
29 44 51 144
58 58 88 98
64 139 142 143
62 143 144 144
118 128 130 144
79 134 140 141
35 94 103 105
102 126 134 144
75 132 139 141
71 85 113 125
48 50 87 128
84 133 137 141
86 138 142 142
39 142 143 143
104 129 133 133
34 112 118 141
24 134 140 141
53 101 119 124
10 143 144 144
55 129 137 137
87 89 100 115
23 109 119 144
5 33 73 100
54 80 106 121
57 88 126 136
42 135 139 143
68 78 132 134
116 128 138 141
67 108 110 142
67 128 130 144
90 133 136 140
39 40 43 61
38 103 134 144
64 131 139 140
14 28 73 102
89 109 115 141
49 88 111 136
94 135 136 136
47 48 64 115
52 66 105 137
83 105 110 119
78 92 97 131
107 110 118 135
115 124 137 140
44 142 144 144
61 82 85 99
105 137 139 142
51 140 144 144
52 131 133 143
89 143 144 144
8 12 19 75
29 84 88 130
128 139 141 142
6 95 98 117
4 133 135 136
68 89 95 131
46 121 123 131
43 81 92 110
135 135 136 142
7 83 111 123
1 26 56 74
12 119 128 134
69 95 131 134
24 70 96 102
21 134 137 139
24 108 117 133
89 95 96 101
54 91 96 135
21 118 123 143
7 44 62 105
30 127 128 143
36 130 139 141
45 91 97 112
60 122 130 137
19 86 126 128
134 135 137 143
15 91 129 138
22 120 137 143
57 84 124 133
51 52 81 93
80 103 132 133
81 82 119 139
45 66 85 88
21 141 143 143
5 118 131 138
7 130 139 139
92 111 123 137
98 141 142 144
96 96 99 114
43 121 127 130
33 128 141 143
91 116 129 139
62 91 103 140
66 77 122 128
19 35 47 142
106 107 110 137
8 122 134 140
33 112 129 136
19 46 131 133
96 140 143 143
23 98 100 102
65 75 82 104
1 133 144 144
76 141 142 144
18 119 121 121
23 120 122 137
61 121 125 141
48 121 122 127
102 128 130 141
43 127 140 144
44 93 99 109
2 106 115 124
25 32 117 138
9 111 115 124
39 47 72 104
39 65 70 106
2 7 50 80
27 29 32 109
50 71 76 105
31 114 127 141
40 122 125 143
68 122 129 135
107 133 134 138
50 97 100 119
38 62 88 123
25 122 135 143
66 94 102 118
2 134 137 142
16 33 52 106
53 67 98 105
45 111 115 119
41 139 141 143
50 53 67 89
109 110 124 126
77 142 144 144
91 134 136 144
92 116 118 131
40 126 127 130
49 126 130 136
107 131 138 140
45 140 141 144
61 140 142 142
19 47 95 139
68 113 138 141
36 111 116 122
34 43 84 94
22 136 140 141
1 115 118 127
15 30 47 96
80 132 136 141
26 121 123 128
68 134 135 144
11 15 39 97
66 88 125 143
84 121 128 131
82 102 131 136
100 113 127 137
60 109 133 136
21 57 61 133
42 80 129 131
12 110 113 141
12 48 121 131
45 98 110 115
121 125 134 144
62 114 121 128
11 84 89 126
2 114 121 140
75 103 121 144
42 102 103 125
1 77 117 128
70 112 130 130
112 119 133 135
108 140 142 144
28 63 102 107
127 138 139 142
36 88 129 139
58 138 140 142
100 133 140 143
60 127 134 135
56 92 131 144
8 114 134 144
15 90 97 143
19 119 135 136
21 129 137 143
8 49 94 116
5 61 62 71
28 112 115 141
14 116 120 128
54 134 139 143
9 58 84 128
130 140 141 144
46 50 96 111
119 127 139 142
116 130 135 139
111 113 136 139
105 122 135 140
71 119 120 127
44 102 123 136
11 103 104 134
63 71 142 144
73 94 99 105
2 41 57 107
87 133 135 135
29 105 115 122
22 78 118 131
101 110 112 119
123 133 140 144
9 24 34 65
8 19 100 105
3 25 42 121
31 77 119 140
41 85 104 104
25 89 93 117
64 85 115 123
9 118 125 126
104 133 140 142
3 9 107 121
37 68 75 136
59 142 144 144
103 128 142 143
43 63 99 131
75 85 121 126
33 126 129 132
54 126 127 135
70 76 112 123
22 84 123 142
64 109 113 134
12 72 142 144
12 52 55 80
35 136 141 141
38 88 114 133
40 108 112 125
26 67 89 125
37 128 135 136
31 45 79 128
44 138 144 144
105 124 126 134
90 113 117 143
36 93 102 105
1 137 138 141
62 140 142 143
35 129 140 142
50 141 142 144
78 100 118 127
115 118 133 140
4 24 82 124
33 41 82 107
14 47 63 138
83 113 121 135
50 52 63 73
55 136 141 143
40 70 78 92
5 41 62 135
69 91 109 129
26 36 73 132
82 114 125 143
13 91 128 138
12 67 104 134
111 113 131 141
25 31 58 103
105 143 144 144
9 49 52 142
78 95 102 132
94 96 114 137
90 133 142 142
67 102 117 120
40 92 108 119
18 80 98 138
42 140 141 144
51 92 106 126
26 80 130 135
19 121 122 135
124 135 137 140
40 61 109 116
87 127 129 132
85 104 105 133
42 123 126 141
40 139 143 144
25 106 107 137
24 67 99 106
107 126 139 143
7 108 120 144
77 113 117 123
23 109 111 137
25 140 142 142
129 135 136 140
39 119 134 135
29 33 91 107
56 86 123 139
43 96 103 127
62 64 114 144
29 86 87 114
58 73 77 128
39 98 103 136
15 44 89 103
28 59 95 116
13 117 130 132
59 91 134 141
88 131 135 137
86 105 122 124
88 95 117 141
45 69 106 132
40 130 131 140
55 108 120 142
32 112 120 131
10 65 90 100
123 131 136 142
80 128 133 141
131 135 137 140
55 137 139 141
38 132 133 135
93 138 142 143
74 139 142 143
109 110 114 141
34 94 101 136
84 122 137 138
102 143 144 144
27 64 96 142
33 102 120 143
52 80 93 119
30 40 66 121
34 111 124 131
9 115 136 143
3 44 57 96
69 100 113 132
66 82 109 112
37 128 130 132
73 87 96 117
63 111 114 133
40 112 115 126
15 129 133 140
36 110 131 138
90 97 101 138
1 130 141 143
66 77 97 133
21 54 89 135
9 48 52 75
64 75 96 119
47 125 137 143
14 49 110 119
2 34 89 144
20 69 92 124
39 58 108 141
68 74 76 128
100 113 134 135
27 142 143 143
52 106 112 144
67 114 120 132
54 77 114 121
90 100 140 143
103 143 144 144
32 96 103 144
81 121 124 140
38 73 108 132
74 130 133 140
18 110 116 124
88 111 112 116
13 92 95 125
9 104 126 134
54 127 130 137
8 98 106 110
12 69 89 132
38 58 102 110
64 128 131 135
9 12 53 58
7 124 134 142
53 98 106 137
39 86 115 122
14 24 82 108
16 20 57 86
52 109 118 127
21 42 46 69
26 111 131 144
45 130 137 142
95 123 135 140
9 130 136 139
35 61 66 121
82 133 134 139
15 116 134 137
64 117 118 121
79 80 85 118
3 45 52 128
111 114 118 132
54 75 84 104
42 103 122 125
39 58 88 101
20 108 117 118
5 59 108 143
1 134 138 144
15 135 137 138
76 131 132 137
4 143 144 144
19 79 115 130
59 101 105 114
12 88 89 142
87 98 117 121
12 96 117 132
61 133 134 139
16 37 39 62
98 119 131 140
49 111 120 135
46 99 111 115
32 70 144 144
57 127 139 142
95 128 130 132
20 127 129 136
14 93 104 104
87 111 132 137
11 114 121 122
40 96 107 143
73 93 95 117
19 57 94 140
10 91 99 102
93 140 142 143
40 42 75 113
84 118 119 144
1 130 132 136
46 47 57 94
51 86 89 131
128 140 143 143
6 71 72 119
33 45 68 126
20 140 142 144
74 130 133 137
47 53 118 143
24 113 131 137
10 102 113 125
133 138 140 144
68 95 107 115
5 33 49 122
34 92 97 131
105 126 128 133
44 133 134 135
97 113 128 140
18 35 53 80
13 44 48 114
38 67 69 104
66 141 143 144
15 142 143 144
105 128 131 137
25 29 48 81
83 142 143 144
44 129 135 142
66 98 100 101
34 70 89 89
52 74 97 103
36 99 114 120
82 124 135 143
101 118 133 134
105 131 135 137
43 64 110 137
80 84 106 113
45 96 100 100
38 57 65 78
62 142 143 143
60 127 130 130
13 83 87 97
5 52 83 120
13 62 108 141
4 67 102 143
59 117 131 142
61 75 103 119
37 115 131 141
56 67 90 121
94 109 128 141
28 74 80 119
52 141 144 144
32 47 72 133
31 64 89 132
7 28 93 121
8 62 98 108
9 40 82 138
17 21 92 136
59 119 124 138
29 127 136 144
134 140 141 144
86 97 100 129
111 140 142 143
13 132 138 144
79 112 132 139
16 24 55 144
92 142 144 144
29 77 96 113
43 121 132 136
66 125 126 126
39 113 134 137
50 64 126 130
37 116 121 129
90 140 143 144
108 116 120 144
108 139 140 143
55 117 126 133
28 38 113 136
52 82 109 121
69 102 128 141
27 143 144 144
13 16 60 124
78 130 134 144
64 111 117 133
90 128 137 144
29 81 93 131
91 123 126 132
24 38 49 65
22 26 69 126
105 113 118 141
19 115 121 128
72 94 102 137
65 87 108 110
32 65 85 128
16 31 74 138
65 105 123 142
98 121 140 143
40 78 81 131
10 81 106 142
24 143 144 144
67 140 143 143
106 109 113 123
74 120 127 134
104 117 126 144
23 116 125 134
23 107 122 131
1 85 134 144
52 62 103 122
27 50 53 120
14 119 125 144
67 73 85 91
55 71 94 138
66 132 143 144
55 117 118 144
57 132 134 137
47 61 92 140
87 116 117 138
68 97 109 140
63 122 127 128
67 103 139 143
120 142 143 144
19 69 83 139
5 53 60 114
16 26 91 91
16 75 116 140
73 86 96 142
56 143 144 144
39 45 46 114
33 42 68 100
23 85 132 144
78 103 122 141
55 96 112 124
12 103 110 138
112 142 143 144
4 136 137 142
80 127 128 144
69 132 143 144
18 117 139 142
1 38 128 128
7 52 105 142
15 117 118 135
25 100 108 123
24 27 32 43
35 128 142 143
13 22 30 144
3 91 98 110
73 125 129 142
23 123 136 142
35 73 115 125
102 127 138 138
92 114 119 139
36 107 108 118
8 79 94 137
36 80 113 115
33 80 107 135
71 95 117 117
39 67 68 120
16 69 119 129
65 93 95 121
84 122 133 141
114 142 143 144
88 90 140 140
59 136 142 143
8 114 130 133
7 56 59 88
52 100 115 122
20 117 123 127
7 117 131 137
43 82 86 107
95 102 116 141
30 125 135 137
1 22 39 45
115 138 140 144
29 42 76 103
112 121 127 128
22 117 121 134
30 35 48 117
2 69 97 129
115 116 117 136
49 75 77 91
11 121 126 133
40 87 88 92
4 60 71 120
25 116 117 140
12 82 86 96
95 120 135 140
107 131 132 142
54 124 129 136
10 118 121 143
6 40 46 125
70 83 112 142
29 70 74 91
12 14 41 59
35 57 81 102
58 66 90 91
122 141 142 142
129 141 143 144
9 59 71 83
21 125 139 140
67 98 111 128
78 100 121 135
3 135 137 142
2 91 94 131
80 111 131 141
82 100 115 136
62 128 129 135
119 125 128 131
39 80 93 133
33 59 115 121
50 56 67 138
10 134 135 144
43 85 87 144
51 110 118 139
3 125 129 135
31 31 38 96
15 65 93 140
110 112 122 143
31 134 135 141
35 78 116 127
105 122 128 139
10 140 142 144
37 48 50 96
5 71 101 126
1 67 83 129
98 133 134 144
55 56 67 106
30 122 135 138
11 46 105 108
34 99 123 136
114 128 135 140
44 78 115 135
37 130 134 139
90 127 131 141
36 58 111 125
5 127 128 130
60 102 116 144
47 103 104 139
34 48 70 141
77 122 127 139
80 143 144 144
100 125 135 135
26 135 138 138
38 119 121 140
60 121 135 135
13 26 36 42
15 50 94 132
18 25 62 92
30 92 112 140
5 42 64 88
37 75 78 98
51 88 115 121
23 129 134 135
81 104 109 134
81 98 104 105
8 129 132 135
16 128 137 140
33 104 116 143
6 111 123 126
39 97 101 129
10 74 94 117
68 103 111 116
26 97 136 143
115 123 130 135
89 111 129 138
79 85 97 133
38 141 142 142
91 122 136 142
2 100 119 141
43 102 106 120
34 97 109 137
44 122 124 142
28 141 142 143
36 97 98 144
26 132 135 140
53 62 115 126
25 75 131 133
43 63 71 73
18 34 120 133
58 69 72 74
74 103 120 137
14 86 89 111
36 64 68 96
85 101 106 132
33 38 70 80
55 95 119 129
41 138 141 143
68 88 113 130
12 48 85 129
84 120 129 130
21 71 83 98
17 84 92 133
86 87 90 136
122 132 138 141
129 130 143 143
85 125 127 134
29 126 134 139
33 79 113 118
19 98 105 127
32 74 98 101
62 115 120 127
12 83 104 135
4 126 131 138
65 127 133 142
61 128 137 141
37 94 104 111
125 136 140 140
18 94 107 142
47 57 80 106
34 121 129 136
31 141 142 142
28 97 122 131
92 121 131 132
91 130 134 134
81 142 143 144
8 114 119 132
108 128 130 144
48 48 61 109
10 49 63 73
44 71 83 91
40 136 139 142
5 7 12 53
112 137 143 143
2 4 59 141
28 120 122 124
40 43 128 133
80 81 108 131
26 52 105 136
80 113 116 139
46 130 134 138
95 101 108 118
77 116 117 133
5 57 64 136
61 73 116 144
65 79 121 122
53 60 103 119
51 87 93 123
93 109 130 144
35 106 113 127
48 139 141 142
112 122 129 132
5 54 84 101
45 86 102 144
106 127 139 142
41 104 115 119
68 93 104 105
14 129 132 144
107 134 136 137
28 129 138 144
42 73 91 131
40 125 136 144
38 133 140 141
86 124 143 144
4 31 97 114
21 103 112 127
25 68 109 112
37 129 130 134
78 84 89 90
22 142 144 144
91 126 128 140
7 69 106 139
22 34 37 83
47 98 108 117
3 84 96 114
25 54 107 143
75 141 142 144
38 120 133 138
6 17 26 64
95 140 141 144
30 120 127 129
41 132 135 142
72 138 139 144
126 131 132 137
39 102 122 129
39 98 127 140
53 88 91 121
23 27 62 82
27 103 113 141
80 98 102 144
43 119 120 130
25 132 142 144
15 89 96 115
54 126 129 139
100 123 131 136
71 77 85 103
64 82 91 109
22 141 142 144
40 46 64 128
115 143 144 144
29 99 114 135
52 131 139 140
75 117 130 142
83 124 141 143
10 87 117 139
10 113 129 131
23 131 136 144
24 43 117 135
107 129 133 139
7 119 135 135
13 44 80 97
76 84 95 112
87 119 125 131
98 137 143 143
45 114 128 143
11 71 94 112
74 81 99 105
20 75 88 129
85 126 131 144
47 130 140 143
35 138 142 142
88 117 124 126
23 31 115 144
91 109 112 127
101 118 127 140
32 85 121 124
63 109 118 123
53 72 104 133
39 87 138 142
51 98 111 137
1 42 107 134
55 75 89 116
51 95 96 130
88 103 115 138
3 100 108 135
103 123 131 132
26 62 69 91
11 57 99 109
118 121 130 130
28 47 52 123
39 117 125 142
105 108 120 126
81 103 108 116
84 119 136 140
41 125 132 144
67 120 135 142
105 123 128 141
56 81 110 131
76 106 109 133
8 66 71 133
78 100 120 124
91 104 132 139
39 110 118 137
6 39 136 138
6 48 60 66
91 106 127 142
79 119 121 121
67 118 124 134
90 110 113 137
24 82 104 108
96 119 120 144
51 54 66 104
31 140 141 142
58 109 134 141
111 136 139 141
47 115 121 129
71 118 131 136
95 100 103 112
47 106 133 137
4 121 124 127
28 121 137 140
96 129 140 141
131 132 142 144
20 103 143 143
15 99 106 135
32 107 130 138
19 92 105 110
78 94 113 130
24 46 68 126
78 105 123 141
44 48 87 135
46 139 140 141
68 93 95 104
10 130 131 138
44 72 112 113
79 86 87 103
3 5 47 89
41 45 99 121
34 71 77 89
118 121 129 142
11 60 78 129
69 118 133 139
61 64 93 121
88 107 109 129
15 139 140 141
55 60 74 93
27 64 120 129
5 51 53 134
9 58 73 142
63 76 94 110
46 133 138 142
95 103 120 138
68 136 137 138
81 123 135 137
5 70 102 140
69 109 130 138
71 98 105 134
111 123 129 144
30 53 60 111
28 121 122 141
46 113 114 117
106 138 139 143
74 104 107 117
41 46 64 67
82 106 119 121
3 65 141 143
14 127 141 144
71 137 142 143
75 89 122 138
123 124 126 141
52 103 126 129
126 139 141 144
47 58 69 78
97 135 138 142
13 109 122 135
131 134 136 138
72 121 122 135
99 123 133 136
20 76 80 105
103 113 129 141
65 79 113 141
55 87 88 115
7 131 133 136
110 129 131 136
7 69 71 141
4 110 134 138
13 59 83 128
99 142 143 143
31 50 75 88
53 96 98 101
37 140 141 142
82 124 130 130
106 136 137 139
40 102 108 141
9 79 129 129
19 43 79 134
27 110 127 140
41 47 101 107
11 113 128 139
1 101 119 128
115 118 120 141
89 139 141 144
39 116 131 144
79 99 105 107
95 97 104 119
79 83 96 111
16 60 116 123
19 35 51 62
45 84 105 136
42 85 88 124
34 104 106 134
7 64 76 84
27 95 98 139
60 91 109 133
74 106 123 143
15 22 94 134
6 14 27 66
62 82 83 91
8 129 133 140
138 140 141 144
92 132 134 142
1 78 80 90
101 102 124 125
1 47 95 112
131 141 143 144
11 120 125 141
54 76 90 123
8 37 77 104
6 123 138 139
13 59 85 120
50 51 120 123
70 130 135 144
24 44 47 77
116 136 138 138
20 48 51 72
43 128 138 140
101 143 144 144
104 117 129 137
138 141 142 144
40 52 62 94
75 135 138 142
32 107 125 126
101 107 116 125
113 139 140 143
10 134 136 137
46 129 133 135
19 120 132 134
54 61 103 139
4 13 32 39
16 121 129 136
33 42 126 129
64 95 105 128
94 132 137 143
105 114 129 131
73 124 128 133
61 122 124 141
37 80 98 137
57 93 136 143
29 109 139 141
49 84 132 142
123 143 144 144
27 61 94 108
100 130 132 142
24 73 114 138
73 136 142 142
16 43 92 133
24 37 88 99
21 128 132 141
87 116 125 130
31 80 113 144
86 126 130 133
44 57 62 127
25 30 60 66
94 135 139 144
81 86 104 142
5 44 89 142
64 139 141 144
107 133 140 141
21 89 105 140
10 115 118 134
32 82 86 122
27 74 97 133
66 135 136 144
112 122 123 143
51 109 118 131
41 103 112 122
11 81 139 144
80 106 115 115
18 113 135 141
44 106 109 118
5 27 81 103
45 127 130 144
6 72 86 90
19 78 103 112
89 102 111 120
39 96 115 138
100 119 122 136
55 85 92 123
60 127 136 139
12 33 63 127
3 34 36 127
50 76 108 141
15 136 138 143
110 122 129 142
15 44 128 141
61 134 137 139
128 141 142 143
11 88 115 122
4 23 82 95
63 93 115 124
86 137 138 144
70 98 116 144
58 119 131 136
36 61 79 111
51 79 86 121
96 140 141 144
12 22 36 69
51 75 80 108
34 112 127 130
16 131 139 140
64 136 141 144
62 95 111 117
16 24 84 108
22 121 129 136
19 139 140 141
80 112 132 133
69 101 104 129
33 137 139 142
7 101 116 131
43 135 140 144
3 79 132 143
81 112 113 137
75 121 125 143
110 119 129 129
133 139 141 144
59 66 89 144
25 119 120 138
107 129 131 133
46 65 74 85
3 101 102 131
37 111 115 135
101 103 114 125
14 84 122 131
81 127 137 139
34 45 66 88
35 109 131 144
11 27 94 101
8 54 98 132
33 84 99 125
1 116 136 137
29 105 135 137
89 89 97 139
11 43 50 89
11 16 83 99
25 115 119 144
79 138 140 141
140 140 141 141
32 120 127 132
70 77 125 143
15 73 74 109
60 63 74 87
76 131 133 136
76 138 140 142
17 106 134 136
48 119 121 127
22 128 129 130
43 78 91 141
36 125 132 135
23 88 105 122
52 82 94 98
96 125 126 131
9 128 136 140
22 97 111 131
9 86 125 143
2 128 136 140
40 107 108 113
76 120 121 142
10 133 135 136
100 140 141 144
45 96 125 141
103 131 134 143
40 50 104 138
28 33 79 111
130 141 142 143
71 75 117 122
46 143 144 144
4 24 54 100
35 59 100 119
62 72 104 110
52 74 92 99
110 137 138 138
64 67 70 128
12 110 114 131
101 103 141 142
42 104 106 142
73 113 132 135
34 119 139 144
23 119 130 133
70 105 126 140
2 106 114 140
9 15 76 115
10 97 127 142
25 62 86 118
20 52 95 129
67 108 120 137
96 121 125 140
61 110 132 141
94 97 117 143
105 124 130 142
9 26 37 39
91 110 129 136
6 132 133 140
82 118 122 131
15 41 54 97
56 60 85 85
50 79 110 113
35 51 67 71
92 96 114 138
28 109 126 141
18 61 107 130
12 71 91 99
30 65 67 86
43 97 121 142
29 69 86 120
70 120 132 139
50 68 74 78
101 134 136 140
50 57 76 115
59 105 108 121
4 100 118 134
32 140 143 143
29 57 60 80
36 66 78 101
63 91 108 116
26 65 101 139
105 116 134 138
9 33 70 74
88 120 130 142
32 87 89 123
82 103 114 139
14 119 127 135
40 98 119 132
47 94 99 114
2 140 142 143
59 78 113 134
41 87 104 112
3 82 107 133
39 61 87 144
115 125 140 144
25 38 111 113
15 56 108 121
12 58 102 136
46 51 75 91
77 136 139 143
88 92 117 117
75 106 112 142
73 105 127 130
29 137 140 140
96 121 126 127
39 76 101 121
1 68 102 120
126 126 129 142
8 41 51 120
68 119 132 134
4 81 82 96
83 136 141 142
10 46 136 139
19 39 82 97
106 129 140 141
92 102 129 144
73 122 130 138
26 75 112 115
100 110 122 137
37 94 109 134
23 54 58 87
30 108 110 120
31 124 135 143
12 49 81 107
7 79 110 142
117 123 136 142
17 77 128 134
79 102 105 112
28 102 112 113
20 54 92 100
82 91 138 143
19 92 102 144
33 90 100 131
90 129 131 137
108 122 123 138
12 114 115 143
34 100 132 144
72 74 93 116
136 137 143 144
40 118 130 132
54 94 105 133
63 85 98 136
74 129 131 144
4 48 73 142
34 112 119 120
101 134 135 138
31 74 115 119
4 26 30 113
30 137 138 141
95 109 114 132
15 143 144 144
45 138 140 142
70 122 132 133
40 61 62 96
14 38 99 131
59 86 88 110
51 112 136 139
6 27 30 62
39 132 134 143
66 71 108 140
47 53 104 137
60 116 119 124
35 142 143 143
22 138 141 142
4 87 89 114
85 138 139 142
77 125 139 142
67 137 139 142
18 98 101 134
48 89 119 136
11 18 28 98
128 141 143 143
7 125 127 131
18 139 140 141
69 82 110 115
32 43 107 111
74 119 122 134
66 86 111 134
86 94 108 116
92 124 131 140
2 18 56 118
8 43 68 108
87 106 124 125
120 120 139 142
34 83 86 115
30 70 99 120
64 130 133 136
62 141 142 143
8 102 106 119
11 100 108 125
26 46 60 98
130 137 138 142
16 115 119 119
75 133 134 139
30 33 36 116
19 72 113 123
75 103 108 140
4 14 80 89
67 75 76 138
31 113 137 141
56 77 103 129
32 139 143 144
29 72 82 111
13 77 107 125
63 133 137 138
24 40 43 120
34 117 137 139
86 133 136 141
14 134 137 142
70 93 124 127
5 29 98 101
45 58 85 126
14 109 126 144
76 78 105 111
109 110 121 143
48 112 127 134
72 127 130 142
43 89 92 132
16 120 136 138
24 28 92 115
96 122 125 129
2 20 45 107
35 82 92 108
92 131 132 133
74 114 126 132
100 100 117 140
35 63 69 139
87 96 98 122
2 113 119 134
42 107 115 129
45 123 127 143
63 89 113 117
32 71 110 134
18 55 123 141
44 47 59 137
56 99 131 141
112 129 131 142
56 122 132 141
11 113 124 135
16 66 99 127
13 81 83 101
18 77 98 134
44 105 116 125
21 40 64 111
45 67 117 134
7 56 74 127
21 28 87 124
115 124 127 141
50 94 114 136
10 113 123 140
16 51 77 138
52 135 142 144
56 66 89 99
18 126 133 144
17 37 107 131
84 140 141 141
40 56 69 87
82 95 118 141
6 70 75 114
35 57 70 129
121 134 141 144
70 99 100 115
73 143 144 144
87 110 132 142
39 108 127 132
4 28 67 76
35 66 74 107
3 41 73 144
38 67 96 128
21 29 78 90
53 76 125 126
100 108 130 132
32 95 119 126
62 112 117 144
70 95 98 121
118 127 135 143
52 83 124 129
43 118 124 124
52 86 90 129
43 72 97 99
33 88 111 137
86 116 136 144
115 138 144 144
40 68 79 81
68 103 134 137
33 58 93 111
60 130 131 132
37 128 139 139
53 119 125 143
44 60 74 128
36 131 136 136
112 117 129 132
44 45 49 118
24 67 93 98
2 50 105 121
77 90 109 110
64 107 132 139
47 52 108 120
126 128 139 141
90 122 125 136
75 115 116 122
25 120 123 126
10 82 92 109
46 52 75 141
59 106 122 132
21 54 122 137
26 92 101 133
14 37 67 134
34 128 141 143
12 113 116 142
112 142 143 144
87 101 143 143
77 105 126 140
58 82 101 121
44 72 110 125
3 126 135 135
85 109 119 140
9 79 80 115
55 72 128 136
41 123 130 137
61 70 105 126
3 48 113 135
115 123 130 139
70 127 134 140
2 96 104 131
126 141 143 143
9 80 91 110
117 117 119 133
76 118 138 142
105 112 119 119
25 47 67 137
61 84 137 137
63 132 137 139
34 49 59 131
4 41 90 126
88 97 103 138
76 98 137 143
88 114 115 143
26 124 130 135
6 103 105 110
4 102 116 140
1 114 126 143
81 139 144 144
97 99 117 122
43 138 139 142
16 126 131 144
44 52 80 87
52 143 144 144
25 142 143 144
22 127 129 133
13 48 69 125
66 122 124 125
27 111 114 127
70 129 137 140
3 14 30 98
10 60 103 106
79 88 107 142
65 70 105 131
47 94 95 140
5 83 103 144
101 135 136 138
117 129 131 137
10 91 134 140
5 12 96 102
28 128 135 139
47 72 77 105
71 100 123 142
98 137 138 141
115 124 134 139
38 81 140 144
83 108 118 123
7 105 111 134
34 78 114 135
98 106 123 127
16 91 93 133
14 100 108 110
4 13 41 61
6 38 60 115
99 125 134 143
34 46 123 134
61 120 123 125
78 133 137 143
18 102 107 130
58 121 122 134
87 103 109 124
109 132 140 142
62 130 136 141
90 117 123 123
30 102 118 127
4 51 122 134
28 36 56 121
38 102 105 130
62 128 139 144
56 86 113 142
127 142 143 143
48 85 111 115
43 61 103 118
71 137 138 141
79 128 131 136
61 100 123 137
114 120 137 141
88 129 133 136
118 136 138 141
7 84 101 105
26 106 108 121
3 83 94 135
33 81 127 129
38 139 141 141
44 73 89 132
32 42 76 111
22 81 124 129
53 94 133 139
7 99 116 124
128 141 142 143
54 118 141 144
10 73 103 112
65 130 142 144
70 134 140 144
39 123 143 144
96 117 124 127
101 135 139 143
74 105 112 138
30 117 120 136
10 101 132 141
13 65 87 113
22 86 93 128
14 30 103 126
22 117 132 143
58 126 127 140
43 58 92 130
73 133 136 138
11 92 118 120
112 115 142 142
86 132 135 136
20 79 122 135
87 96 130 143
3 25 110 112
35 73 88 125
18 33 71 95
38 43 88 93
12 97 135 140
32 44 73 135
39 50 61 119
52 60 104 127
81 138 142 144
62 118 120 127
43 143 144 144
98 110 122 130
27 126 135 136
115 130 136 141
118 120 121 141
81 118 137 142
86 90 91 111
6 27 69 70
27 81 96 133
8 17 29 129
104 110 126 135
57 88 119 141
32 52 116 144
74 138 142 142
57 103 138 138
6 97 119 141
87 92 139 142
8 123 134 140
44 101 112 134
19 94 105 126
37 88 125 132
78 112 125 130
33 57 104 133
42 79 102 119
78 87 93 127
51 85 98 127
37 81 141 143
115 141 143 143
75 84 109 128
22 122 135 141
91 95 129 136
24 111 118 139
45 124 136 142
64 105 112 121
92 93 94 115
13 54 121 136
38 113 114 139
103 121 138 143
23 136 142 143
71 119 123 139
73 104 129 129
89 108 135 137
6 6 95 124
37 101 137 141
64 89 109 110
27 101 133 135
46 89 116 131
13 41 52 121
63 102 120 142
81 81 89 119
1 14 50 110
42 61 99 122
50 135 138 144
12 61 63 84
8 54 92 111
9 105 112 142
56 93 103 135
141 142 143 143
12 22 60 95
97 136 139 141
30 141 144 144
6 37 43 87
83 94 132 139
15 139 140 143
108 134 140 141
108 112 129 137
25 119 133 134
38 90 125 139
32 69 89 117
104 118 121 130
27 139 140 143
60 123 129 133
8 71 120 128
26 125 129 142
97 142 143 144
69 74 99 122
18 130 137 144
59 99 129 131
85 130 134 135
58 93 100 124
80 96 112 139
10 19 50 75
19 36 69 102
25 38 45 83
81 99 114 128
19 128 136 136
51 108 120 136
11 112 122 133
16 116 125 142
7 18 45 135
42 104 135 140
27 30 117 121
15 53 93 110
47 106 116 121
23 37 38 139
105 137 139 140
86 111 116 132
54 111 123 141
3 45 106 140
58 104 132 141
63 88 112 143
22 56 78 82
99 114 129 134
36 127 129 144
14 138 139 142
41 128 137 137
43 61 133 142
67 128 137 142
21 102 125 128
36 36 39 87
8 56 61 140
8 71 75 144
57 82 91 121
69 114 123 138
73 75 105 117
60 132 133 134
8 86 114 123
78 125 128 133
7 124 131 143
90 129 142 142
107 111 138 140
77 85 91 112
71 98 101 106
10 89 90 100
90 119 123 127
50 53 64 119
35 50 57 103
118 132 138 140
125 132 134 138
20 97 129 134
8 143 144 144
26 39 46 54
110 118 123 128
15 124 142 144
71 143 144 144
117 129 144 144
116 125 139 144
54 61 106 122
18 28 50 129
114 119 136 144
49 59 112 134
21 132 138 144
7 124 126 136
52 61 130 140
98 140 142 144
45 130 132 138
55 122 127 134
31 111 132 141
103 134 141 142
116 137 142 143
5 14 51 91
9 45 81 124
34 135 138 143
91 107 119 125
68 117 137 140
53 85 109 109
47 59 73 111
13 69 111 142
65 93 121 134
79 118 141 143
48 115 129 141
22 74 135 137
84 112 122 132
2 3 62 83
38 109 121 126
67 126 128 135
22 63 94 138
12 14 65 105
15 32 38 114
19 59 88 90
94 137 140 142
66 96 102 110
29 76 126 142
42 74 76 136
9 37 127 144
45 45 131 141
45 99 101 139
43 121 124 132
43 102 133 142
31 68 70 126
51 93 119 125
98 129 130 135
66 69 94 110
43 108 116 118
104 105 121 121
44 49 52 102
91 137 138 140
84 112 135 143
77 104 128 133
57 78 91 115
41 82 109 120
99 128 134 140
11 142 143 143
5 50 123 135
50 70 77 118
52 59 62 85
41 55 73 82
43 82 100 112
98 129 138 143
79 84 89 89
92 113 121 143
80 124 134 138
18 62 131 141
50 72 121 125
101 124 125 125
70 138 139 144
36 57 102 144
22 39 74 79
38 125 126 137
118 118 138 142
38 53 95 100
24 40 127 132
15 60 91 128
3 126 128 137
108 127 135 138
52 136 143 144
3 116 120 127
7 20 54 73
14 21 76 93
104 124 137 143
47 117 128 140
19 140 141 144
3 88 94 141
38 113 115 137
78 133 138 142
53 116 119 127
34 94 105 143
80 84 116 126
24 60 85 139
132 142 143 144
21 75 115 132
23 73 82 92
78 108 114 129
24 69 92 110
25 139 141 142
6 98 108 132
36 61 81 123
66 101 134 137
11 32 62 81
66 129 132 136
50 60 94 94
45 83 111 132
74 140 142 144
8 52 70 134
16 89 91 107
56 139 140 142
30 106 107 120
42 43 104 123
89 140 141 142
55 60 100 135
9 72 121 140
34 53 94 138
49 116 126 135
30 65 97 125
48 60 80 129
76 115 123 125
102 112 119 134
92 137 140 142
17 38 107 138
85 126 142 142
74 98 101 127
3 59 115 140
25 111 124 129
10 54 72 125
25 48 52 142
58 69 79 104
28 95 104 112
68 107 122 126
34 82 84 94
29 69 83 136
21 38 48 63
4 69 100 106
123 128 133 142
95 113 126 135
35 77 90 110
136 137 142 142
76 109 119 125
77 131 133 144
90 142 143 144
61 75 86 125
64 133 134 134
12 100 126 139
71 131 138 140
17 53 68 110
24 69 88 114
27 70 89 90
21 66 81 117
10 74 85 128
65 105 118 123
69 96 125 125
7 134 135 144
45 85 137 140
36 53 103 120
21 49 129 137
18 101 113 125
50 68 125 134
85 128 132 144
10 99 104 111
64 97 99 104
18 122 129 138
59 67 132 141
74 88 103 109
97 106 111 140
17 124 134 135
109 110 115 118
35 143 144 144
73 134 138 144
5 73 106 140
127 139 140 140
73 87 140 141
26 107 109 118
91 138 139 142
54 129 136 142
88 103 115 117
67 101 140 144
77 120 121 136
6 14 90 132
25 86 91 136
52 66 78 139
137 141 143 144
9 24 117 142
82 86 119 123
54 126 134 142
28 141 142 142
106 106 123 131
35 107 137 139
19 53 70 124
18 54 109 137
46 58 99 123
30 36 64 73
90 113 125 136
90 125 130 135
110 118 126 134
22 103 116 123
11 38 56 61
63 115 134 134
19 107 129 143
28 56 81 111
8 78 103 139
20 126 130 135
22 123 127 137
61 126 144 144
97 124 140 140
59 85 131 144
35 139 141 142
11 59 63 89
5 61 119 135
50 69 83 133
61 89 104 131
70 90 113 143
24 50 58 83
68 126 129 133
70 134 138 144
4 92 115 135
36 142 143 143
71 139 143 144
7 137 138 139
12 66 122 137
5 7 11 108
55 142 143 143
65 116 124 134
48 89 128 138
30 113 127 139
13 31 43 66
4 77 80 141
25 59 88 136
16 135 139 144
82 91 97 144
112 117 128 143
33 44 47 99
66 110 114 129
62 85 96 108
100 113 126 140
56 128 136 137
17 20 28 62
10 14 49 141
42 119 132 143
56 127 133 137
86 129 136 139
91 137 141 143
49 112 128 129
112 132 140 142
73 91 116 132
26 83 87 144
50 84 95 140
31 126 134 137
13 27 99 101
2 129 130 133
52 66 107 114
37 74 127 133
107 128 129 134
13 44 79 82
25 119 126 131
3 52 125 141
35 134 135 144
104 130 131 136
7 32 136 138
16 119 137 141
54 104 137 143
17 44 51 62
72 139 140 142
44 93 103 134
37 57 60 124
78 91 128 138
22 140 142 143
62 89 94 114
56 119 134 139
3 41 52 119
34 53 87 112
76 133 139 144
86 109 127 144
61 130 131 142
3 30 63 66
34 37 118 137
64 94 118 137
43 75 80 88
8 26 58 124
7 135 140 142
74 97 108 140
24 87 115 116
131 133 136 137
15 27 58 71
44 46 72 138
93 139 141 142
92 128 133 133
52 100 112 122
41 143 144 144
3 101 109 143
52 121 136 140
8 62 73 79
11 21 27 125
73 87 118 130
86 92 116 118
16 44 108 126
76 104 106 136
94 139 140 141
69 76 114 120
60 141 143 144
8 128 134 135
109 133 142 143
89 130 135 138
24 109 122 125
102 109 136 141
79 92 111 135
37 66 122 142
21 25 92 105
24 87 124 139
125 132 136 140
27 54 76 113
36 80 109 135
58 61 67 136
4 136 137 142
13 32 52 102
1 28 106 136
106 134 136 137
37 128 132 135
50 97 129 132
47 69 73 106
16 140 141 144
48 136 140 144
23 91 100 129
58 96 117 132
45 47 54 70
90 137 139 141
19 122 136 142
44 66 117 140
51 142 144 144
78 126 140 141
86 140 141 143
47 52 106 144
41 85 101 120
11 84 117 127
45 68 95 130
63 115 117 124
19 133 134 135
95 107 118 143
43 84 116 119
83 100 108 132
44 105 117 143
106 119 123 125
33 130 132 144
43 129 133 144
40 69 71 132
111 116 118 122
49 114 133 142
11 74 85 115
2 65 132 140
64 88 109 129
6 74 79 131
73 84 131 136
13 140 144 144
51 125 137 141
111 122 137 140
17 85 88 98
87 97 108 124
75 141 144 144
81 116 117 126
80 134 141 141
16 107 119 143
94 112 118 136
47 92 97 141
41 138 139 139
37 67 74 107
19 82 128 139
8 97 117 143
17 94 107 139
73 92 100 142
22 88 125 132
80 94 111 144
67 129 132 141
51 79 107 107
4 44 104 133
57 102 106 137
34 47 87 126
56 127 128 142
24 85 89 96
52 118 121 144
10 48 63 111
29 118 129 130
15 94 117 132
20 57 96 136
88 116 119 136
86 130 138 143
16 20 105 141
106 118 121 138
16 133 139 141
31 87 105 141
36 81 100 138
6 66 85 121
17 76 85 111
109 142 143 144
16 40 48 61
58 142 143 143
91 121 139 140
25 126 129 130
89 136 139 143
69 124 130 141
72 120 121 143
50 109 119 137
64 115 129 138
108 133 142 143
70 119 123 137
19 126 132 140
31 63 118 123
78 103 104 105
37 126 131 131
7 14 33 99
8 99 116 120
49 102 123 123
80 103 119 122
18 126 135 139
28 123 131 131
3 143 144 144
29 130 140 141
11 86 112 143
14 125 127 139
97 134 138 142
56 67 77 115
10 56 82 134
25 52 89 115
11 129 131 142
68 108 143 143
9 34 74 123
69 97 100 124
138 143 144 144
59 122 124 135
139 143 144 144
42 68 81 85
92 95 125 139
21 77 108 139
5 107 114 141
59 98 110 115
14 44 69 121
15 130 132 136
17 65 104 105
26 114 125 134
22 46 81 127
22 51 64 125
44 131 132 141
98 141 142 143
12 47 51 118
64 81 84 139
42 125 131 134
17 95 110 141
51 111 132 141
112 143 144 144
73 92 99 143
17 135 136 143
48 90 107 135
13 84 93 126
49 132 133 136
43 70 86 116
28 73 121 137
113 128 134 136
99 136 140 142
56 72 99 108
65 142 143 144
50 64 89 122
71 71 97 134
9 30 70 137
106 124 139 141
51 76 121 143
124 130 140 141
15 133 134 139
36 82 85 137
137 141 144 144
47 50 83 123
4 23 76 81
16 30 99 112
75 110 127 128
94 140 143 143
7 131 136 139
115 124 142 143
82 88 101 104
59 108 109 114
16 56 70 119
43 52 55 142
102 119 133 141
4 34 39 79
87 125 133 142
5 131 134 139
82 101 118 119
50 128 139 144
69 78 108 134
41 110 121 137
27 53 55 67
50 119 131 133
90 139 141 142
53 109 119 132
33 141 142 143
71 128 130 143
17 42 125 137
51 89 97 140
79 88 139 139
68 69 87 116
68 127 132 136
5 81 85 127
87 129 131 143
43 122 136 139
100 129 131 144
18 102 130 135
3 140 142 144
106 125 129 137
3 49 88 127
89 111 125 129
32 119 131 144
92 122 139 143
98 131 139 141
9 79 108 119
5 115 118 143
113 143 144 144
43 60 71 137
57 74 86 132
23 61 62 84
16 68 82 144
62 141 142 143
38 85 125 143
59 129 135 141
11 38 57 106
19 81 104 129
74 143 144 144
90 99 113 133
77 123 125 130
16 70 113 139
15 130 137 143
31 111 128 143
50 100 136 138
64 96 100 106
95 98 118 136
43 69 84 112
116 137 142 144
101 135 141 144
11 84 116 127
87 126 127 130
15 85 93 100
26 57 70 111
26 114 116 144
18 88 92 105
102 111 139 141
29 77 85 91
114 117 119 143
30 122 135 138
26 96 106 137
11 24 89 135
90 117 127 132
76 141 144 144
96 126 129 135
3 33 89 120
66 75 86 129
39 84 105 126
4 133 140 144
34 106 115 144
14 18 64 104
53 128 130 135
49 104 108 136
45 85 93 128
68 92 98 112
105 139 141 142
34 46 65 102
108 128 129 139
37 83 108 118
31 143 144 144
35 40 104 113
78 98 131 137
58 75 91 96
56 70 77 80
39 137 144 144
121 131 135 144
122 135 138 140
7 96 101 121
4 73 124 132
2 120 123 137
2 108 120 128
66 138 142 143
9 52 67 76
19 24 43 66
83 119 137 141
31 34 57 80
7 14 119 143
96 139 141 143
77 82 83 126
64 71 94 95
49 50 120 120
91 107 120 137
53 81 131 134
129 132 134 137
110 142 144 144
81 82 98 100
6 40 60 107
30 31 45 69
45 60 117 126
23 130 131 144
81 138 141 143
38 44 134 142
24 29 66 81
30 33 84 140
69 115 124 143
123 133 136 141
37 69 127 144
111 136 139 143
49 127 142 142
33 135 137 141
58 95 96 144
37 80 115 125
53 126 131 136
69 128 129 134
33 133 134 139
33 48 55 57
86 125 127 135
31 44 98 142
84 100 119 125
35 98 116 117
1 118 128 135
21 83 84 137
47 71 97 126
77 112 115 131
5 57 67 105
48 73 99 135
49 81 126 139
10 93 97 126
3 12 22 42
47 125 138 139
22 88 90 130
7 19 73 115
115 124 132 135
35 44 48 113
17 43 44 116
132 137 138 144
32 120 129 132
87 115 123 143
11 88 110 121
4 132 137 143
11 119 130 144
57 95 97 121
23 89 115 117
25 98 101 128
109 113 119 142
35 125 129 141
90 120 131 140
59 117 127 139
59 95 115 130
102 141 143 144
42 140 144 144
12 67 106 132
85 131 132 140
37 81 83 138
13 50 52 131
50 117 128 136
40 115 119 134
101 123 134 144
119 136 141 144
111 118 132 139
31 128 132 132
19 101 111 118
84 113 127 144
18 43 86 136
52 123 134 134
100 126 133 138
73 134 139 143
88 130 142 143
52 95 99 99
8 61 77 137
121 134 135 144
40 96 119 134
6 101 105 122
2 3 76 104
107 122 124 143
37 77 111 113
51 52 74 77
92 94 110 133
77 78 102 128
5 42 69 131
74 99 107 122
43 125 142 143
16 74 78 129
56 78 82 98
24 142 143 144
32 38 49 81
102 114 120 130
5 104 112 114
25 63 76 120
1 66 83 105
81 86 131 137
24 39 42 42
7 90 111 134
103 108 111 126
13 109 128 134
72 126 128 136
69 93 105 115
8 57 98 116
45 49 115 133
5 135 140 143
76 116 132 142
102 105 131 136
86 101 118 133
41 107 116 125
8 50 67 88
73 100 123 130
26 112 133 135
2 22 52 101
45 142 144 144
7 95 111 117
3 53 76 109
48 68 92 112
24 49 52 108
38 69 97 122
104 112 126 133
8 8 47 59
37 81 90 134
6 74 93 113
23 52 61 108
136 141 142 144
80 129 132 139
25 104 123 136
119 129 136 142
24 59 62 81
77 86 134 136
84 111 114 134
70 90 93 130
64 85 94 144
31 134 141 142
119 126 127 132
64 106 111 114
27 93 115 135
66 71 107 134
54 136 137 139
5 137 140 143
60 112 128 139
61 92 99 121
12 17 30 30
55 64 94 123
15 18 54 138
35 106 120 135
24 53 97 124
58 128 132 140
84 137 138 143
76 130 138 139
67 69 134 135
59 77 104 109
13 87 102 115
10 75 85 111
59 109 128 138
122 128 137 140
96 104 128 143
17 97 98 99
14 15 31 141
82 119 129 139
1 37 64 127
118 119 125 143
17 129 132 142
33 94 101 131
70 117 133 144
51 78 106 129
3 21 56 73
1 61 78 79
37 132 134 143
27 61 131 131
111 128 131 143
49 52 99 136
32 94 131 137
5 112 117 133
38 73 81 142
110 120 130 142
61 127 132 133
74 109 115 116
46 61 109 122
62 76 115 121
74 80 107 127
14 125 129 132
71 104 135 140
10 28 43 76
37 123 129 141
42 121 137 143
2 65 109 110
106 107 120 130
107 130 132 140
13 85 92 125
7 69 98 120
57 142 143 144
67 78 123 140
122 123 126 144
13 52 68 118
2 32 105 109
52 83 93 107
52 68 107 114
27 120 138 138
19 64 103 123
41 44 57 110
71 110 123 142
53 139 140 142
104 137 138 140
6 128 133 139
77 140 141 143
67 68 89 103
108 143 144 144
16 57 91 112
28 29 46 73
12 110 112 113
40 40 43 68
23 72 93 127
6 67 79 87
25 88 91 116
39 69 86 124
5 9 14 45
66 106 121 139
93 131 138 141
57 111 132 139
47 127 129 130
109 141 142 143
3 127 128 134
11 81 94 138
77 114 127 140
7 64 69 105
65 93 123 126
32 64 76 126
95 104 129 142
108 128 133 136
17 69 121 142
48 140 141 143
9 63 77 131
83 103 109 130
55 99 105 119
73 126 139 143
65 87 118 140
83 103 117 136
29 123 126 139
56 95 122 132
9 16 67 128
11 75 105 116
8 45 75 114
79 121 125 129
21 131 133 138
38 106 116 132
5 17 89 126
42 83 118 124
38 129 138 142
71 137 143 143
9 53 73 129
99 124 127 139
14 32 99 134
75 82 88 104
40 143 144 144
105 113 121 123
82 93 99 120
5 142 143 143
47 105 119 136
1 2 46 114
60 86 108 133
45 113 117 140
18 35 84 127
71 116 117 138
110 123 132 144
29 105 114 133
77 79 136 137
85 101 112 115
70 112 116 135
121 136 138 142
9 111 118 120
38 76 107 110
20 125 135 144
58 112 116 141
23 55 57 72
34 100 107 132
39 64 90 115
94 137 141 142
76 84 87 125
4 78 83 134
64 104 133 135
17 111 129 141
73 134 142 143
2 41 42 132
30 135 142 144
71 77 94 100
102 142 143 144
73 91 130 143
13 120 135 138
22 34 62 88
11 73 107 137
20 77 91 130
4 122 124 137
113 141 142 143
33 66 97 107
49 68 96 123
15 93 102 138
104 110 134 140
100 102 111 134
29 116 124 136
2 81 90 99
89 126 127 136
81 137 139 143
1 107 109 134
85 135 137 144
120 136 137 137
20 35 95 122
56 90 136 142
3 105 111 118
66 140 143 144
17 141 142 144
39 124 129 144
40 41 85 121
17 26 73 139
10 105 111 137
43 124 139 141
67 89 120 139
94 125 137 138
4 56 102 137
5 104 117 142
54 116 127 140
6 26 74 92
84 103 140 142
38 50 115 134
40 91 102 142
90 103 113 123
34 49 122 126
4 31 66 68
2 81 83 127
15 100 121 144
16 57 88 135
51 92 109 139
104 138 139 139
37 115 116 130
51 101 118 144
58 89 97 132
24 36 107 120
115 141 142 144
39 63 88 130
13 31 67 70
11 17 30 113
56 60 114 130
100 132 136 142
23 41 58 82
11 14 78 132
36 64 92 132
30 122 129 142
12 44 142 143
8 31 34 48
83 130 133 135
76 98 117 123
28 110 126 127
22 136 137 142
20 118 130 134
7 14 50 55
77 124 126 136
46 132 135 143
70 127 128 134
47 68 84 98
111 141 144 144
13 63 105 142
42 107 115 130
26 125 131 144
9 31 58 108
63 132 137 142
59 112 129 134
127 128 133 137
4 25 93 138
71 86 122 135
38 75 112 135
51 92 117 130
25 91 98 129
137 138 139 142
27 93 125 130
76 115 134 140
92 133 136 144
55 107 136 138
34 132 134 144
24 91 104 122
38 104 112 139
104 123 143 143
55 74 97 138
69 89 103 109
40 50 91 111
53 97 99 113
58 110 113 117
18 88 121 127
14 114 126 131
51 123 125 126
86 140 141 144
113 119 128 143
36 125 141 143
35 129 140 141
98 101 109 136
112 117 132 142
2 65 118 120
32 116 119 133
41 65 79 135
35 107 115 143
24 54 93 110
77 91 119 135
62 127 129 133
73 89 104 111
84 114 138 142
8 96 101 114
23 111 121 143
100 131 136 143
15 103 106 136
70 99 120 131
83 138 141 144
90 126 132 142
76 94 120 130
80 141 142 143
31 59 65 75
49 72 101 110
35 123 124 126
1 78 108 142
40 129 134 135
24 96 117 127
61 88 96 116
7 51 56 101
48 51 128 131
45 136 138 144
3 100 105 108
104 133 140 142
51 93 109 141
45 85 134 134
39 52 125 140
68 125 131 141
21 103 122 139
5 117 119 128
61 122 133 136
7 128 130 131
128 136 139 140
120 135 138 140
2 12 20 143
52 82 98 101
7 132 133 137
114 134 135 139
58 143 144 144
64 84 105 139
99 111 112 135
129 141 143 144
18 100 107 136
52 59 84 94
6 89 93 125
106 113 124 128
106 119 124 144
124 130 142 143
19 84 107 120
12 33 49 81
43 124 132 143
59 70 90 121
24 97 101 106
14 46 47 66
79 111 127 141
13 37 62 105
2 136 142 144
23 81 136 139
1 92 114 138
17 104 114 138
21 98 128 141
50 61 66 67
23 79 88 120
3 134 141 143
59 80 83 114
15 95 111 113
1 47 102 144
1 111 133 141
86 92 109 135
108 125 132 142
62 90 134 137
61 86 92 115
31 80 83 144
75 111 130 142
35 102 115 135
51 64 86 108
67 92 100 143
48 135 139 142
45 48 73 92
121 133 136 136
15 88 110 138
32 112 131 133
29 37 76 111
46 95 118 128
11 98 133 142
89 127 132 136
3 96 114 143
63 136 139 142
94 122 128 143
77 120 130 141
44 73 74 127
44 60 120 123
47 67 77 115
43 91 119 126
107 140 142 144
23 126 128 136
25 107 116 141
19 56 106 132
75 134 137 143
88 132 135 139
108 122 128 137
15 49 70 88
111 112 126 128
34 92 106 140
7 103 130 137
50 138 142 144
47 59 87 112
47 97 102 125
124 131 138 143
65 83 97 109
28 130 138 143
57 61 75 93
51 112 119 123
62 83 84 102
109 139 142 144
79 111 114 135
70 108 135 142
22 71 77 101
89 113 120 128
120 139 143 144
80 103 109 136
18 112 141 142
120 127 132 140
126 137 140 141
2 94 102 134
6 93 94 118
25 69 130 137
33 85 90 144
12 26 87 124
5 27 72 107
15 118 127 138
41 58 67 97
13 127 129 138
71 130 133 142
29 66 93 139
38 47 49 115
25 110 125 131
17 104 110 138
42 109 121 138
55 110 118 128
43 67 123 127
9 71 99 107
38 41 64 98
85 118 141 144
78 87 92 138
79 83 109 143
30 31 34 140
39 106 112 134
73 103 111 114
47 99 109 142
6 113 121 137
57 63 88 144
18 79 102 119
2 57 94 137
43 88 98 106
31 117 120 126
40 71 74 78
17 66 67 69
4 59 98 99
5 112 120 138
35 37 48 89
108 111 124 143
96 114 120 126
85 140 141 143
88 104 124 139
30 86 113 134
13 72 118 138
37 58 59 129
4 113 129 132
64 102 126 126
76 127 130 130
7 127 133 144
7 89 93 135
59 72 100 138
5 26 112 119
7 133 135 137
76 80 90 120
50 73 128 130
24 79 108 123
3 72 121 136
9 25 35 85
21 143 144 144
118 140 143 144
3 33 39 136
52 54 96 107
38 60 109 143
14 124 129 135
15 104 105 128
95 131 132 133
91 135 136 141
8 8 60 142
12 70 92 119
29 95 106 107
54 142 143 144
28 33 41 84
50 59 68 84
71 139 140 140
59 98 107 123
4 37 55 101
8 90 99 113
79 136 139 142
68 139 140 141
85 93 98 100
65 111 113 135
5 90 93 129
106 115 136 140
27 65 70 130
24 75 122 132
56 102 118 140
84 123 133 144
109 137 139 141
98 142 143 143
53 137 138 143
49 64 108 120
15 67 77 97
95 121 129 133
79 107 115 133
132 132 135 142
24 35 63 135
23 86 123 138
12 78 118 140
16 113 116 118
40 42 102 119
8 108 109 120
32 128 137 139
89 138 140 140
44 50 101 127
103 116 125 138
115 138 140 143
65 104 106 123
47 120 121 123
29 142 143 144
69 96 130 134
70 126 127 140
92 120 132 132
40 83 127 143
49 110 131 137
2 66 103 104
113 134 139 143
93 117 133 134
22 75 118 125
5 14 64 91
13 40 53 130
24 114 121 137
7 63 88 92
55 73 79 95
92 127 131 140
49 102 112 117
102 106 140 143
67 127 128 142
47 117 125 138
74 119 122 135
31 77 130 141
62 136 139 143
8 59 134 137
69 99 115 127
6 132 141 141
78 88 99 102
103 120 124 144
47 110 118 125
1 142 143 144
38 60 114 122
47 131 139 139
34 70 80 80
3 22 32 138
8 17 79 124
53 140 142 144
123 127 134 142
46 128 130 142
53 106 127 134
11 121 129 130
16 21 66 143
100 111 130 133
30 106 107 133
1 77 121 128
36 106 129 137
24 122 127 128
8 75 76 86
78 95 110 143
55 64 85 132
42 61 80 115
39 106 112 137
38 82 100 136
22 55 75 117
61 132 142 144
77 96 134 134
64 125 134 137
89 126 142 143
2 127 128 133
72 140 143 143
44 103 111 116
93 93 98 124
60 135 136 139
38 108 120 141
25 124 134 143
72 135 141 144
61 78 87 123
87 134 135 138
31 36 78 92
102 117 122 137
98 110 113 120
71 135 136 141
5 60 76 94
59 134 139 140
27 61 118 137
88 108 123 128
29 87 102 102
27 128 131 140
22 116 142 144
28 86 87 89
