91 97
36 86
20 64
40 54
71 78
51 62
5 21
2 21
17 35
34 43
1 73
22 43
7 54
58 80
55 87
68 69
57 65
25 42
14 32
7 45
1 20
65 85
9 28
61 87
35 67
54 84
31 40
64 78
31 48
10 17
54 74
20 35
1 90
20 90
26 60
45 62
31 40
50 62
21 75
8 72
44 53
24 27
12 17
38 58
30 85
32 62
22 38
53 76
34 37
72 79
66 87
27 37
57 61
56 73
6 56
20 85
55 58
39 46
80 89
3 80
50 57
26 67
54 76
22 72
39 74
31 54
40 72
10 34
10 55
1 54
4 60
49 87
52 78
16 25
26 30
32 37
26 50
18 66
48 67
14 71
58 68
62 86
7 67
4 81
43 66
12 57
50 78
5 32
2 82
35 70
14 71
19 78
27 48 56 73
25 28 41 54
71 87 88 90
26 87 90 90
15 87 90 91
3 22 47 88
10 43 52 81
7 89 90 91
8 34 36 43
9 54 67 86
22 85 86 86
6 54 63 72
20 20 67 70
40 47 49 78
24 81 87 90
11 63 64 75
3 61 77 83
28 87 91 91
21 27 67 81
31 41 58 76
10 51 57 73
40 72 78 89
68 80 85 89
18 70 83 83
18 35 55 63
22 50 68 85
80 88 91 91
28 63 70 88
7 61 70 89
32 55 64 64
7 60 62 90
20 58 66 68
29 46 51 54
3 71 87 88
3 32 42 58
24 50 72 82
68 77 78 88
15 23 63 90
80 84 85 90
12 27 47 85
22 24 67 85
32 82 83 85
18 67 84 90
51 54 76 91
15 27 72 72
30 36 72 79
19 42 45 55
4 22 50 73
30 83 88 89
72 88 89 91
8 77 81 81
4 44 54 76
7 29 42 76
5 30 43 53
70 72 74 80
9 59 79 83
43 68 73 83
83 89 90 91
37 44 52 90
80 88 90 90
24 42 71 91
43 54 65 69
76 82 83 91
24 74 91 91
10 68 82 84
36 40 43 61
1 65 76 85
80 84 85 90
10 84 86 91
19 58 66 87
23 46 55 79
87 90 91 91
52 74 78 84
87 87 88 88
17 43 59 62
20 21 53 64
40 60 61 64
75 88 90 91
65 89 90 91
40 90 91 91
33 76 77 78
5 69 87 89
48 58 73 81
32 78 83 88
16 50 65 86
53 57 75 82
18 49 78 87
26 80 86 91
28 60 67 67
29 49 82 89
58 86 89 89
3 88 90 90
11 29 59 90
36 72 80 89
13 67 80 82
76 76 79 81
66 73 74 87
