24 42
2 10
5 11
9 13
5 5
12 12
11 16
8 16
16 24
6 8
8 22
5 9
13 14
14 16
14 22
17 22
8 23
15 16
7 18
4 13
19 20
1 18
22 24
16 22
14 19
9 23 24 24
3 22 23 24
9 11 17 24
4 8 15 19
9 16 21 23
6 18 21 22
1 3 8 19
18 23 24 24
12 16 17 19
17 20 21 21
10 16 23 24
7 21 22 23
6 17 20 21
14 17 19 21
7 12 15 16
14 16 18 20
7 20 21 21
17 23 24 24
19 19 20 22
7 16 18 21
7 18 20 23
12 14 18 23
14 17 18 19
5 6 9 19
3 9 15 22
6 13 21 22
2 17 23 24
7 17 19 23
1 6 11 20
14 16 21 23
6 16 18 20
6 13 18 20
4 15 16 20
8 11 20 21
3 15 18 19
8 10 16 20
1 12 18 22
2 10 16 20
7 11 13 15
2 7 8 24
3 16 20 23
4 8 21 23
