51 83
27 41
5 49
39 43
34 35
11 38
9 47
12 34
42 50
48 50
41 45
3 20
3 29
14 26
43 48
21 33
22 36
3 13
7 49
19 35
22 37
33 44
28 36
30 39
2 10
17 22
8 20
23 37
25 30
7 23
5 15
10 38
14 43
8 15
8 18
1 36
17 21
13 36
18 19
6 51
7 18
10 25
31 43
18 40
28 47
2 33
1 22
39 47
11 34
10 22
20 22
34 40
35 43 45 47
3 40 44 51
22 26 29 46
4 12 13 49
8 47 49 50
1 25 40 41
33 49 51 51
11 33 46 46
9 35 38 42
9 44 45 47
38 47 49 51
29 41 44 44
13 25 45 48
18 33 37 43
31 36 41 47
20 24 26 49
23 44 47 50
43 45 46 50
23 41 43 45
13 46 50 51
10 31 32 46
2 6 16 17
17 22 28 44
16 28 40 42
15 31 50 50
27 28 39 51
30 35 37 49
8 46 49 50
34 39 45 48
8 48 49 51
24 40 46 49
10 22 42 45
13 19 41 48
37 49 50 51
37 45 47 50
26 41 48 51
14 35 42 45
20 28 39 46
29 46 47 50
16 33 42 51
1 8 26 44
30 44 46 48
19 43 44 44
4 47 49 51
8 27 31 38
24 34 49 51
26 43 46 46
28 39 40 44
42 49 50 51
15 24 45 51
8 40 48 48
4 18 36 40
16 24 34 48
16 50 51 51
24 32 45 47
14 22 35 41
18 31 43 50
15 32 41 46
33 48 49 51
6 12 16 28
12 14 18 19
24 43 45 51
14 47 48 48
28 49 50 51
4 39 48 49
11 32 45 47
3 24 41 49
9 23 25 35
13 20 46 49
1 21 38 42
7 46 48 50
27 50 51 51
19 34 35 50
4 22 43 43
29 29 35 40
17 32 39 45
19 25 41 48
6 31 42 49
27 37 40 49
15 19 45 51
29 35 38 44
4 38 42 48
33 45 47 49
