62 54
8 38
13 53
42 44
37 43
4 56
5 45
12 18
43 62
14 32
24 26
14 22
14 23
1 11
12 62
12 34
37 50
3 42
49 50
6 43
11 26
14 53
45 54
11 50
45 59
20 47
30 52
17 24
3 24
20 25
24 45
4 61
43 61
6 48
37 54
19 33
42 62
3 13
6 57
16 17
39 40
43 59
38 61
8 11
2 47
15 23
13 19
59 59
36 58
25 58
30 60
7 8
20 28
12 56
31 42
6 19
13 54
38 43
5 55
6 54
7 49
14 26
4 40
31 48 49 50
26 52 53 56
53 61 62 62
5 56 57 60
27 59 60 62
2 57 59 60
33 47 52 53
24 31 49 58
4 25 36 50
29 32 47 52
51 57 58 59
56 61 62 62
49 50 55 60
25 39 47 58
6 40 44 61
10 37 46 48
16 40 49 58
21 24 42 47
12 53 60 61
16 55 58 61
18 26 32 53
35 40 47 55
17 23 31 45
10 58 62 62
5 28 31 57
50 50 57 58
12 44 48 57
37 40 50 51
16 17 43 57
24 45 51 53
43 51 57 58
37 46 59 60
17 61 62 62
32 60 61 61
1 3 36 59
14 42 52 57
7 39 41 48
10 44 49 51
4 55 58 62
5 43 47 51
22 59 60 60
20 40 53 57
28 29 32 48
4 57 60 61
44 51 52 60
23 60 61 61
11 16 22 30
12 14 19 42
14 36 59 59
9 11 22 33
5 49 53 60
52 54 57 62
19 36 44 62
8 9 23 55
