90 39
2 84
19 82
56 89
7 83
10 26
78 79
74 88
21 80
22 62
10 29
41 71
13 27
21 90
27 59
23 50
6 86
22 80
56 84
47 74
47 62
29 60
57 87
13 32
36 48
40 47
69 89
34 49
26 48
64 65
23 80
5 16
40 68
13 36
31 73
78 79
72 88
45 77
6 45
56 82
15 67
36 75
1 60
1 47
57 84
1 42
73 83
84 85
45 85
11 15
34 63
25 62
20 61
9 30
28 52
32 81
9 52
4 42
41 60
19 24
42 76
11 23
22 57
60 79
15 23
9 41
21 40
39 50
59 76
42 50
13 59
24 72
10 36
6 64
35 58
15 31
56 80
49 88
8 44
55 85
20 56
23 38
66 70
85 88
20 50
38 63
32 35
54 68
10 31
2 41
37 74
12 46 56 69
17 57 74 89
22 24 53 65
2 87 89 90
68 78 79 87
39 85 87 88
39 76 83 85
23 66 87 89
1 21 49 57
69 82 83 85
24 43 50 76
51 80 82 85
73 85 88 89
50 84 88 90
19 26 62 68
37 46 74 78
68 71 76 84
32 40 41 86
41 42 54 56
3 49 52 88
11 54 67 81
12 16 54 69
22 32 44 86
20 32 47 78
16 66 74 83
57 79 85 86
15 53 71 86
76 79 85 88
29 58 69 81
26 64 75 81
27 84 88 89
46 48 66 70
21 27 49 86
5 5 16 80
4 35 39 60
16 26 45 80
17 50 81 83
54 89 90 90
86 89 90 90
