10
10 0
24 2 47 50 19 41 31 54 12 15
4 3 2 3 3 5 5 5 8 1
10 0
50 56 43 26 18 35 9 41 14 36
9 3 4 4 6 6 10 5 8 7
10 7
14 52 15 45 23 7 27 62 36 51
10 8 6 7 5 10 9 6 1 10
10 20
16 40 29 63 21 9 47 54 36 25
1 1 7 7 4 8 10 1 9 8
10 8
20 33 43 12 15 40 38 27 9 19
9 5 1 7 9 10 5 2 1 6
10 12
34 3 39 11 48 14 38 22 31 55
8 10 1 8 9 2 1 7 10 4
10 6
24 42 32 51 10 19 6 18 46 27
6 3 9 2 6 8 10 7 4 2
10 4
2 16 34 8 18 21 27 35 5 37
8 6 8 3 4 4 7 4 9 5
10 16
20 6 5 14 39 1 27 15 17 29
3 1 1 1 6 4 2 3 9 1
10 16
7 59 6 56 15 28 21 38 43 46
7 2 1 1 1 3 2 5 4 4
