10
10 20
38 21 10 53 49 44 36 17 1 26
10 7 4 3 1 2 9 4 7 4
10 14
14 39 45 48 24 37 7 35 43 34
10 2 3 1 7 3 4 6 1 1
10 11
10 52 30 43 2 20 59 3 27 35
4 6 10 7 4 5 3 9 3 1
10 19
42 6 12 25 33 35 53 52 20 15
8 7 3 7 8 9 5 7 2 8
10 9
35 10 45 53 27 20 30 58 56 7
9 6 10 6 5 4 10 7 10 5
10 13
43 18 19 61 3 31 11 39 24 53
5 4 1 4 6 1 10 7 1 8
10 6
46 19 60 65 51 9 24 37 21 33
6 6 10 3 9 1 8 4 9 8
10 1
4 52 6 47 10 37 55 24 15 30
8 3 4 8 10 4 10 9 5 2
10 0
57 29 38 12 17 49 47 25 6 3
1 1 4 3 3 8 6 1 5 3
10 8
9 13 46 29 42 24 33 21 10 20
7 6 1 7 4 9 8 1 6 7
