10
10 6
29 32 39 26 31 18 16 6 3 13
2 3 8 4 8 8 1 8 7 3
10 5
6 34 17 44 21 24 14 41 45 4
2 8 8 5 8 2 5 7 2 4
10 15
20 5 37 26 22 50 36 10 25 45
5 7 8 7 8 4 1 1 4 8
10 14
53 42 25 62 8 35 48 13 15 70
4 8 8 9 4 9 6 4 5 2
10 10
43 49 23 47 3 10 38 28 29 19
10 6 9 7 8 2 9 1 7 10
10 1
6 16 31 22 55 35 43 63 51 11
4 2 7 3 9 5 6 5 9 2
10 6
48 31 26 44 13 8 36 27 17 4
2 10 5 2 9 5 5 5 2 9
10 17
19 78 12 74 35 28 55 4 65 45
10 8 2 2 7 8 7 5 3 9
10 16
30 54 38 48 6 31 4 24 17 11
1 4 8 7 1 3 10 3 1 4
10 13
54 47 29 10 37 19 62 12 38 66
8 5 5 9 4 2 3 4 5 1
