100
100 50
556 315 117 219 423 520 413 441 385 209 485 181 419 481 241 109 452 120 309 460 364 34 93 136 161 467 401 74 367 408 297 176 12 145 254 542 3 99 52 154 199 19 84 175 195 332 412 58 38 30 264 222 289 168 299 511 42 546 561 60 322 577 507 64 144 127 567 26 421 323 373 257 248 531 114 80 166 431 489 455 497 191 283 155 379 180 395 337 355 274 540 186 472 449 231 523 347 236 387 366
97 55 82 60 95 1 73 7 24 60 14 69 74 1 87 75 14 47 64 91 52 97 95 100 18 62 29 44 26 91 18 74 11 25 57 51 78 98 74 31 38 94 90 92 90 80 68 85 74 98 33 96 12 76 92 95 65 2 59 16 75 15 55 12 52 73 87 4 96 25 68 77 5 86 78 9 45 40 56 90 36 45 83 55 20 7 80 66 22 33 75 16 9 92 98 71 2 53 6 96
100 94
252 339 485 224 120 124 213 169 76 98 500 171 530 425 135 364 152 256 350 423 275 295 490 81 433 8 42 461 372 376 346 103 436 234 304 264 239 33 71 387 545 154 518 72 377 323 449 183 110 216 452 439 184 366 470 180 193 462 272 247 284 162 161 49 236 330 476 144 207 134 238 415 54 3 35 243 225 363 432 19 422 445 539 406 394 116 12 233 527 292 201 88 510 61 403 313 24 99 353 435
14 10 44 53 3 51 30 81 40 3 35 2 47 15 38 69 79 55 77 39 97 72 75 20 20 12 14 60 76 66 44 94 7 82 30 48 45 96 91 17 92 13 79 9 10 79 17 72 1 10 57 34 89 45 69 95 96 30 30 43 37 31 88 67 69 100 12 46 5 96 64 42 6 51 29 33 60 64 17 29 58 4 35 48 71 44 75 46 10 9 74 76 92 24 83 28 75 70 15 61
100 28
225 495 241 209 143 59 108 346 250 566 29 547 482 318 538 294 569 434 78 199 416 309 244 559 484 9 92 487 370 553 49 100 132 153 194 328 493 389 276 397 178 82 124 337 217 116 24 278 297 381 518 36 96 282 357 459 269 235 176 356 529 253 291 526 362 510 2 374 334 109 137 446 439 262 166 432 311 385 317 465 62 306 72 406 283 500 184 350 565 451 134 14 527 163 421 42 197 83 472 425
66 45 3 68 3 19 64 69 54 4 38 30 2 10 83 11 66 43 95 32 3 5 50 71 60 74 97 78 71 59 82 62 50 77 27 39 96 5 71 63 44 17 72 35 63 97 54 81 98 79 38 37 96 1 90 50 74 99 48 70 41 4 75 98 90 17 71 89 79 72 30 33 57 12 54 36 69 62 56 48 94 61 95 69 21 46 51 18 4 93 86 46 6 69 89 65 92 78 77 96
100 82
409 320 483 237 277 55 469 19 143 94 490 494 37 531 513 441 200 496 70 141 309 120 224 133 440 385 104 229 314 401 268 535 524 423 364 473 442 449 60 186 363 519 362 250 176 111 138 45 392 433 334 502 378 275 300 117 208 50 124 168 110 156 218 352 533 148 206 7 15 82 456 329 166 195 430 345 292 463 65 80 415 497 438 27 207 476 59 286 316 257 102 342 241 90 63 511 121 403 368 267
82 92 9 82 75 67 85 78 21 48 27 9 8 1 40 18 15 67 14 79 57 89 55 93 54 20 49 58 76 38 60 62 87 48 16 59 58 3 51 14 25 59 91 15 42 74 14 84 75 81 63 75 9 37 81 49 47 28 60 89 68 74 23 89 32 66 48 49 35 95 7 1 25 6 56 34 11 99 17 80 76 14 99 67 75 18 59 97 98 90 90 3 28 30 34 86 36 54 36 93
100 46
365 243 274 439 475 384 150 323 517 335 380 298 188 90 397 211 28 404 538 441 172 61 129 392 205 207 554 179 360 57 431 284 169 510 100 44 265 491 66 36 573 268 447 370 306 299 239 196 120 348 220 266 13 160 114 385 183 50 346 507 542 529 256 106 3 202 338 58 143 248 72 315 350 228 82 140 271 421 289 482 237 276 139 332 366 92 481 413 195 180 524 466 550 186 564 513 23 234 501 456
77 23 2 23 14 9 12 10 78 23 26 99 82 41 2 68 87 85 46 85 10 24 98 27 57 93 19 65 78 3 28 56 34 64 44 4 24 89 75 19 32 48 8 19 92 37 61 70 83 15 100 53 40 94 67 33 81 62 49 35 6 12 18 19 1 71 43 54 23 21 45 36 45 80 84 86 37 39 92 13 41 18 48 25 81 13 73 10 7 74 62 79 26 46 47 40 35 60 88 32
100 47
232 260 155 79 66 306 32 431 240 439 173 110 33 357 22 533 508 291 476 345 271 518 203 327 541 118 192 96 351 12 300 542 466 149 405 44 557 303 74 281 250 366 459 342 195 261 395 522 441 233 124 106 489 56 89 133 30 311 191 218 165 177 499 469 415 3 221 80 565 549 39 450 181 386 493 482 558 376 517 519 434 228 429 486 491 51 426 526 500 524 396 321 425 140 333 367 245 212 501 571
22 70 22 46 55 9 34 4 100 78 57 26 17 66 52 76 77 83 12 10 30 68 59 59 60 58 68 27 27 15 95 60 80 79 26 68 4 4 53 54 56 97 75 86 17 100 98 46 56 45 67 72 48 46 47 30 89 84 73 45 76 82 89 98 27 93 22 5 51 39 61 10 91 58 41 65 55 15 32 55 45 32 22 22 56 12 40 74 16 86 38 40 7 32 5 94 31 34 44 55
100 92
180 380 332 346 11 228 86 260 503 150 171 131 58 474 277 270 245 360 373 285 66 191 121 522 33 51 370 111 376 206 101 356 255 298 322 114 512 424 112 130 257 400 225 300 307 155 462 501 497 394 427 340 333 517 91 265 16 410 185 317 164 339 214 70 426 327 219 196 487 109 342 390 314 460 454 481 218 468 338 404 443 420 312 76 140 21 250 8 42 27 46 434 237 294 276 446 321 201 3 371
13 63 22 97 73 4 44 38 93 19 12 88 26 41 70 52 16 99 67 24 71 19 43 17 97 40 78 30 18 63 43 81 11 79 78 12 25 12 11 44 66 7 87 50 57 27 30 36 39 31 25 29 93 71 18 72 54 64 64 13 1 49 8 31 98 82 35 23 57 86 40 38 13 13 46 2 10 74 14 7 72 34 46 51 24 65 51 42 60 95 44 77 34 66 78 72 60 70 47 90
100 63
388 566 549 193 40 116 105 63 563 197 142 343 393 317 476 403 241 558 356 380 459 55 144 534 573 265 510 428 331 267 382 134 173 70 250 80 59 421 214 540 335 64 283 50 351 107 447 464 171 86 371 259 299 399 125 149 146 438 467 485 413 339 497 384 228 456 156 85 21 515 236 490 20 30 95 191 67 139 303 313 5 207 219 182 570 501 423 231 130 287 162 525 324 365 454 276 11 514 293 374
54 21 47 96 78 94 29 18 85 74 100 11 12 49 42 46 13 87 31 36 97 16 2 62 32 37 14 67 86 60 55 5 76 51 2 43 73 14 91 51 20 62 49 20 72 3 20 53 9 54 71 31 97 6 51 63 93 67 65 62 34 25 7 12 77 15 5 39 43 7 56 64 55 12 80 78 18 18 46 12 84 59 61 39 1 12 57 90 49 97 80 63 95 63 12 62 6 20 15 20
100 83
416 243 443 381 125 511 334 278 350 195 69 76 385 178 335 426 268 316 79 494 417 132 159 223 542 88 187 116 85 144 369 488 342 33 457 506 353 16 212 452 552 145 399 361 516 141 60 352 261 157 294 7 303 109 250 281 538 476 210 371 43 519 172 26 87 515 53 98 286 230 326 50 314 251 237 455 435 540 204 434 222 164 408 499 486 105 147 484 384 75 529 472 311 391 407 238 464 156 395 341
34 99 47 96 68 48 28 46 71 88 46 68 50 88 33 18 73 29 62 54 29 71 23 51 67 42 39 44 35 62 31 21 3 14 67 21 7 79 38 86 12 39 50 67 94 99 80 57 22 20 35 58 58 81 15 6 83 90 16 62 18 78 71 26 14 21 91 68 82 78 54 48 41 30 52 17 22 34 36 33 9 39 19 82 37 65 57 12 29 6 81 10 14 50 58 8 6 74 14 28
100 39
475 345 130 189 328 5 239 198 552 364 385 95 63 477 376 584 446 168 321 103 415 344 519 541 166 143 336 575 424 587 207 42 307 177 255 51 85 183 12 509 551 567 160 521 458 294 97 221 276 486 500 315 428 203 510 511 113 108 25 232 318 82 354 394 35 279 389 243 368 556 270 214 60 72 482 437 175 311 400 133 403 260 430 534 22 494 151 532 286 300 59 246 450 467 410 396 563 122 222 522
70 40 18 4 26 29 74 57 25 29 76 23 4 9 2 28 67 31 39 63 43 22 46 11 99 63 45 42 67 89 39 64 84 23 22 96 11 60 36 23 100 56 31 25 67 73 72 52 70 68 66 30 67 84 79 39 14 57 37 42 24 97 81 96 93 16 78 4 94 34 84 83 77 28 61 50 70 29 60 46 14 22 12 46 90 78 18 49 50 80 60 22 97 10 14 76 52 55 17 99
100 92
285 425 142 491 103 77 146 49 96 412 222 455 452 310 354 207 297 505 183 234 261 160 376 478 147 500 137 439 278 55 511 320 74 302 291 203 268 350 135 213 270 255 6 434 493 506 39 23 282 521 198 171 64 86 361 72 418 116 162 247 20 392 461 469 316 423 460 40 391 329 451 93 512 33 385 384 69 219 377 347 338 193 448 402 15 249 366 230 125 481 153 174 251 303 475 327 107 241 118 443
28 77 55 24 3 9 2 10 30 67 50 15 62 59 57 50 17 49 1 4 69 91 12 85 9 61 96 35 43 76 59 27 91 77 52 85 82 69 11 16 68 71 2 9 9 13 26 11 86 47 91 21 66 96 12 8 61 46 94 50 6 71 83 73 21 9 4 10 26 41 61 40 12 84 69 64 89 12 51 72 63 63 89 40 52 9 30 74 9 73 4 54 75 40 99 47 16 85 70 82
100 22
286 279 131 268 366 243 488 235 203 452 336 269 113 74 389 519 339 349 512 505 310 304 431 77 401 370 484 106 405 525 32 162 88 385 81 98 51 377 87 123 250 8 260 44 468 182 507 447 141 53 529 462 398 7 54 542 517 169 75 520 166 213 296 217 172 537 258 280 63 189 437 26 38 16 521 66 415 496 328 176 225 197 234 422 114 79 357 404 320 159 381 65 371 240 494 475 155 149 249 541
29 62 88 49 62 30 59 71 48 86 9 27 38 70 85 29 98 38 14 15 58 44 27 81 4 87 57 70 42 83 23 83 33 60 46 82 96 38 36 83 44 12 5 51 98 98 5 18 73 9 8 21 48 1 16 20 20 63 60 60 59 77 80 97 55 22 78 95 68 49 95 97 38 51 69 86 76 61 72 69 84 66 29 58 24 50 48 42 24 63 29 34 33 90 42 48 97 42 96 63
100 65
207 238 442 141 349 469 516 200 249 340 187 473 98 18 298 16 479 307 494 178 402 194 127 77 223 51 330 159 504 209 451 61 466 149 160 57 35 280 353 183 230 78 418 409 128 29 88 11 376 331 121 386 25 488 495 234 288 133 3 45 357 266 265 32 217 182 430 256 279 513 130 362 111 33 232 271 316 370 373 146 86 168 246 325 91 135 417 116 272 384 435 118 67 13 483 427 108 333 461 393
57 98 85 45 2 87 74 63 52 13 62 34 43 42 95 20 91 61 49 90 3 21 36 44 19 10 19 24 33 83 30 78 12 46 100 84 14 10 94 84 99 40 14 42 99 87 90 46 36 13 39 75 16 42 36 73 8 62 83 67 41 34 85 51 36 85 70 15 37 68 70 88 33 59 45 40 48 76 99 62 74 9 10 94 71 16 65 1 38 87 82 32 58 99 62 77 74 16 20 10
100 22
87 255 234 358 193 248 176 531 311 480 111 332 549 500 418 93 275 288 388 221 404 317 274 268 66 560 541 460 338 239 471 389 273 231 142 124 440 376 105 94 61 328 196 486 116 521 341 428 217 369 206 324 51 261 169 152 437 390 434 60 516 354 41 19 494 80 507 450 173 79 554 241 363 382 350 467 184 295 229 406 160 102 340 132 23 342 523 57 208 550 304 392 283 8 13 408 71 396 33 161
59 89 25 37 61 6 41 38 75 3 66 43 36 43 46 70 89 98 48 17 29 14 65 66 38 15 14 15 39 59 51 45 73 82 39 40 33 40 12 34 86 81 46 69 70 29 97 21 24 64 21 63 87 50 87 38 47 50 100 84 84 5 24 7 87 16 73 26 84 95 22 47 46 83 47 97 71 15 93 25 39 72 22 4 6 73 25 53 62 35 100 98 79 22 6 56 68 44 66 32
100 54
107 245 464 54 101 369 85 21 467 331 75 174 257 14 314 405 40 222 310 410 371 479 501 341 65 187 209 269 235 419 103 411 255 109 161 56 137 358 6 52 230 30 393 383 9 142 270 468 280 265 442 499 113 295 286 151 288 483 323 456 3 152 433 118 368 303 375 387 178 198 495 423 447 92 237 201 491 224 138 104 302 129 143 212 165 7 157 469 48 273 339 351 507 418 122 336 311 400 79 190
18 77 9 35 86 92 34 48 40 97 57 65 47 48 41 65 73 80 21 22 39 33 67 50 80 45 40 39 54 78 49 82 46 56 88 10 22 37 6 83 15 31 53 81 44 2 18 81 2 50 30 55 26 56 83 64 38 12 66 29 44 72 37 49 33 46 14 36 63 29 74 80 18 36 52 7 34 91 55 37 9 41 3 47 71 6 34 88 46 85 80 82 23 52 53 98 70 29 6 70
100 30
329 168 257 277 166 151 438 138 370 448 361 485 426 412 229 283 237 423 498 278 20 279 68 135 266 209 298 121 54 289 214 196 114 177 316 463 270 420 127 247 390 30 507 211 57 66 176 131 60 436 147 126 449 14 323 517 23 220 300 203 265 12 527 504 181 468 458 34 83 374 384 103 78 98 183 406 89 4 43 262 190 351 276 360 188 174 51 338 400 518 375 348 161 307 219 235 490 107 392 475
66 16 20 61 37 17 62 57 35 66 95 90 5 24 73 3 82 40 39 76 80 29 89 56 46 64 56 88 58 23 67 12 29 58 79 2 28 41 91 64 64 52 54 55 32 34 61 94 72 48 13 100 71 73 73 65 51 99 94 12 58 81 17 48 77 45 69 9 90 96 47 82 1 66 2 10 68 32 87 71 92 10 18 52 7 68 80 79 15 93 35 23 28 10 46 38 51 67 11 90
100 2
470 126 91 312 191 429 9 421 317 95 304 336 211 440 306 33 302 237 38 484 132 277 450 523 460 3 476 283 489 84 102 419 229 18 197 424 117 94 506 146 374 518 120 105 52 182 406 207 65 48 293 107 137 348 72 31 416 533 243 168 22 417 257 179 316 74 516 385 202 394 491 432 221 61 383 353 16 403 532 327 459 252 278 10 498 170 360 346 195 160 527 325 127 123 267 154 236 535 359 369
32 29 96 41 75 30 90 83 93 46 48 33 33 54 73 68 36 47 67 7 19 20 83 65 48 3 20 49 43 18 28 61 19 47 34 22 94 8 6 39 13 89 69 62 52 12 7 97 92 9 77 63 97 99 26 79 20 92 37 87 2 47 83 57 57 67 11 35 48 85 87 39 16 74 25 10 39 67 85 88 50 70 18 41 39 26 60 46 75 89 70 35 78 32 99 76 3 14 23 16
100 76
521 356 432 528 314 15 273 435 412 373 433 357 118 423 197 400 29 358 454 91 460 506 268 61 73 430 416 269 276 447 259 254 236 334 206 104 364 353 164 88 22 224 234 55 455 37 246 9 74 86 70 466 393 294 149 190 342 180 326 186 486 470 303 266 220 184 374 444 280 305 480 347 442 201 137 496 109 142 409 420 351 146 127 248 511 56 317 195 172 47 141 100 82 158 272 384 94 210 284 99
80 93 59 11 74 68 53 69 81 14 51 21 21 42 30 55 92 3 87 63 37 30 6 37 80 8 7 69 94 1 90 40 53 63 89 52 24 54 36 72 35 74 42 100 42 69 5 16 53 32 8 7 71 77 56 24 29 45 84 7 49 72 80 37 94 14 17 50 68 38 13 35 94 86 34 28 17 4 45 25 22 9 86 97 37 70 12 20 43 2 15 43 83 69 5 51 39 17 60 85
100 14
529 38 450 178 122 26 493 425 52 160 78 473 255 287 11 420 472 448 141 216 47 537 150 36 14 69 362 223 282 206 1 271 547 297 295 532 510 422 200 518 413 257 230 276 317 403 264 351 520 185 49 114 71 355 393 110 542 152 464 328 239 190 89 73 516 170 20 438 375 39 228 491 133 64 372 277 338 442 88 193 103 307 539 55 249 207 458 431 341 325 383 483 501 530 87 237 10 231 129 99
96 28 38 33 38 21 61 33 50 100 12 27 58 73 76 86 46 22 43 36 89 6 58 93 30 99 6 66 54 19 63 30 61 6 11 35 2 13 8 51 64 47 27 55 6 34 98 39 73 89 39 3 81 86 53 71 74 2 24 24 12 8 51 10 84 98 92 34 36 70 32 30 36 84 26 6 7 45 70 68 5 31 61 4 41 15 69 5 14 87 27 57 56 18 76 85 65 41 4 31
100 34
580 372 36 267 529 70 479 91 64 76 557 424 262 441 187 317 506 68 85 218 513 278 246 391 489 434 466 137 379 42 106 533 545 330 59 120 560 502 174 407 15 457 295 182 482 260 415 485 49 139 401 250 277 128 548 559 2 455 200 412 312 155 19 209 565 229 10 364 146 367 584 497 453 574 239 167 288 96 190 521 508 338 575 302 320 24 111 220 153 473 421 384 346 444 163 29 280 536 95 356
82 40 68 95 79 51 44 88 52 83 16 20 70 96 57 35 24 2 74 23 80 8 18 80 89 3 100 34 77 31 73 97 87 51 29 18 60 97 35 12 2 97 50 61 75 62 32 45 95 16 88 60 41 33 84 75 9 13 7 69 68 28 83 60 52 36 33 44 37 97 24 72 31 66 66 99 2 42 39 25 74 93 61 3 96 7 66 2 75 18 47 97 42 26 59 32 100 99 6 56
100 23
12 157 98 183 395 462 134 315 201 376 477 510 34 40 147 289 174 182 116 51 403 268 197 307 3 111 347 143 473 158 458 140 256 353 92 88 485 385 329 137 331 71 246 123 163 164 515 240 20 439 70 211 284 26 429 190 326 64 417 169 101 221 41 310 368 124 426 68 412 260 492 525 287 308 302 228 339 87 373 501 230 358 277 369 82 463 28 272 446 73 210 168 59 325 90 415 282 257 297 455
83 52 19 53 45 31 20 50 71 6 49 34 40 48 21 99 60 84 71 98 100 14 37 20 100 75 52 29 39 80 43 32 26 69 77 85 86 14 76 44 10 89 16 1 71 81 7 58 40 62 8 74 31 13 60 20 56 85 84 87 19 1 17 62 4 93 13 100 80 44 91 14 57 63 20 4 77 54 62 59 8 92 31 42 26 80 25 56 24 10 6 77 49 84 36 3 29 91 32 37
100 4
288 182 120 537 166 16 470 116 502 188 150 151 222 193 121 160 88 454 130 492 381 523 504 52 415 84 196 2 312 533 305 235 131 357 401 311 12 437 241 253 544 323 339 362 71 261 64 139 110 135 269 351 184 397 174 278 191 45 436 24 356 205 461 406 83 62 125 440 411 489 338 37 392 156 72 243 382 149 28 366 277 198 295 372 214 331 254 448 344 93 479 433 425 320 227 101 78 168 374 514
50 70 53 4 86 35 29 13 87 46 48 51 58 93 38 23 5 78 12 72 38 95 88 18 87 89 87 4 57 70 6 75 65 66 93 86 52 37 19 94 77 81 75 62 73 40 10 39 11 42 43 1 61 61 96 82 31 100 90 25 65 62 11 87 4 82 95 14 57 16 23 84 87 40 16 93 68 87 69 41 54 63 62 98 80 95 73 4 49 70 3 48 42 86 72 1 99 16 96 94
100 27
480 10 148 107 221 48 438 441 256 284 29 214 108 179 391 372 463 123 506 571 138 362 495 474 460 323 386 580 542 40 549 170 117 342 334 381 239 534 182 277 356 456 341 433 446 288 590 65 250 111 348 228 575 57 71 267 424 395 128 368 163 503 196 90 98 297 515 157 304 567 355 472 401 524 192 573 309 317 52 86 79 411 180 20 207 264 215 198 300 238 325 558 568 245 35 486 416 560 33 246
78 87 93 99 35 1 24 60 44 79 59 13 48 55 62 72 66 1 9 20 71 30 13 2 45 87 31 74 83 32 63 71 92 16 45 90 12 17 13 41 38 44 46 32 16 76 14 45 2 24 59 19 7 19 46 77 40 24 60 94 12 31 66 81 20 84 72 81 91 45 76 49 33 80 90 27 3 95 78 29 14 15 11 76 82 15 59 59 81 9 95 72 79 3 21 9 33 77 8 28
100 59
394 89 165 245 451 209 555 315 493 86 159 426 517 293 471 191 39 51 254 228 153 229 547 560 402 579 539 83 298 183 230 564 198 570 60 457 140 503 365 14 325 286 386 459 382 284 445 25 235 408 522 172 430 345 399 107 226 373 7 411 177 123 520 132 466 45 32 47 529 269 115 435 246 217 263 524 460 480 69 368 363 354 305 142 418 19 278 489 331 143 577 97 513 312 199 337 225 77 433 494
75 30 61 85 97 48 67 3 11 4 83 54 64 91 17 67 74 64 97 49 48 17 45 74 43 67 28 45 74 22 82 87 43 75 48 39 59 89 49 85 67 83 62 47 79 28 78 72 24 50 53 97 79 88 12 11 72 50 22 84 52 21 6 63 76 53 76 2 39 83 23 48 92 44 46 23 63 39 46 45 97 16 79 68 96 15 49 12 21 33 65 40 59 34 28 79 77 60 2 75
100 74
282 74 346 245 114 185 8 427 298 15 267 113 134 172 213 174 478 429 408 474 421 84 202 473 356 378 399 486 453 314 289 159 140 304 463 370 55 418 330 115 326 310 208 249 376 25 392 450 125 305 384 361 169 119 442 82 239 36 138 200 6 278 496 49 325 230 93 355 219 149 391 65 490 339 167 438 45 411 322 353 362 195 76 257 236 317 367 271 344 462 111 183 441 395 244 101 360 31 52 229
99 70 81 98 23 42 63 99 4 81 84 72 73 7 75 20 65 30 35 59 33 17 84 92 59 1 61 89 2 71 23 96 4 12 88 21 11 2 3 23 48 64 89 67 85 31 77 61 41 78 91 51 74 23 22 50 9 23 28 39 18 89 4 57 60 81 27 46 79 1 34 4 15 100 34 88 25 53 77 30 94 32 73 13 57 7 27 30 77 62 70 53 30 79 94 91 10 66 79 83
100 21
466 138 413 475 214 408 245 147 213 460 246 181 136 237 104 79 189 122 411 287 195 158 27 53 264 63 206 474 444 282 8 208 416 24 320 404 394 146 351 255 23 435 204 100 164 384 385 124 431 125 86 153 308 311 130 455 358 274 70 233 298 40 17 349 365 71 224 293 155 355 327 377 423 373 169 35 480 445 340 65 112 184 45 188 364 176 94 490 383 337 225 471 459 328 277 148 102 378 362 476
66 50 49 96 40 96 90 41 74 19 47 55 79 22 17 40 23 9 77 56 57 59 77 30 25 36 73 39 89 90 32 94 74 73 35 89 26 5 42 27 46 45 78 73 23 14 51 88 97 32 63 32 76 98 47 48 6 99 86 83 62 96 86 93 46 23 26 65 26 100 22 41 94 61 46 31 69 25 91 46 17 40 30 24 28 14 71 25 34 74 91 44 22 77 70 70 49 27 99 5
100 22
57 196 273 351 191 67 506 160 522 174 49 422 135 403 220 22 214 446 39 518 237 471 155 120 152 184 294 485 297 170 311 291 452 477 31 231 488 511 429 315 103 108 479 212 91 257 415 413 365 393 521 53 55 34 84 380 76 428 370 383 438 461 346 447 130 334 323 263 421 17 7 226 283 374 14 238 146 336 248 32 143 331 236 407 301 205 99 361 387 61 376 30 3 75 202 132 244 498 114 491
59 59 90 63 5 60 15 44 37 22 84 26 15 15 25 98 16 16 74 94 100 63 81 23 82 79 17 17 100 13 71 21 75 25 25 2 60 90 44 58 17 94 24 22 11 40 21 17 6 48 62 58 27 90 75 77 90 91 19 83 7 56 9 80 36 30 27 82 66 74 1 39 62 8 54 89 72 53 26 99 80 64 20 36 13 20 44 63 13 54 51 75 66 52 77 25 56 73 64 7
100 57
25 271 127 534 71 80 41 11 565 547 10 134 170 571 245 276 163 237 392 220 297 427 241 577 295 343 216 156 213 101 190 327 306 262 493 3 342 79 352 318 224 446 335 521 21 529 370 296 293 196 502 235 553 95 151 457 520 50 111 135 28 371 287 380 62 15 456 299 569 165 123 311 390 130 484 38 204 556 437 54 361 401 539 418 234 180 145 474 546 464 511 72 215 117 90 253 409 561 277 340
5 60 43 74 60 49 86 94 57 42 25 16 18 37 63 8 16 15 28 83 87 65 70 32 48 86 46 4 16 76 65 38 44 53 34 47 41 74 33 6 5 15 97 33 35 49 86 75 19 77 98 43 72 84 6 18 26 40 11 88 55 21 73 92 46 61 7 47 43 36 23 69 96 24 4 80 49 31 63 77 3 87 58 25 79 92 89 27 91 60 64 10 33 21 61 55 11 51 33 12
100 38
424 59 385 468 109 273 546 495 227 298 304 174 249 456 203 411 299 279 555 560 161 523 29 532 139 30 155 312 432 9 512 201 490 211 349 321 318 24 96 25 132 288 98 237 183 46 509 519 395 461 129 113 316 264 475 222 122 170 381 239 367 62 392 542 331 339 48 70 568 358 40 213 197 415 383 153 18 260 144 75 504 53 354 402 373 253 481 192 441 89 447 357 533 549 364 85 104 234 576 552
14 50 48 58 23 91 53 86 20 71 38 19 40 79 55 55 90 26 24 7 73 92 61 94 85 41 76 23 15 49 50 40 8 2 54 19 51 58 78 44 8 11 7 58 22 41 92 88 100 43 77 39 81 34 53 35 52 77 81 80 64 31 39 5 97 96 17 47 53 29 78 91 52 74 52 45 55 84 69 29 34 1 85 92 94 17 81 6 80 81 1 75 3 17 41 13 94 3 46 73
100 9
23 428 317 261 529 289 136 538 401 326 311 13 227 518 419 200 382 466 374 116 6 102 343 418 222 19 30 472 137 565 235 579 152 126 215 555 527 16 506 296 329 490 95 39 411 498 241 396 257 265 570 206 76 432 511 365 91 456 58 420 237 186 188 85 303 340 83 247 379 449 11 170 49 549 132 168 147 391 100 541 533 198 177 478 441 212 337 355 330 107 68 267 554 347 483 463 493 161 279 273
9 74 24 5 87 8 79 7 81 70 13 22 50 17 75 20 90 55 47 57 93 55 97 26 52 95 48 95 27 47 40 29 56 45 60 72 81 48 42 97 46 49 83 34 52 90 78 26 45 93 49 3 14 71 74 44 24 40 84 92 81 45 32 50 25 79 54 40 34 1 65 94 100 4 1 63 89 55 94 24 99 3 50 7 64 52 15 66 31 90 88 27 96 52 13 36 62 87 23 38
100 50
244 376 145 164 33 8 480 281 460 343 268 487 368 13 401 176 451 526 47 400 525 185 518 258 267 327 278 331 221 23 339 419 42 156 473 54 277 238 363 378 169 381 304 351 216 222 293 433 209 489 397 344 305 208 38 498 135 533 308 190 483 117 109 535 303 249 194 412 49 68 69 201 98 22 88 126 354 228 318 441 79 391 426 239 202 180 512 175 468 101 287 63 407 149 94 113 507 341 417 40
16 49 67 71 29 76 60 93 2 28 2 37 73 93 41 41 89 43 70 43 43 77 54 85 31 80 84 37 80 42 26 98 84 81 24 91 36 91 71 92 43 11 5 6 33 58 34 16 35 28 23 60 65 3 93 82 3 81 60 93 9 68 50 12 98 73 37 48 93 8 22 97 72 9 87 72 97 61 39 43 27 76 89 39 55 97 100 45 49 69 48 91 96 41 72 8 45 70 89 24
100 98
445 459 7 222 323 215 114 529 414 409 489 201 352 274 433 122 67 58 254 210 249 450 480 303 315 499 14 286 30 526 516 398 267 48 508 312 23 383 226 357 46 167 133 346 264 484 65 453 154 97 344 519 435 295 338 394 164 139 502 399 75 328 124 406 87 511 193 521 506 365 74 177 85 109 374 137 384 467 412 147 259 411 38 198 536 163 186 106 393 304 239 465 423 235 282 473 366 273 298 12
30 46 7 42 70 20 59 61 58 13 8 23 16 70 6 4 8 99 36 72 10 68 45 43 33 71 41 37 89 67 94 80 76 73 75 100 32 25 60 44 69 30 59 20 23 31 34 76 54 29 29 91 16 7 66 4 2 75 52 8 29 75 23 22 95 32 17 100 97 85 48 90 24 25 7 14 31 23 86 74 45 22 96 76 51 95 3 32 86 87 63 51 11 37 42 5 17 48 4 86
100 42
85 163 495 322 421 301 221 567 236 398 548 557 289 517 121 45 329 93 524 427 354 359 263 219 112 101 246 335 318 499 433 264 311 83 218 75 512 16 282 475 134 124 344 139 466 10 60 271 544 456 453 49 151 361 165 193 543 256 233 106 22 35 296 484 27 506 212 94 117 223 370 143 74 198 220 222 538 183 528 278 409 379 199 208 488 388 55 518 68 20 155 175 405 442 415 448 19 302 154 519
60 93 29 99 78 68 38 46 83 27 68 32 3 15 50 63 96 92 10 94 38 12 37 91 41 31 73 85 36 72 2 20 68 1 11 40 34 10 74 61 10 12 48 6 92 39 95 61 89 46 37 22 58 55 52 27 5 60 91 40 30 80 88 87 19 30 2 14 50 27 83 61 25 13 57 89 61 14 84 69 61 42 26 72 2 61 88 70 67 42 64 75 75 77 29 34 52 48 60 96
100 80
96 309 225 330 371 11 496 510 4 461 302 257 2 486 384 107 480 465 307 449 315 151 43 228 444 397 124 499 78 342 501 276 176 183 27 206 219 346 159 147 236 365 358 119 412 520 167 269 319 345 463 250 32 286 14 101 379 19 429 294 39 240 349 389 472 272 141 215 155 189 171 162 436 407 188 17 87 455 131 454 380 413 197 314 114 66 483 430 261 336 326 469 48 423 58 144 320 73 174 410
94 2 13 97 60 44 51 77 24 74 91 92 89 46 67 21 62 87 97 37 63 88 9 99 83 20 81 71 51 72 26 54 20 12 99 29 14 81 18 85 100 13 21 26 32 46 94 66 31 99 61 47 46 15 85 29 58 94 88 88 96 2 45 93 50 34 28 40 82 83 23 8 62 39 28 83 67 53 52 40 5 58 73 38 1 50 12 56 15 26 50 99 71 87 79 87 70 84 93 22
100 61
382 409 471 267 366 391 308 476 97 356 156 464 417 361 344 163 313 370 218 184 63 283 232 354 483 23 242 260 138 10 252 217 317 36 118 5 379 12 457 74 117 435 412 126 168 447 454 296 331 47 177 474 58 106 194 104 431 488 202 493 56 100 401 93 204 109 441 213 323 18 498 197 108 40 284 292 504 395 277 325 341 509 91 203 225 81 130 519 60 363 145 342 303 148 67 318 114 4 26 425
79 83 4 78 30 44 80 5 79 67 53 9 98 24 3 32 11 43 88 64 48 28 62 80 24 13 33 27 76 82 33 35 13 28 19 9 52 96 76 89 75 40 30 75 29 68 93 34 74 13 72 19 18 9 65 55 83 38 1 36 33 98 33 6 18 99 24 47 74 85 24 56 19 26 1 47 49 88 19 77 24 4 38 21 80 19 80 94 42 75 42 90 45 34 41 10 11 68 89 42
100 18
253 441 97 489 14 460 12 334 354 224 79 537 150 85 512 129 429 263 155 21 294 237 351 290 189 299 227 469 107 25 479 488 455 23 545 281 368 174 161 180 374 530 320 158 298 411 60 40 74 384 330 87 35 199 37 209 424 430 364 394 210 499 305 278 4 142 67 323 494 345 509 111 206 247 446 54 314 359 127 117 414 311 401 463 251 268 139 45 76 367 216 168 339 435 517 208 523 214 113 56
12 66 98 91 63 53 89 93 8 75 77 76 39 32 31 69 48 69 64 62 94 99 74 49 5 43 21 22 17 45 35 6 46 30 40 68 97 78 68 86 91 73 98 55 19 31 46 91 99 30 61 25 13 43 13 37 14 53 17 52 46 10 37 39 94 28 46 66 53 15 43 82 7 25 86 51 45 99 29 43 99 76 69 45 72 57 43 8 41 59 37 82 78 46 85 66 84 94 5 63
100 53
302 287 8 165 471 73 47 6 519 299 155 122 28 105 523 410 461 212 542 97 217 459 501 503 282 203 286 532 447 193 30 93 396 491 386 209 412 418 115 57 281 341 58 366 317 510 536 289 402 525 376 474 351 483 456 263 273 168 36 494 111 507 371 333 469 497 82 41 14 434 239 385 84 312 365 325 140 323 147 356 222 187 40 153 131 63 20 384 215 18 524 245 184 174 253 150 438 425 363 230
2 18 59 30 97 13 65 11 83 47 78 89 85 66 33 6 19 78 38 85 28 41 57 93 80 50 18 21 16 17 14 20 18 33 11 43 15 45 69 55 28 84 36 78 88 44 95 18 99 16 77 70 32 2 37 63 79 24 33 85 4 46 28 97 96 82 82 40 80 21 6 50 33 95 50 28 51 11 97 44 61 98 22 69 66 74 66 89 7 7 95 53 15 81 61 93 22 61 6 15
100 68
380 463 46 474 324 129 378 401 158 336 69 225 141 160 175 235 399 515 469 135 253 181 87 35 5 216 293 339 43 168 95 328 24 298 3 444 327 145 453 250 79 304 196 254 301 280 201 112 191 271 437 486 211 506 120 392 73 228 363 240 371 105 244 436 429 334 416 18 283 499 314 489 155 264 484 310 159 332 386 389 55 130 411 136 346 351 449 33 435 395 44 420 96 407 171 13 172 360 131 62
62 57 9 42 46 60 61 53 92 62 58 1 3 19 13 82 8 92 76 23 46 30 60 6 23 84 41 35 82 87 87 20 30 55 90 85 1 45 53 85 16 23 24 38 52 35 98 71 82 80 5 82 48 37 87 77 90 2 73 99 78 87 51 10 15 15 45 60 95 32 15 23 98 40 64 34 15 5 52 2 58 21 11 35 63 67 50 20 1 54 96 44 4 93 30 29 63 1 87 68
100 77
209 320 472 167 498 98 408 230 159 238 198 381 51 411 242 361 191 166 441 356 31 476 286 78 59 220 122 389 369 530 304 546 128 73 524 154 200 317 216 112 306 54 464 268 443 22 278 145 253 329 186 91 68 270 426 11 113 386 13 506 84 80 89 406 458 38 474 312 106 496 537 29 39 449 354 485 477 104 296 5 438 538 512 260 4 493 252 152 339 45 176 255 515 419 345 371 136 274 428 398
100 3 79 42 87 57 100 20 26 12 77 77 22 29 34 30 34 52 93 70 20 50 9 71 32 45 22 40 49 40 88 37 84 32 20 47 65 73 82 2 68 38 24 14 85 75 15 16 40 46 80 76 47 3 92 70 3 85 41 99 21 76 3 39 86 71 50 100 59 68 1 91 46 17 25 14 72 70 24 8 73 38 31 6 98 42 39 29 63 64 4 74 6 31 17 30 71 49 42 88
100 34
503 489 278 353 169 437 90 381 71 210 417 305 106 29 487 398 385 432 150 463 292 363 35 329 239 471 494 18 27 409 129 179 298 426 230 97 224 266 93 454 253 142 337 477 186 291 525 132 513 94 397 390 504 255 119 80 1 332 49 479 240 252 312 75 320 137 516 58 351 243 286 65 520 375 16 403 220 149 190 165 442 159 113 81 203 307 59 274 449 259 368 8 310 346 193 303 301 511 83 42
82 8 47 77 74 41 62 41 14 68 28 95 27 49 58 70 79 85 89 30 80 10 71 72 19 16 41 14 68 68 21 64 90 25 37 15 44 68 9 80 46 25 11 81 50 33 100 2 58 15 47 66 88 21 10 100 17 73 77 57 86 80 60 81 25 85 22 63 16 6 97 64 94 98 6 36 71 48 32 57 83 100 97 44 12 65 9 26 41 49 65 20 47 92 71 96 10 8 83 10
100 80
408 152 492 16 482 112 154 328 132 472 82 398 174 355 259 252 197 243 32 293 462 504 431 335 448 287 276 443 10 106 388 53 92 342 367 484 168 211 348 239 244 219 182 254 310 180 2 76 142 394 452 377 440 33 301 538 531 346 218 201 318 241 164 363 1 228 373 248 436 41 269 69 510 116 179 25 297 206 321 425 238 284 63 171 501 122 255 15 98 47 382 521 50 420 541 512 389 446 416 191
99 82 28 65 65 23 66 94 67 21 24 10 37 99 57 38 18 78 24 55 40 80 24 19 18 70 58 1 38 81 18 50 35 39 22 7 3 63 1 9 35 55 46 63 23 63 62 74 46 45 95 60 8 84 49 92 3 28 99 44 65 6 99 16 96 40 8 8 42 83 84 25 89 86 78 80 57 42 51 2 42 69 35 16 92 52 57 19 8 26 5 50 58 32 30 58 63 93 98 38
100 10
278 39 407 414 109 356 438 354 444 457 124 339 378 419 35 294 150 396 505 539 57 430 226 239 303 385 28 488 379 263 484 179 390 186 526 24 325 496 78 232 357 6 93 504 423 217 328 395 196 83 12 219 302 445 183 519 244 277 131 283 70 25 381 389 400 347 212 375 60 86 320 331 251 160 314 111 118 465 309 95 14 287 363 255 530 490 361 474 104 453 170 292 141 230 204 323 510 369 271 47
36 56 100 1 23 79 47 84 65 10 44 10 26 97 1 6 11 96 30 11 90 97 26 26 16 72 21 80 43 14 92 23 76 46 27 55 91 13 66 97 4 78 93 44 57 4 90 90 71 64 69 79 62 55 83 39 61 49 14 60 5 27 93 60 33 71 69 45 43 73 29 95 24 86 99 32 74 41 60 50 67 14 18 100 26 75 46 25 91 83 24 65 48 71 84 77 46 2 81 9
100 58
286 442 395 260 57 530 236 208 27 338 48 542 159 167 86 215 368 380 381 533 249 467 414 234 376 477 440 445 189 302 346 294 99 311 240 275 120 278 158 126 490 18 195 15 457 516 404 505 389 133 176 228 471 523 119 321 184 206 360 488 2 424 499 171 454 481 545 148 289 39 329 267 432 473 109 251 5 433 417 446 203 303 492 31 277 512 288 143 539 339 425 279 352 111 225 67 95 77 444 197
56 84 88 58 4 53 45 62 94 5 54 64 74 60 56 59 19 50 84 21 4 41 10 86 9 100 50 30 86 5 49 44 7 60 67 60 49 13 48 62 14 99 53 7 68 25 12 81 11 22 42 75 45 37 76 30 52 40 32 60 24 20 57 69 55 32 20 81 41 21 51 74 100 82 34 44 98 61 21 9 83 18 12 90 53 100 91 55 69 5 96 96 91 91 70 39 92 98 54 33
100 63
48 178 173 300 88 427 433 201 37 280 75 409 320 209 529 120 130 150 469 253 479 16 50 386 100 39 559 463 44 228 401 2 172 449 79 1 26 512 311 287 443 262 255 368 105 381 78 336 54 237 291 73 453 421 61 397 140 546 193 36 477 310 485 238 354 535 138 27 158 328 315 186 505 538 343 500 9 553 344 560 246 242 522 396 24 361 418 493 567 259 371 270 219 235 128 111 91 168 65 182
7 52 92 36 82 92 25 76 10 56 72 14 63 100 26 82 73 15 45 66 66 97 27 8 71 82 31 52 11 87 53 45 46 43 46 99 5 5 55 30 67 64 19 94 65 7 79 58 61 59 58 11 10 94 96 78 47 83 43 47 36 57 56 10 21 8 69 2 75 47 52 99 37 73 87 26 64 58 10 44 42 68 64 94 22 81 53 44 42 8 80 33 90 87 3 78 37 71 92 11
100 19
363 355 169 494 411 266 461 568 373 347 488 547 136 334 292 310 26 502 78 209 556 535 433 378 449 562 94 188 142 59 237 128 154 182 218 420 365 322 86 430 515 153 192 518 44 160 542 100 211 108 31 397 230 561 275 453 216 326 302 443 509 118 265 398 324 228 133 470 283 179 255 250 290 17 577 54 80 516 575 69 313 122 527 199 399 370 256 150 340 205 388 241 41 10 312 165 512 403 18 479
86 1 36 61 78 46 58 49 69 5 29 12 70 18 73 9 14 21 40 24 42 40 11 80 18 34 10 2 46 61 95 69 64 14 97 22 26 23 70 87 37 3 94 60 74 49 11 81 10 83 33 11 30 21 8 7 36 45 71 59 98 15 14 26 42 50 87 91 40 40 76 61 32 98 31 9 76 37 72 68 28 41 60 9 1 54 95 55 39 18 2 56 54 14 18 10 75 63 31 54
100 79
283 236 191 284 552 161 43 351 388 267 93 461 444 102 83 401 136 185 305 158 512 429 542 173 28 2 166 503 227 421 271 368 377 360 150 324 298 406 145 495 313 558 176 50 317 515 168 384 257 76 215 232 128 21 281 225 17 111 492 240 205 38 407 119 7 107 467 327 66 204 14 221 242 337 546 139 194 525 33 484 59 249 474 451 263 396 288 435 82 523 318 321 69 462 347 413 534 346 49 379
77 77 38 43 36 42 26 19 74 25 91 13 94 67 80 25 25 28 44 93 63 68 65 76 29 57 5 71 77 77 85 83 82 70 100 35 63 100 51 65 25 30 56 61 26 89 35 45 84 13 56 72 87 14 4 55 93 36 62 13 47 45 8 98 53 53 42 8 56 16 96 58 47 76 51 78 70 18 56 34 44 85 26 46 36 45 61 68 89 33 91 59 42 71 87 92 5 81 27 79
100 56
417 93 441 403 351 146 294 80 325 200 229 467 87 341 497 406 366 427 263 7 232 500 281 241 29 194 286 491 230 134 52 498 179 444 137 316 2 452 115 187 378 170 312 359 271 340 267 161 219 133 509 35 260 62 135 385 270 130 107 83 374 210 399 70 333 323 468 421 419 3 211 102 305 45 246 155 150 242 153 17 476 126 300 254 143 34 433 407 485 141 23 144 360 461 84 324 513 119 390 116
79 78 30 55 44 29 79 50 59 48 63 99 3 71 3 36 41 95 6 80 79 2 32 4 64 83 18 65 67 23 58 77 91 30 81 49 25 92 43 83 61 9 3 97 96 37 17 9 9 25 43 20 3 86 52 76 12 30 58 30 91 89 16 8 82 2 20 28 36 43 94 55 76 27 80 84 62 69 49 97 18 37 12 35 97 7 38 2 43 68 84 84 10 4 83 42 8 32 49 43
100 66
324 279 157 440 67 559 129 478 45 477 510 326 359 435 273 295 44 377 311 427 344 550 34 492 91 532 336 223 237 473 241 525 140 517 556 14 163 500 299 372 266 321 229 415 77 488 544 98 287 247 212 150 113 307 86 103 51 398 405 37 277 224 59 197 368 97 386 1 182 390 132 8 263 244 353 24 476 533 466 211 280 474 423 221 453 253 205 271 444 171 120 304 331 539 461 187 566 450 180 154
84 86 18 67 62 52 25 93 78 77 90 82 20 33 8 15 1 94 42 67 13 30 14 100 85 93 28 11 28 98 91 82 44 34 9 27 76 72 33 22 95 2 100 79 63 44 42 82 59 79 41 78 73 11 57 20 99 90 75 6 56 31 15 33 12 55 94 6 14 38 62 37 52 6 87 72 75 45 3 74 59 8 41 10 44 15 27 55 12 92 30 18 48 27 7 4 41 52 3 99
100 74
436 100 109 336 308 210 158 38 243 214 50 27 20 155 429 510 340 142 57 231 272 534 474 460 132 248 212 310 520 451 327 367 280 538 17 270 409 77 255 362 186 375 485 338 551 262 54 493 121 356 542 9 78 114 191 10 171 442 33 129 1 216 411 399 299 316 238 87 526 347 127 209 81 383 320 390 554 67 161 488 430 470 146 290 178 464 91 65 478 198 62 503 184 382 224 421 43 445 195 203
38 34 2 31 29 65 94 65 9 21 30 10 33 49 69 59 95 98 20 9 20 4 31 91 29 74 100 37 25 19 100 40 5 36 100 95 7 100 69 5 66 65 50 39 85 22 22 38 18 86 3 48 27 9 15 53 43 90 68 86 54 62 15 32 41 82 69 58 92 99 99 85 88 93 64 47 58 58 43 63 15 50 53 89 16 60 35 98 47 67 2 84 89 42 77 87 97 57 37 15
100 58
303 77 361 286 329 182 39 15 569 291 377 255 71 386 507 135 84 298 163 26 98 244 203 228 140 30 2 190 200 324 422 238 105 232 90 271 184 257 130 352 95 174 23 460 499 343 541 347 12 482 165 256 151 45 396 205 426 278 150 211 474 407 122 70 514 137 266 503 465 383 445 457 560 413 46 523 531 307 156 365 21 336 171 494 56 114 251 439 1 435 451 372 551 218 317 123 337 489 401 61
86 10 33 59 65 80 83 41 22 2 42 2 78 23 85 25 22 81 99 9 65 84 66 70 74 52 6 30 6 26 38 70 54 12 74 96 36 38 69 3 22 36 100 85 23 74 79 7 52 91 51 78 1 91 97 27 54 12 64 81 15 45 2 74 52 93 27 14 92 14 43 87 86 84 8 34 52 13 18 38 80 55 49 81 48 20 38 60 1 55 13 1 12 13 35 22 83 84 42 70
100 13
327 48 247 175 325 345 78 35 153 93 490 361 147 380 24 15 6 527 73 11 516 132 18 336 442 189 404 68 228 163 367 145 514 427 470 141 123 464 21 277 255 177 286 321 236 548 525 37 212 349 418 352 165 88 203 260 414 102 139 480 547 46 532 98 358 227 434 375 492 221 390 58 543 305 56 535 506 269 218 372 357 158 496 38 174 296 396 109 445 454 311 194 374 119 52 55 184 32 273 244
25 76 60 79 72 71 34 66 93 97 10 8 83 57 29 40 15 41 16 75 15 60 84 38 46 7 20 77 86 37 7 23 42 7 3 16 93 80 50 33 91 92 8 92 61 72 87 9 21 89 22 29 29 70 86 38 83 82 100 52 93 23 59 34 25 63 75 1 85 75 88 71 11 40 43 26 63 60 89 98 21 22 3 12 42 10 1 25 22 33 68 89 88 35 55 5 70 69 6 72
100 74
490 512 257 503 274 500 270 482 201 100 154 307 463 283 162 287 120 470 28 74 403 439 317 468 456 306 271 106 422 87 514 459 365 242 377 47 147 44 137 259 393 436 402 149 14 37 362 342 339 262 8 526 426 219 23 48 31 446 536 56 232 329 179 305 371 166 297 510 478 130 359 96 528 69 191 189 73 384 540 539 134 209 410 520 430 249 83 52 223 350 370 172 313 321 273 418 133 177 111 59
39 23 65 61 53 62 55 94 62 2 33 83 89 44 8 59 10 95 69 77 44 89 45 94 26 64 66 60 91 65 69 85 7 57 16 69 84 66 78 22 63 36 4 29 82 3 61 45 7 66 97 70 84 21 98 100 22 4 3 82 12 92 99 45 92 53 66 96 39 51 10 71 8 24 22 53 29 97 67 46 53 33 50 32 46 53 62 73 43 62 38 52 35 97 20 57 57 84 80 64
100 10
130 401 294 369 252 512 309 35 239 59 136 533 269 561 186 418 223 516 301 230 139 152 334 435 392 293 542 377 122 327 273 176 241 20 283 337 24 210 26 443 319 47 454 455 148 92 552 478 109 196 323 161 489 44 255 506 120 428 285 498 70 94 532 508 389 445 355 382 78 158 170 333 64 411 218 280 183 544 110 117 361 156 397 83 206 100 459 523 49 486 468 551 14 29 57 490 250 7 347 260
81 49 19 28 76 71 55 44 98 87 93 17 74 51 69 79 7 84 96 4 86 42 35 44 64 68 61 11 41 29 21 44 55 24 90 92 92 83 13 69 81 86 36 45 25 78 54 3 10 49 55 31 99 100 7 61 91 68 25 64 57 9 95 73 20 32 83 74 40 48 17 98 49 87 10 35 41 72 56 31 55 36 3 4 6 95 53 64 12 48 80 18 89 31 87 4 96 12 42 44
100 75
193 289 29 368 189 393 297 202 224 524 422 262 544 316 328 28 285 174 33 567 359 312 495 383 387 46 275 537 212 427 474 183 546 529 405 145 121 439 461 519 350 550 236 254 337 562 267 90 479 217 173 480 107 218 21 303 53 81 4 321 7 211 308 397 523 161 452 11 465 412 138 234 148 150 63 442 450 232 106 246 130 488 341 233 155 38 515 414 505 168 99 249 55 433 301 375 559 445 71 117
94 51 5 53 66 83 9 85 77 42 50 60 54 55 49 82 80 89 80 4 20 36 94 1 46 1 51 54 73 7 17 51 70 97 72 46 90 11 65 90 69 52 67 99 34 61 59 42 86 17 30 59 96 30 62 80 76 78 67 32 90 25 83 10 27 67 61 39 35 84 89 69 71 2 25 6 45 27 93 85 6 94 77 89 41 23 2 43 92 26 48 59 34 5 36 41 69 79 26 80
100 100
240 551 89 99 518 67 451 207 524 198 84 4 118 232 471 75 492 335 419 54 483 426 386 48 71 195 108 135 284 231 531 308 336 321 163 250 359 133 165 558 57 349 112 222 2 325 275 66 204 440 395 346 377 541 410 201 219 266 177 53 314 502 45 153 218 197 405 368 544 260 215 562 24 407 476 392 310 144 294 272 508 230 384 409 246 303 434 328 445 461 457 187 506 40 14 126 32 167 311 481
55 90 77 11 84 75 82 68 10 35 81 3 21 78 97 79 37 77 57 26 31 65 30 19 48 15 28 95 85 67 100 41 56 76 9 93 5 35 74 44 67 19 60 71 88 70 91 48 6 50 21 65 99 83 62 83 97 61 96 52 43 70 86 97 39 38 81 48 85 10 6 9 13 19 48 71 84 47 7 14 15 9 53 25 52 79 56 6 42 87 27 32 46 4 10 83 71 24 45 82
100 59
281 54 455 39 424 126 318 544 20 342 324 17 53 486 216 462 29 132 453 190 256 300 117 537 269 56 68 238 146 72 466 413 81 164 349 155 381 149 71 203 326 160 202 371 260 44 131 503 139 400 15 226 545 531 198 495 361 475 386 91 473 476 478 208 168 108 501 241 291 228 406 508 420 296 185 524 101 308 2 512 59 74 177 274 522 440 63 387 432 449 496 47 250 392 5 130 141 520 334 356
98 57 41 41 69 91 15 75 28 75 30 94 54 34 92 51 96 27 44 57 100 27 19 18 25 10 33 44 33 70 67 33 59 66 59 70 75 97 87 98 29 28 61 62 17 27 77 5 24 12 21 88 29 25 7 89 88 38 41 43 93 73 32 79 6 16 53 34 42 23 40 22 92 19 8 80 26 73 60 30 62 34 91 8 16 20 25 12 96 92 60 17 16 94 43 93 78 20 8 74
100 9
220 476 73 314 526 174 261 290 83 544 557 279 208 367 309 385 115 357 63 245 70 424 146 5 27 411 224 259 233 419 588 492 502 351 100 286 587 46 480 350 183 199 103 152 184 336 430 142 520 519 348 277 192 130 38 74 376 395 553 165 179 447 110 215 442 40 255 589 573 327 120 236 90 398 510 299 269 323 467 55 440 343 138 405 68 445 463 531 201 122 453 15 581 162 23 490 563 569 32 541
1 6 51 67 15 72 8 17 85 67 15 74 97 5 16 100 64 68 29 99 39 73 95 8 15 99 48 39 87 17 18 66 45 71 82 13 59 25 53 45 60 96 82 63 4 83 35 3 91 88 92 17 7 94 60 69 87 23 40 18 49 83 19 34 64 52 15 13 59 9 84 47 17 94 53 85 89 56 53 42 26 86 71 9 90 96 78 48 82 93 10 10 76 94 81 68 67 61 98 79
100 65
58 281 538 513 485 330 55 125 249 137 252 475 17 402 114 183 531 521 170 433 309 269 9 268 26 421 298 24 407 65 1 296 284 287 91 127 555 69 37 425 493 354 220 381 151 217 464 230 388 497 459 180 275 548 22 527 182 325 333 503 512 467 197 262 211 396 315 314 138 173 79 372 13 240 371 345 191 389 99 280 87 122 299 45 443 363 167 208 541 159 450 34 68 413 198 385 105 222 147 342
27 17 97 46 32 65 41 97 14 57 82 66 68 6 18 54 73 100 10 95 99 20 46 25 55 76 89 43 98 81 16 74 19 50 6 5 67 9 46 96 77 41 72 24 58 64 79 10 61 6 95 11 6 27 23 71 4 86 52 27 66 5 90 91 60 55 60 100 71 67 1 87 54 5 39 2 90 77 4 34 9 28 16 25 97 82 74 82 29 66 18 96 1 72 79 81 93 30 2 75
100 86
318 488 255 435 233 294 202 494 448 78 412 30 410 182 114 405 319 54 365 90 166 407 421 462 12 467 221 273 26 56 96 151 485 385 548 18 283 519 372 212 33 60 253 142 4 564 264 355 344 105 251 48 127 540 43 155 350 67 514 134 555 510 502 492 163 242 476 136 311 226 70 338 431 86 144 397 112 218 234 442 174 326 389 532 160 113 331 65 526 120 286 284 200 171 377 58 456 391 301 190
12 99 41 48 26 75 26 16 44 28 36 8 52 59 93 96 48 6 8 4 87 69 72 31 77 9 24 53 65 83 99 86 98 59 37 71 82 65 34 89 38 50 42 87 13 52 33 14 40 53 50 89 87 43 15 98 41 18 1 46 51 17 11 72 99 34 22 88 78 95 89 15 44 6 82 90 78 61 35 61 19 94 97 60 91 38 6 38 63 1 45 78 65 59 100 59 17 39 69 30
100 43
382 343 96 196 401 177 42 113 521 22 392 50 108 384 154 57 236 498 365 240 323 258 134 313 390 278 144 246 195 356 501 479 95 126 2 288 217 251 7 118 70 165 431 357 460 332 376 345 459 210 346 221 116 106 211 11 417 335 264 307 91 169 361 424 488 244 81 204 117 358 237 60 32 99 86 404 269 135 444 411 77 451 17 63 295 207 511 470 226 186 159 78 372 245 510 58 188 435 115 297
13 57 100 5 36 19 85 69 14 64 46 9 74 32 28 94 77 45 99 46 57 9 22 8 1 57 2 52 42 42 75 95 62 9 43 43 76 78 26 49 97 64 2 81 99 53 19 90 2 1 98 10 20 56 67 6 65 67 87 54 71 92 90 5 53 67 65 49 76 38 58 50 30 15 44 5 8 49 59 65 7 89 11 44 35 67 52 94 90 68 86 29 75 89 17 98 28 43 89 93
100 88
294 529 266 283 72 218 88 454 527 308 535 153 475 502 417 49 514 107 340 239 404 345 116 428 157 129 53 301 178 79 548 65 76 510 5 41 32 31 446 356 276 485 519 397 225 293 194 460 117 167 492 138 259 103 558 329 229 321 38 407 245 413 418 224 148 468 255 336 542 288 552 211 348 346 569 142 377 27 13 497 488 177 564 314 364 425 59 155 188 94 204 387 541 436 28 17 122 292 549 371
3 3 21 19 68 37 61 19 41 79 13 89 48 99 47 72 44 71 51 2 8 14 71 82 58 91 17 71 58 42 59 49 46 18 90 59 58 72 11 33 28 19 45 13 46 62 67 3 88 35 40 24 78 50 17 71 1 22 93 96 81 9 55 33 12 26 87 16 72 4 63 88 3 72 26 40 4 71 59 24 69 24 93 74 92 96 30 56 92 74 9 19 53 8 65 21 65 62 71 93
100 51
241 159 154 380 420 87 290 361 273 500 300 490 527 26 116 455 510 225 453 532 283 481 46 524 395 433 1 351 306 462 175 138 55 129 134 540 7 478 246 36 363 446 165 443 332 508 263 507 61 264 430 404 11 96 205 378 416 411 41 147 215 493 354 256 326 228 107 198 408 341 166 232 371 68 79 54 99 187 304 289 210 193 385 153 126 459 449 516 172 470 399 6 3 184 423 316 150 454 17 71
26 100 69 3 68 48 71 38 3 38 50 10 92 42 87 42 91 17 34 99 31 95 70 95 50 86 83 86 74 74 65 86 62 62 75 73 39 82 71 42 17 19 50 26 95 39 99 12 30 53 24 13 61 99 43 37 3 5 20 7 88 59 83 1 34 36 10 49 3 27 17 64 33 26 61 43 2 41 73 57 6 82 73 24 4 15 8 5 89 61 72 67 88 85 82 85 19 85 11 47
100 13
466 9 140 268 134 19 435 101 147 160 36 398 226 110 389 493 59 50 1 124 178 141 491 216 485 76 187 336 191 343 183 297 206 168 143 45 185 404 43 275 314 164 390 38 119 327 489 362 39 44 247 61 117 476 516 373 425 445 260 496 498 93 231 403 519 450 374 203 152 342 83 241 170 304 26 7 256 200 320 506 411 282 456 356 115 394 413 469 69 372 418 384 347 8 318 340 291 127 249 169
49 37 64 63 96 6 10 74 35 43 1 78 13 73 100 82 58 98 15 5 34 91 40 91 8 35 26 8 50 81 86 34 13 31 91 70 5 29 86 85 92 96 27 43 5 90 56 71 28 44 26 19 45 82 71 74 76 42 19 55 47 78 66 18 92 11 9 13 75 20 29 78 71 97 35 89 50 49 27 86 25 83 65 32 56 67 9 39 89 17 42 8 52 63 13 39 95 64 36 38
100 42
378 259 427 392 415 451 262 238 169 276 310 457 503 411 124 108 358 403 43 476 266 181 412 49 9 433 327 498 490 14 439 98 120 53 167 40 301 547 10 72 4 350 394 92 465 23 133 398 553 437 491 368 189 340 176 106 518 355 250 186 228 311 532 284 201 545 158 139 155 82 330 198 291 66 557 347 448 386 33 473 535 246 447 118 515 524 295 413 3 211 225 62 513 78 148 423 319 482 221 224
58 77 18 10 36 92 57 85 88 57 72 49 84 12 25 12 99 35 28 62 56 42 67 74 66 67 83 97 82 20 39 15 26 84 7 40 27 32 8 11 12 5 79 34 46 51 19 17 63 68 3 31 31 37 52 45 13 23 32 68 64 62 71 42 13 53 95 70 57 6 55 88 7 68 77 43 62 40 77 65 85 98 7 4 44 32 40 43 15 100 51 27 19 20 5 6 69 79 33 80
100 34
459 161 32 416 412 221 191 16 304 530 256 393 508 13 369 144 22 42 341 28 563 231 68 466 99 217 519 96 51 181 238 370 10 382 541 503 538 335 88 271 115 154 423 306 324 567 497 386 214 543 364 374 314 445 291 60 136 237 355 170 281 436 346 126 263 298 463 246 492 102 78 451 572 552 299 173 251 360 278 458 178 480 403 176 509 328 166 473 119 372 566 107 489 201 297 522 557 205 33 431
54 56 48 36 88 99 46 15 70 97 15 74 82 78 55 78 53 10 23 88 70 49 37 36 22 47 48 3 21 98 1 96 94 14 76 75 56 12 63 63 3 94 20 100 21 31 59 72 33 90 44 12 42 4 56 7 77 93 21 90 52 49 74 44 66 75 37 1 96 61 22 86 67 69 37 76 72 96 63 42 28 51 24 14 82 27 42 38 85 64 52 80 89 58 89 90 1 28 34 41
100 31
336 425 50 285 214 80 65 95 127 229 43 116 461 171 466 19 294 477 446 247 356 16 35 277 488 136 392 46 113 504 71 88 99 263 255 67 29 55 135 442 326 319 496 296 290 268 240 6 238 379 219 199 505 180 33 56 310 443 141 452 190 93 303 434 47 473 14 275 346 157 101 92 131 479 362 274 183 123 408 151 206 107 215 324 419 345 369 201 104 165 444 395 337 401 384 459 391 332 483 411
87 54 8 81 92 36 76 40 31 59 83 63 19 11 52 46 72 4 77 1 31 40 34 50 82 38 32 11 80 43 11 54 84 4 34 4 15 48 45 67 31 57 53 87 87 77 97 33 38 62 36 12 56 11 10 77 42 31 47 95 87 27 50 84 17 35 80 4 50 95 59 51 35 96 8 44 19 19 64 99 36 39 97 77 17 2 92 29 18 10 99 88 83 65 60 11 36 93 62 71
100 10
134 33 176 271 369 474 507 256 467 518 19 149 311 504 293 48 524 279 230 182 461 59 430 365 80 302 173 488 23 234 265 484 198 320 495 425 165 334 472 453 285 67 378 324 211 260 392 125 478 243 438 296 290 155 261 373 363 432 139 301 55 35 141 372 418 201 181 342 401 9 519 325 72 389 191 497 382 413 238 511 216 89 446 409 345 106 145 247 508 422 455 114 314 354 225 208 361 43 99 121
82 17 39 68 74 95 41 6 60 33 81 57 47 28 85 81 39 5 93 23 62 69 26 75 55 79 100 48 2 51 16 26 4 83 33 76 40 90 1 72 8 80 96 85 21 93 75 68 45 7 100 38 22 86 19 9 44 41 55 70 66 97 94 18 41 76 12 23 51 13 85 72 69 19 59 62 34 93 87 25 74 49 28 18 95 18 84 55 17 87 41 30 68 33 56 29 80 47 41 50
100 33
264 473 378 457 464 12 490 209 346 47 420 411 129 205 147 158 388 111 95 123 150 106 487 2 545 478 369 99 467 227 531 56 30 219 307 151 42 50 69 271 241 34 447 507 58 204 210 234 276 39 527 525 401 79 88 463 119 431 187 168 177 20 351 502 348 201 258 75 62 406 360 400 518 31 404 198 320 512 390 308 135 381 300 98 330 197 555 142 432 41 437 497 286 539 317 353 421 248 291 340
13 84 73 77 24 2 38 10 30 81 73 10 41 51 72 59 15 43 1 88 10 50 52 99 82 80 35 56 100 38 97 77 39 34 93 63 7 85 86 45 79 47 17 32 79 29 20 19 64 15 100 68 35 81 21 32 68 18 48 80 72 73 51 28 4 3 67 37 33 85 97 39 70 39 32 69 16 21 38 13 8 99 75 51 50 29 21 85 59 23 57 76 69 20 37 51 58 23 12 100
100 91
80 423 340 39 59 124 411 272 536 360 461 27 528 218 472 63 350 164 58 66 110 297 40 391 520 104 420 144 3 376 368 481 307 509 154 172 345 383 113 288 183 399 244 278 505 226 545 349 550 479 373 85 31 20 176 313 196 48 400 330 430 494 10 115 462 456 69 256 503 93 394 424 511 192 77 377 526 436 165 321 225 97 184 446 190 491 293 136 204 262 209 199 483 254 343 234 200 133 410 341
24 19 64 40 55 64 59 86 74 65 95 92 74 67 7 84 71 82 38 85 54 5 64 82 50 95 51 45 13 41 72 80 16 74 58 83 13 74 56 22 64 26 8 92 33 95 13 46 35 35 26 14 96 26 87 52 89 7 8 53 76 45 65 32 85 71 38 31 71 78 63 13 75 28 21 100 20 37 89 28 37 15 22 23 85 62 16 47 88 67 94 94 70 20 7 42 72 93 32 38
100 14
96 319 323 438 380 126 403 498 298 489 455 518 154 276 377 23 199 333 5 145 313 142 531 331 98 294 527 49 36 406 180 368 394 229 347 221 18 306 206 275 181 407 51 116 255 446 512 78 44 290 492 106 81 86 104 343 39 189 420 400 430 263 480 282 463 136 304 510 431 541 365 30 170 57 357 79 188 465 376 505 13 471 196 198 476 295 238 268 114 216 493 462 61 384 507 416 164 150 247 68
6 76 36 19 64 26 24 47 45 20 58 80 32 60 73 36 99 42 90 91 33 79 19 37 65 94 34 43 82 34 22 45 44 48 19 89 27 96 3 49 14 74 51 99 83 62 78 95 45 69 81 62 38 48 35 13 57 5 58 36 13 82 72 71 37 39 83 51 95 69 34 68 36 11 36 92 71 74 84 61 98 11 25 46 78 89 18 9 38 66 3 11 2 40 70 44 67 31 78 86
100 83
503 349 393 409 95 513 214 10 378 298 103 250 481 490 118 442 266 437 111 92 195 192 88 367 337 174 129 96 286 385 305 491 165 56 232 304 259 15 272 219 470 289 471 44 94 343 326 181 357 149 226 90 418 140 344 45 39 261 77 271 182 70 158 48 514 318 28 436 245 363 242 204 138 99 445 61 497 269 218 453 375 400 170 517 122 87 229 428 334 431 315 401 482 455 50 23 465 280 283 35
92 55 61 21 42 2 74 84 57 69 66 46 52 11 66 75 74 25 49 36 10 28 9 73 9 65 90 83 31 54 100 73 3 5 47 35 56 96 2 60 10 17 88 60 52 88 76 55 88 53 90 30 70 8 42 69 20 20 48 5 14 25 65 80 26 75 55 26 94 4 54 25 28 45 67 3 99 56 22 3 75 69 21 17 97 70 5 15 93 40 34 50 68 93 53 58 51 2 85 79
100 37
147 313 264 157 282 94 446 253 194 536 444 54 159 221 165 231 519 236 188 211 456 48 107 172 348 212 242 127 2 75 371 205 124 529 79 41 429 355 512 451 270 108 470 378 342 294 85 111 187 362 161 406 196 334 327 527 57 511 286 303 422 471 269 184 336 479 495 222 101 178 103 259 357 460 18 504 396 346 500 113 44 483 244 279 434 130 387 12 318 245 77 138 118 67 24 32 181 489 416 177
65 7 9 22 60 29 81 95 61 20 63 62 39 55 47 27 57 89 48 34 82 15 75 10 62 82 42 98 95 16 79 48 32 61 52 84 82 36 68 46 4 72 56 49 97 87 16 83 54 31 63 13 27 20 10 21 2 94 22 15 21 82 90 99 93 39 31 61 10 19 2 43 42 94 49 59 11 69 63 89 93 29 32 87 34 53 57 32 16 41 83 51 15 86 71 23 71 32 70 69
100 65
273 341 479 218 271 509 33 528 233 44 92 52 187 455 346 535 339 18 413 361 467 260 428 154 311 332 97 436 149 489 302 399 83 543 291 76 366 127 123 390 497 320 521 133 282 531 202 512 464 240 181 384 249 122 164 171 316 67 196 268 466 501 352 504 255 15 62 420 116 538 31 536 182 537 22 105 9 375 430 157 487 441 475 106 448 326 404 34 72 483 226 293 53 26 41 140 472 211 136 553
46 2 73 3 96 70 26 5 95 24 84 43 9 61 67 53 74 75 72 6 49 19 52 87 50 37 95 19 55 22 38 100 27 52 98 25 79 48 49 82 67 98 93 9 19 98 45 60 46 28 30 91 42 3 26 57 16 30 9 71 64 93 4 10 74 99 67 87 27 66 28 52 73 54 68 80 70 15 8 86 48 98 10 66 14 82 46 8 87 70 24 61 62 93 40 62 85 86 88 6
100 13
511 526 543 178 535 57 131 481 338 204 410 272 454 329 375 145 13 92 505 7 54 351 405 52 431 269 461 415 390 279 262 385 469 215 302 254 366 48 368 201 102 397 312 230 446 355 25 321 45 22 70 81 282 121 35 58 436 176 152 239 445 316 223 388 356 169 249 65 160 404 309 261 111 353 423 135 463 191 251 462 521 82 489 69 184 528 315 221 497 207 177 472 538 76 553 298 341 260 288 379
13 41 68 79 66 95 52 73 6 99 48 79 21 89 56 8 11 16 63 26 53 7 27 78 37 78 73 84 1 10 82 88 8 88 79 41 38 6 90 82 63 95 66 94 89 43 56 26 82 63 87 29 60 79 21 93 35 47 48 76 41 54 72 94 81 57 14 100 98 68 53 99 36 97 14 10 56 93 37 36 17 36 95 82 23 30 91 34 53 62 17 21 8 16 34 29 81 42 96 95
100 64
285 239 169 413 44 451 67 166 466 141 261 430 494 133 336 313 193 10 441 120 416 459 392 361 191 464 275 13 429 302 268 346 354 74 436 481 214 180 58 130 184 211 292 342 274 330 373 467 371 106 237 295 465 73 71 100 247 63 220 111 477 160 379 35 454 404 25 54 171 449 256 294 420 202 78 151 386 97 23 439 307 319 325 489 409 24 88 223 210 122 297 231 83 196 98 277 399 27 238 440
20 96 92 29 36 93 19 18 85 61 5 80 48 15 48 79 21 39 4 32 51 91 6 99 15 98 24 15 79 61 10 30 61 27 82 74 67 13 1 48 40 50 3 39 1 92 2 22 10 96 72 31 82 56 7 20 72 8 96 28 37 1 41 15 89 89 48 97 93 3 35 91 27 73 62 80 68 98 47 23 81 92 27 67 24 55 42 52 57 56 77 69 80 55 86 57 16 74 40 29
100 50
57 63 42 284 494 548 290 215 431 508 449 301 33 330 465 55 73 25 458 139 479 3 498 209 43 504 174 115 342 152 254 385 88 159 1 185 210 419 488 105 127 416 454 99 451 517 526 411 544 196 190 220 531 135 332 441 18 266 200 10 313 205 356 271 303 183 372 427 473 395 334 83 491 415 298 244 489 409 444 82 366 349 322 413 368 142 213 401 218 164 123 235 50 124 537 229 382 279 261 90
14 76 87 27 39 90 2 23 47 7 84 59 17 90 84 61 75 24 72 77 50 13 74 30 94 98 71 2 52 20 6 1 36 18 11 51 93 41 37 30 62 69 24 49 86 25 80 79 40 49 9 84 82 60 19 36 98 63 45 72 35 48 42 40 93 30 58 77 69 50 82 18 91 74 32 71 12 97 94 36 17 31 52 24 17 31 82 76 23 2 99 36 52 24 17 99 41 14 35 1
100 3
504 165 399 446 48 207 535 428 121 281 427 276 468 579 251 411 563 158 478 160 114 553 335 233 131 104 223 164 217 476 63 376 162 459 5 55 94 523 466 571 174 471 424 268 7 334 408 180 419 455 36 465 261 98 173 367 110 452 199 495 345 328 144 32 318 589 73 171 85 197 382 354 392 518 24 364 437 141 152 17 78 508 401 545 150 489 187 533 300 291 246 313 238 310 52 143 302 43 482 77
100 15 91 92 90 29 73 19 81 36 17 85 43 98 61 29 38 37 81 79 52 37 82 60 71 69 74 4 20 87 88 15 60 22 88 71 5 58 10 56 44 64 77 66 8 100 70 5 79 22 96 26 50 21 21 43 79 12 35 76 22 31 36 6 44 38 25 47 81 79 5 15 25 32 94 45 44 72 19 74 41 54 29 49 36 46 11 3 81 8 27 33 30 89 34 40 31 83 68 62
100 44
7 360 331 215 435 338 128 393 333 458 153 83 475 494 281 518 124 437 94 72 509 69 436 49 203 375 299 497 365 351 161 282 321 104 258 468 304 287 21 115 134 54 144 99 364 418 102 236 207 16 230 190 40 241 169 403 91 427 106 231 211 181 482 93 249 307 179 508 313 276 442 193 452 309 384 71 346 8 30 496 409 266 252 396 382 297 400 288 505 59 163 492 488 420 340 61 388 225 74 499
63 69 89 100 87 23 2 99 94 94 35 20 41 65 13 44 32 35 16 87 21 42 30 55 56 62 35 74 99 12 39 56 10 36 47 59 66 13 28 32 29 19 32 48 60 11 51 52 59 49 83 30 73 39 1 74 4 17 81 26 80 53 84 97 33 62 33 82 65 75 58 42 20 46 79 97 29 29 19 49 89 70 28 97 65 39 98 100 40 80 1 11 63 31 87 22 34 99 18 18
100 70
485 278 440 349 38 263 316 135 487 457 119 510 3 85 110 39 499 479 239 122 198 222 308 368 333 395 53 459 343 24 282 254 31 305 91 250 344 445 79 314 131 291 192 484 7 45 123 450 100 36 327 387 469 407 444 176 494 186 140 101 362 486 232 482 271 37 150 258 375 15 513 241 320 423 425 93 352 502 369 206 496 252 273 293 61 378 285 70 167 476 434 86 215 402 33 157 132 415 272 302
36 32 40 53 56 82 66 75 23 23 38 40 44 20 68 92 64 69 2 87 59 77 10 52 20 87 48 66 31 52 59 73 14 97 66 2 25 11 84 56 49 72 77 32 74 98 23 17 49 5 67 73 47 53 16 3 82 65 79 32 3 99 16 43 85 1 56 61 64 67 43 38 14 84 37 76 38 75 94 5 30 20 56 56 52 86 4 92 37 56 96 98 73 68 59 49 41 55 9 64
100 48
208 234 25 177 150 6 36 355 458 227 308 31 326 113 320 477 364 160 516 512 520 248 536 71 427 496 288 225 80 327 145 63 429 328 421 56 468 371 533 278 215 118 186 19 523 132 346 435 294 101 390 47 486 422 241 153 381 116 304 188 125 37 438 87 414 470 426 38 410 190 505 90 273 399 310 263 167 98 492 14 256 10 525 70 373 370 161 135 334 448 146 404 341 464 108 466 198 527 151 231
57 68 3 44 100 36 15 47 84 14 17 86 70 100 7 12 80 4 62 95 19 22 98 64 92 32 71 21 33 64 80 36 12 15 9 54 29 84 23 17 78 69 45 89 72 63 77 15 72 85 72 2 60 27 25 85 24 30 82 8 64 30 54 14 32 63 9 23 63 8 71 80 10 34 90 47 41 51 60 39 29 55 93 72 89 21 7 77 47 94 59 69 26 97 48 7 94 52 99 31
100 37
502 52 549 281 443 17 211 373 163 488 9 231 97 319 377 182 301 221 173 273 294 418 189 343 425 250 132 409 202 400 530 453 588 491 364 454 472 440 580 324 508 430 26 383 241 140 4 498 91 257 82 354 526 417 499 568 497 107 510 448 299 111 210 22 311 559 101 266 329 46 75 338 154 34 518 478 575 38 331 392 583 300 348 598 125 486 473 72 315 194 155 540 464 54 168 62 117 96 291 145
82 84 84 25 89 59 55 84 69 15 23 29 58 51 8 28 66 73 1 28 68 65 45 50 22 77 15 48 19 9 8 34 70 91 17 24 86 45 83 90 96 81 34 81 60 76 28 30 72 67 13 29 65 62 23 68 41 100 60 86 7 14 75 93 12 87 80 19 99 83 12 37 93 18 90 79 33 15 34 60 37 60 99 6 16 51 74 44 85 67 96 30 2 53 37 92 3 47 57 81
100 56
162 205 277 38 461 179 27 438 491 485 190 23 174 332 502 166 101 86 185 336 148 198 117 348 343 447 266 415 167 84 252 199 521 130 284 370 239 123 331 202 449 10 299 223 281 233 52 501 405 468 2 140 414 294 95 210 314 509 154 476 57 259 248 385 43 425 392 54 215 395 279 141 251 517 306 443 181 147 64 487 160 358 323 377 109 62 276 76 71 16 514 91 421 288 394 459 435 232 37 360
15 11 19 51 8 37 88 82 27 13 1 43 61 44 88 81 69 84 62 35 74 25 60 86 83 81 10 72 19 69 57 58 88 62 3 7 45 10 95 89 95 27 9 41 45 79 59 21 52 12 12 21 45 47 87 16 91 24 7 57 20 22 55 18 98 7 37 34 12 78 90 38 51 13 95 32 30 65 10 91 65 45 33 84 27 96 19 92 66 76 92 35 78 52 34 1 98 97 15 74
100 8
511 50 63 9 84 484 30 274 425 445 167 184 23 348 124 458 79 212 95 518 183 173 195 380 400 296 394 145 418 387 467 435 207 157 221 553 373 72 190 279 545 395 98 479 2 295 135 326 287 169 40 153 504 460 339 264 281 114 297 309 148 140 305 15 353 317 246 492 238 256 241 206 450 105 487 101 78 524 144 369 259 477 226 362 335 231 556 267 534 408 56 42 320 495 91 535 391 134 341 203
71 76 41 63 8 32 17 12 29 78 55 52 32 87 1 6 92 97 75 19 96 85 85 12 82 8 61 60 80 44 7 6 4 46 97 47 61 49 60 87 45 28 18 60 94 10 28 14 4 14 51 28 18 52 48 25 81 50 24 1 16 39 30 30 20 41 24 28 59 14 38 25 82 3 70 27 69 13 69 65 50 90 32 78 91 68 12 22 100 97 58 5 33 34 51 7 73 61 67 72
100 3
102 444 399 266 330 442 35 445 344 53 195 409 219 374 454 522 280 18 335 407 156 395 367 233 139 506 9 384 271 559 555 59 183 210 434 45 451 204 514 173 38 484 151 504 307 372 312 568 532 155 106 424 186 92 487 437 477 247 349 459 115 403 569 389 428 465 209 371 497 265 121 542 149 148 130 212 83 257 84 29 105 320 379 360 548 23 227 419 535 163 67 351 237 78 473 127 70 298 30 288
7 47 79 90 85 69 3 90 24 14 99 76 27 81 1 3 46 37 39 29 64 61 16 3 98 38 87 10 30 87 26 39 19 35 68 37 36 1 93 63 19 18 75 58 42 9 3 36 24 45 12 26 81 68 82 64 57 18 29 8 17 93 69 60 81 51 23 78 56 40 65 36 23 8 74 92 66 36 7 2 21 3 75 81 3 17 94 81 96 48 19 61 61 53 96 41 2 79 83 60
100 0
311 541 515 301 38 192 467 51 266 549 55 142 384 227 372 380 229 147 343 80 408 477 11 52 567 255 317 170 276 433 111 180 120 557 165 116 434 237 511 370 219 436 243 291 448 270 177 389 523 441 349 395 226 107 99 184 118 253 70 28 132 231 63 503 453 327 592 316 465 90 333 461 46 41 584 201 531 212 413 400 61 140 575 493 423 486 256 381 2 157 360 125 20 299 207 59 194 285 197 353
7 47 11 25 71 62 63 44 82 36 15 36 64 16 77 50 46 26 20 99 10 72 82 91 15 51 26 39 51 94 8 35 45 2 13 11 94 77 57 68 93 10 30 7 52 8 50 13 1 66 36 84 92 12 82 82 6 80 84 18 27 79 54 13 53 65 59 4 66 56 7 61 6 66 28 48 44 27 58 25 28 30 12 18 52 78 34 54 93 85 27 73 20 82 84 79 7 82 46 36
100 9
411 95 46 87 267 354 74 39 174 406 496 136 380 246 470 85 123 407 442 514 405 175 304 270 541 65 308 183 239 249 423 18 485 436 315 4 207 21 475 75 551 291 484 384 196 133 62 533 27 57 491 431 233 378 238 14 124 463 458 103 146 108 154 361 37 452 295 498 469 335 117 214 343 63 345 371 395 167 419 242 524 195 159 506 187 385 222 325 48 271 259 333 204 545 7 223 289 240 313 281
35 11 77 98 79 25 35 24 22 23 53 52 40 34 12 62 18 33 39 73 56 11 80 6 93 34 29 43 79 55 71 92 14 88 61 43 9 54 12 68 87 5 52 91 62 53 56 74 38 29 17 25 66 79 31 82 43 90 46 41 79 13 61 11 40 65 8 13 85 32 5 56 33 96 6 1 57 93 97 60 50 85 86 66 99 80 4 37 74 22 75 40 28 16 63 4 54 79 5 59
100 20
127 11 114 156 76 250 98 148 479 444 427 214 53 539 502 201 232 407 137 266 278 163 92 255 82 145 59 65 397 454 488 303 241 225 117 340 317 260 526 385 155 268 371 469 375 493 336 10 411 310 48 228 446 359 28 437 395 218 89 95 84 46 330 463 79 239 41 393 418 20 208 543 314 292 534 178 258 355 159 66 283 279 304 83 348 198 545 74 416 320 192 182 511 31 369 106 170 518 299 120
28 36 63 10 41 52 79 6 23 94 18 22 85 34 47 36 76 81 33 15 21 93 47 62 1 76 71 54 71 10 13 54 56 63 96 38 28 94 2 76 59 36 42 88 37 57 34 78 56 90 16 54 84 30 27 27 29 57 55 100 93 17 79 86 95 85 57 79 51 26 43 16 17 51 82 3 13 61 54 45 20 75 70 90 92 3 54 42 13 93 39 54 14 31 30 90 79 91 33 1
100 43
5 217 462 499 233 57 205 408 318 187 157 99 417 361 202 65 148 423 7 77 88 158 301 125 476 431 422 487 249 210 69 42 238 443 87 245 32 271 418 380 131 119 516 495 348 393 325 115 21 294 155 471 357 437 76 229 254 16 508 323 284 172 310 109 146 381 478 89 37 524 47 514 382 177 278 515 453 24 102 226 166 137 188 338 475 194 333 512 363 391 402 428 503 83 134 373 98 263 489 267
90 51 75 81 19 33 61 41 6 88 80 78 16 65 90 18 69 100 18 9 63 24 82 44 71 22 48 2 27 58 75 58 90 81 33 40 42 9 11 41 59 24 79 27 94 74 85 6 9 32 88 96 10 48 3 2 44 9 94 60 74 20 42 6 26 93 60 52 37 87 94 88 54 40 3 21 56 47 5 100 68 55 47 4 87 5 86 19 32 92 83 24 16 64 99 49 5 33 20 100
100 17
63 286 354 557 538 485 127 273 168 435 175 143 585 159 294 491 565 124 329 503 550 548 195 358 577 208 99 529 49 89 17 314 188 395 401 239 50 137 336 586 180 519 258 44 454 310 344 575 523 75 71 427 205 515 219 35 265 55 66 104 459 249 32 255 152 376 227 322 464 14 471 300 151 84 114 341 366 70 320 29 439 513 65 325 235 210 481 469 9 418 409 161 20 386 501 561 335 279 445 375
73 55 98 39 92 39 23 72 36 80 94 59 34 7 59 78 20 70 3 22 28 95 29 98 71 61 85 15 34 9 48 52 61 21 77 84 40 78 75 83 90 5 29 15 64 98 50 82 52 47 26 95 14 93 55 80 38 50 22 65 77 58 70 50 39 7 37 69 5 70 65 62 3 11 31 6 8 5 44 11 40 93 69 42 65 86 54 5 1 43 57 69 7 69 6 19 73 83 28 69
100 15
180 32 303 297 77 191 351 85 3 408 361 38 512 466 27 50 60 418 144 121 446 101 196 205 238 134 182 522 1 171 128 451 259 300 483 229 336 424 384 536 366 430 528 401 333 10 136 442 491 478 469 69 158 7 289 219 356 265 216 111 208 437 320 294 222 330 91 282 248 115 78 275 443 28 534 376 102 252 414 162 163 498 400 490 507 458 258 231 148 312 345 263 149 20 187 215 262 393 70 42
21 51 57 4 1 40 76 31 65 70 86 21 45 53 96 43 53 75 49 95 88 40 25 13 72 67 11 7 72 21 73 93 59 12 80 68 21 69 99 99 37 43 17 24 69 45 91 44 38 46 72 95 27 12 97 87 24 33 74 18 28 68 22 20 18 41 19 44 82 59 56 12 36 65 46 35 75 95 74 41 45 35 23 99 93 40 24 16 24 78 44 96 63 10 75 10 18 53 25 26
100 83
353 136 435 479 482 73 152 68 209 247 155 470 53 240 59 286 293 42 429 444 199 268 277 41 298 406 78 244 375 393 428 367 202 272 141 46 251 123 233 188 326 422 191 328 396 97 182 101 359 258 309 230 216 115 307 383 32 213 72 331 92 471 14 159 63 407 475 249 131 464 391 187 30 225 415 236 454 477 7 219 176 88 168 107 363 232 364 149 86 385 335 21 345 142 35 332 356 210 317 342
46 70 19 96 89 54 93 96 100 53 41 54 39 35 83 3 76 12 79 75 75 10 25 62 47 64 76 16 34 49 22 29 37 61 94 96 61 53 38 7 6 26 57 31 12 58 1 59 86 22 56 77 27 77 78 41 22 35 3 25 91 14 6 85 3 21 97 86 9 22 96 6 38 54 26 98 46 72 64 9 15 49 48 44 84 63 39 28 10 17 90 37 2 43 13 48 40 66 88 71
100 57
330 302 297 386 345 370 257 357 10 540 412 108 226 402 42 517 13 558 118 324 397 421 503 506 274 587 46 175 405 160 455 535 5 434 548 207 463 71 59 30 350 484 52 139 477 20 152 310 208 578 279 140 190 339 236 467 93 86 199 165 23 58 360 568 525 331 216 182 429 33 393 246 373 131 224 384 219 265 289 168 254 123 147 249 508 414 145 316 511 150 340 449 493 91 529 441 69 78 376 102
16 29 37 32 67 35 93 66 86 52 36 83 88 53 97 92 89 68 72 20 46 36 60 11 37 25 28 53 56 98 21 54 52 9 43 51 67 37 38 69 73 64 8 69 51 7 38 58 58 72 54 59 29 46 99 22 73 44 84 33 51 60 88 27 95 27 48 85 79 97 80 59 57 15 90 84 85 24 18 62 63 29 31 1 60 33 67 38 27 62 82 12 67 54 18 18 39 6 71 25
100 91
43 157 542 363 187 121 5 335 63 57 140 83 91 14 258 30 510 34 366 49 427 254 386 305 292 501 307 111 373 164 22 331 319 452 462 228 192 61 153 145 62 310 537 395 284 332 109 122 41 355 345 245 533 190 206 404 158 433 325 27 405 480 76 268 422 101 68 435 200 132 296 277 500 545 431 194 181 523 467 354 219 178 477 316 558 495 210 252 485 513 168 166 19 236 48 413 549 288 444 380
9 45 10 85 36 64 24 80 14 41 29 40 1 82 85 70 69 32 48 53 88 82 31 6 50 24 41 74 19 18 83 42 1 6 40 69 41 80 54 94 96 74 29 98 65 2 68 10 6 19 24 41 19 50 70 30 90 25 57 84 76 47 18 89 92 9 54 58 6 70 71 64 84 82 11 61 76 72 27 76 8 82 24 75 50 69 59 70 75 84 8 19 66 11 26 74 27 17 37 92
100 21
233 456 189 428 62 396 72 380 191 349 518 137 478 467 298 489 34 414 217 341 462 103 525 431 511 98 367 23 202 175 122 357 312 95 418 162 196 159 8 438 332 492 405 77 255 52 1 157 104 47 93 86 44 501 479 277 485 231 11 35 105 224 124 322 521 464 249 185 308 206 264 344 387 207 402 97 280 51 114 164 63 448 394 457 307 474 33 83 16 133 248 425 289 374 270 147 106 167 20 240
67 84 50 60 82 49 26 82 80 59 8 77 59 96 60 52 2 59 40 72 41 68 73 75 57 61 65 21 77 2 11 31 37 90 99 97 37 25 27 9 3 51 68 26 94 13 1 27 78 77 11 93 83 45 3 62 44 39 81 52 99 65 81 83 28 63 93 95 41 34 49 11 98 60 21 31 60 16 53 10 49 22 13 16 33 14 80 18 93 65 45 10 66 82 49 42 87 51 12 3
100 20
171 374 341 368 287 326 53 25 151 113 226 445 461 309 139 477 190 127 306 375 69 523 529 180 402 417 67 97 137 5 22 79 513 318 449 164 499 360 63 276 367 244 493 281 238 6 435 291 196 302 572 540 261 387 566 290 158 535 351 102 456 412 47 295 252 307 243 62 487 503 267 550 108 73 378 358 101 12 9 37 28 319 283 393 422 330 87 560 536 228 123 149 428 141 198 207 467 339 382 216
98 84 22 68 40 88 54 4 92 48 10 82 64 92 74 91 65 70 97 40 89 77 99 19 51 53 49 51 74 55 14 59 45 30 81 89 25 57 59 61 87 2 89 12 21 1 47 62 85 25 28 6 45 72 76 6 84 50 43 45 30 34 65 89 16 77 26 33 19 62 71 74 82 54 66 51 23 82 74 43 29 11 65 8 44 89 55 66 30 87 59 20 53 52 56 48 16 89 26 51
100 21
182 403 339 426 135 283 487 374 303 372 471 461 77 288 62 272 52 68 95 349 255 453 12 147 327 279 53 206 437 42 149 473 113 80 220 192 247 393 209 287 365 193 210 277 322 387 118 477 482 460 217 260 103 133 455 143 137 22 447 355 434 290 358 86 166 106 13 341 250 82 117 378 270 54 67 20 244 132 230 479 476 236 395 157 488 172 122 32 312 142 191 331 299 385 422 412 200 4 316 342
15 69 27 50 83 67 56 77 23 26 10 51 13 99 77 28 2 66 91 36 34 51 6 15 5 25 38 32 5 61 3 88 33 43 18 23 27 53 38 66 38 74 80 23 73 90 68 37 54 64 42 74 82 42 40 40 89 77 69 46 7 2 32 79 26 64 84 89 77 94 53 28 42 43 59 43 24 88 28 70 78 36 39 1 71 28 80 33 71 93 99 4 32 8 12 29 12 62 26 11
100 76
47 318 160 69 339 329 218 292 137 32 280 528 386 406 400 363 209 468 493 271 352 544 594 4 573 258 372 193 312 11 176 564 90 458 548 25 167 390 322 222 112 63 229 57 499 124 422 550 414 407 203 85 487 284 512 117 239 536 506 151 277 140 253 248 105 283 524 453 338 50 443 471 432 141 302 91 389 359 75 604 535 579 440 589 518 378 16 185 38 132 243 481 89 100 114 261 557 345 375 236
5 6 63 77 23 26 34 64 20 54 26 100 51 1 27 78 86 17 80 37 28 56 34 11 99 10 29 2 43 73 93 95 85 49 91 85 82 56 43 37 66 87 5 57 18 5 29 71 72 91 100 50 85 13 52 42 4 93 29 30 57 42 70 11 39 76 57 14 28 56 59 99 93 59 72 76 53 32 29 33 4 16 84 68 20 3 61 73 7 40 27 84 30 61 41 43 42 6 87 5
100 34
419 161 373 256 276 476 230 407 347 118 461 371 412 361 379 194 390 60 175 11 224 14 284 486 71 206 251 20 142 85 81 220 437 417 247 201 471 102 23 40 404 465 167 485 66 395 107 397 275 237 154 319 214 65 265 400 495 152 508 327 28 331 418 168 458 300 439 339 450 341 482 261 145 432 310 386 136 95 181 50 24 354 128 392 150 179 184 427 447 409 509 213 10 511 98 242 38 114 505 290
45 51 75 70 32 14 70 39 30 65 50 98 62 33 5 96 15 57 12 95 55 20 86 76 97 89 1 9 52 95 67 89 93 70 58 31 6 67 89 31 57 54 80 12 61 7 36 41 21 99 56 76 98 57 38 81 31 67 57 47 11 4 85 7 71 3 39 43 16 24 97 54 76 55 95 35 7 81 87 95 95 85 22 31 53 52 25 6 39 36 35 47 63 61 56 97 5 79 89 47
100 96
184 487 8 31 545 516 264 533 527 48 435 83 163 220 430 312 45 452 53 490 299 142 378 201 562 398 449 129 531 347 235 421 439 101 274 284 453 469 427 66 290 148 308 195 244 333 418 258 124 56 554 444 74 383 126 35 218 406 22 178 16 392 567 217 542 480 185 525 509 100 303 365 107 500 486 341 213 116 226 446 476 317 156 42 277 224 93 409 440 203 543 355 323 125 461 254 565 369 134 173
81 23 17 12 3 24 27 56 75 83 75 95 72 25 99 59 52 31 58 38 74 90 10 32 24 16 5 48 17 38 5 19 22 14 35 29 35 47 97 56 3 69 71 98 69 60 8 21 12 100 44 18 18 35 77 94 16 77 82 43 35 77 34 48 43 63 38 24 33 88 63 23 49 68 85 60 56 3 75 45 1 21 22 73 82 74 14 44 86 45 48 52 23 21 90 3 4 59 80 3
100 33
340 541 47 322 272 470 356 24 416 525 331 122 479 33 156 358 398 113 263 469 435 377 245 362 40 393 152 58 180 168 353 476 81 206 493 531 123 220 240 21 312 215 517 61 277 15 150 546 38 408 134 514 8 230 485 555 239 255 22 153 48 452 189 76 109 533 428 442 551 343 185 67 295 457 502 460 90 286 505 34 140 129 32 383 157 160 199 372 305 406 251 309 463 413 391 287 421 170 99 534
89 22 97 6 6 19 68 49 1 73 68 77 35 51 79 50 13 2 75 73 30 39 42 80 5 34 80 78 45 72 36 99 99 21 92 61 40 90 54 65 78 65 30 48 95 3 56 26 81 33 2 72 71 86 40 100 83 64 71 91 61 81 85 62 75 45 26 3 82 51 97 97 62 86 7 4 86 45 34 68 35 57 13 12 60 85 52 30 62 17 10 17 37 53 15 74 50 25 43 25
