100
100 30
398 480 220 270 134 211 362 206 20 416 44 188 140 131 72 495 303 559 318 251 380 572 550 519 129 453 3 584 37 317 502 49 503 236 373 157 529 85 307 411 294 458 166 352 11 172 229 198 344 528 281 295 513 241 512 109 339 152 258 410 568 392 38 63 426 424 536 436 50 30 81 95 465 102 48 176 53 149 290 326 264 186 403 324 370 543 111 449 334 13 154 156 488 121 385 280 580 444 265 472
99 30 6 29 75 44 47 55 49 84 68 98 56 21 32 20 28 25 5 25 82 26 64 88 4 47 45 37 50 92 96 99 97 66 85 5 64 47 59 41 95 38 66 44 60 55 3 89 75 69 53 66 10 94 44 64 52 11 34 16 88 12 39 25 80 79 90 100 48 51 96 62 60 61 39 14 1 94 71 73 91 54 59 85 100 73 64 78 48 20 50 89 70 100 64 56 22 12 83 85
100 87
231 9 485 268 309 412 143 265 201 439 270 327 73 208 18 227 388 55 215 171 368 98 175 256 78 329 233 192 462 22 127 77 459 237 158 236 332 402 488 340 471 299 362 379 353 137 117 164 442 291 457 125 154 142 399 478 176 58 95 445 262 419 180 351 198 97 450 223 505 374 286 361 65 107 88 124 119 44 355 244 28 502 34 280 254 189 493 23 333 432 152 463 346 283 371 423 317 390 46 272
74 67 13 38 48 64 84 22 32 86 16 57 16 80 56 37 13 15 96 71 30 24 32 79 65 67 48 99 52 20 95 58 92 53 34 78 3 11 9 1 83 43 19 81 22 57 79 30 78 33 83 87 1 53 94 19 81 25 19 61 27 55 76 19 11 43 48 76 75 65 91 30 14 27 47 43 35 6 70 64 59 85 53 58 65 72 14 73 17 52 48 37 1 52 27 70 17 70 76 11
100 34
500 427 522 44 93 347 456 311 46 343 21 467 255 397 222 335 349 229 24 448 38 358 444 28 128 265 45 459 436 480 217 379 373 341 59 122 290 251 13 191 268 417 412 321 4 470 288 162 138 185 57 244 468 106 154 43 486 304 520 48 194 202 115 148 62 277 387 236 407 71 297 81 367 274 497 262 472 507 518 29 356 495 345 159 85 438 325 179 282 329 253 513 103 190 434 211 285 296 170 6
81 38 98 13 31 68 65 79 25 30 51 40 52 79 50 74 11 45 86 32 20 55 89 39 45 81 53 26 17 2 27 24 56 57 40 44 16 61 42 81 86 35 14 75 3 12 20 89 21 68 50 2 97 80 61 57 100 98 87 9 76 59 88 40 14 85 41 42 14 56 18 72 92 49 10 40 80 37 51 11 24 32 100 26 22 55 47 37 90 55 21 82 3 10 50 58 97 54 29 99
100 78
127 399 406 509 327 522 167 489 88 471 288 61 430 317 377 443 300 308 244 355 71 175 439 470 413 210 25 335 499 138 294 38 410 243 100 388 184 450 256 424 483 12 349 367 131 303 379 403 269 479 161 351 235 423 53 339 33 473 163 359 112 272 278 257 122 370 433 518 260 46 428 24 230 277 238 395 154 10 283 54 105 198 145 189 90 16 224 292 460 273 49 59 248 3 206 219 51 263 368 78
88 89 63 13 10 18 16 82 77 97 53 14 9 56 15 15 83 95 26 98 49 61 100 88 51 52 76 68 6 95 60 97 11 25 28 18 66 61 94 48 2 91 68 48 25 15 4 7 59 17 44 60 53 68 5 17 54 35 86 98 29 10 17 70 12 82 12 70 32 30 48 87 14 58 22 26 30 23 95 77 25 99 62 66 22 55 20 90 34 16 83 21 69 57 40 61 32 71 28 35
100 55
78 402 37 410 184 303 147 508 32 211 64 372 55 216 361 250 190 287 148 370 368 269 336 492 272 108 374 47 26 394 295 437 89 155 442 526 185 298 425 95 327 10 138 197 385 210 73 268 349 375 246 230 222 35 453 123 202 443 281 236 264 514 523 315 280 501 337 342 412 311 160 286 380 438 499 360 417 472 257 463 154 325 363 482 353 199 11 116 431 464 175 20 231 102 81 132 168 90 535 218
66 45 44 93 89 33 20 14 26 69 84 53 22 7 100 64 96 24 87 64 11 34 60 66 59 39 23 63 83 28 62 57 5 30 29 49 16 95 98 30 65 50 28 28 5 49 38 52 74 91 31 35 41 26 3 55 31 2 55 17 10 10 60 2 22 65 45 37 55 85 68 13 15 39 55 31 70 33 20 60 59 36 9 84 26 39 67 90 8 34 23 69 82 4 94 49 7 75 28 68
100 65
358 547 279 500 272 30 510 458 389 396 350 22 529 125 216 338 221 558 119 247 446 14 265 488 206 80 199 327 87 188 499 97 170 367 549 434 232 467 439 292 263 8 305 539 196 186 143 134 180 37 330 117 285 184 25 420 162 328 404 43 316 386 364 556 106 413 154 351 301 482 225 49 136 515 450 241 148 521 160 110 95 345 360 502 65 475 476 319 28 377 116 324 430 315 257 73 374 152 490 56
72 2 35 26 86 32 39 46 99 95 85 81 3 92 41 62 29 2 11 35 59 18 73 55 64 84 35 37 78 2 65 32 91 95 69 78 35 36 18 53 19 15 73 10 91 47 23 68 56 4 29 93 53 27 23 8 88 42 76 94 99 84 48 51 53 83 92 5 6 44 81 60 66 30 62 40 30 9 24 96 48 8 5 73 35 15 32 56 21 48 61 52 61 79 17 98 22 37 76 3
100 96
26 49 216 10 46 158 402 314 268 164 417 235 166 96 196 547 394 355 406 497 204 52 225 148 130 363 550 95 28 66 91 107 248 360 430 528 486 280 87 544 3 286 238 521 38 16 458 40 326 383 147 104 482 345 413 443 515 338 435 155 387 256 373 163 72 18 536 307 131 296 499 187 261 81 138 180 491 464 33 275 58 304 473 538 21 426 176 552 471 121 190 208 451 114 319 423 508 504 331 242
51 44 75 57 37 13 42 5 25 86 87 52 17 98 60 15 31 92 28 72 23 36 42 74 88 28 51 95 71 15 83 77 50 41 8 18 70 81 71 74 60 26 80 27 8 82 33 22 58 9 29 41 16 98 79 54 99 46 87 98 30 44 20 52 57 92 86 46 83 60 50 12 92 44 23 92 20 27 77 62 79 72 9 7 18 70 85 82 4 9 100 4 38 55 35 27 93 95 24 39
100 33
460 148 114 310 221 380 10 399 215 103 70 206 316 290 503 469 296 249 475 353 237 121 382 451 371 304 330 307 259 239 77 432 334 480 7 517 198 514 17 488 265 464 511 510 105 159 207 197 229 362 102 419 426 422 393 40 540 343 490 527 378 384 61 512 116 43 530 66 360 281 367 350 188 497 441 150 172 547 326 81 387 83 390 178 356 133 224 92 140 128 361 51 404 168 27 555 31 275 217 412
52 94 91 49 83 44 17 95 15 70 70 39 96 62 77 92 26 83 52 71 73 57 27 85 4 9 16 51 50 55 38 3 90 82 28 4 21 64 49 46 37 34 64 38 60 90 43 7 67 37 57 12 76 89 98 95 84 7 58 59 72 32 13 12 83 67 38 1 29 45 70 98 90 39 56 25 65 40 50 37 25 63 88 66 72 97 7 36 3 38 57 37 79 43 97 95 94 37 90 20
100 66
361 521 223 342 349 181 513 32 44 31 283 193 279 395 514 99 332 2 463 434 67 472 505 37 353 262 393 520 60 85 134 268 413 384 164 124 392 298 432 517 422 145 197 256 243 244 443 18 309 183 274 518 540 329 117 528 8 529 490 407 154 214 323 21 240 208 416 482 377 110 259 537 446 402 390 75 269 496 73 108 317 171 95 5 57 133 292 299 137 247 23 72 455 371 198 365 232 40 506 51
60 18 56 61 48 67 86 3 14 38 59 71 78 79 7 53 80 54 95 91 31 91 35 72 55 55 36 67 67 65 93 36 61 38 48 84 54 55 34 7 9 40 44 48 36 83 87 57 42 29 64 94 31 60 85 28 86 20 37 44 13 65 74 94 5 27 47 84 99 67 38 50 3 72 20 38 75 3 15 47 23 4 85 8 42 17 37 53 88 85 5 20 33 33 20 6 95 75 67 70
100 44
8 270 565 298 216 229 187 571 143 498 406 359 19 60 549 2 152 239 494 520 490 395 324 303 340 545 194 356 16 120 434 51 97 20 569 361 15 246 424 253 482 221 179 363 377 332 445 319 435 70 42 100 30 404 535 242 159 510 128 275 201 104 422 452 522 77 386 531 500 557 87 169 458 110 257 133 472 266 34 62 209 517 309 390 1 470 331 347 288 462 41 399 227 38 285 414 371 111 550 134
66 2 24 70 99 36 81 32 87 12 23 48 88 83 34 87 79 23 53 81 62 63 96 57 90 84 1 76 36 31 18 32 75 45 21 36 16 92 64 28 39 86 19 26 47 67 35 85 25 99 5 60 75 16 70 98 7 3 48 45 100 33 14 60 32 9 31 29 85 74 44 55 5 89 99 84 44 54 45 26 9 53 8 29 50 82 26 14 15 66 100 71 50 42 99 30 100 45 25 37
100 26
549 450 14 159 288 40 336 461 172 128 469 164 331 393 465 280 439 533 398 355 513 256 49 22 271 329 591 260 577 510 370 85 199 253 440 490 250 484 376 16 213 61 422 322 268 198 123 476 154 360 585 300 319 207 538 108 297 475 480 427 385 524 138 459 315 443 547 352 305 118 145 514 240 100 190 415 444 91 75 500 416 242 407 570 560 230 53 67 392 31 182 434 9 592 294 403 223 555 527 345
48 46 4 85 93 84 53 50 21 21 79 51 70 41 18 4 57 26 95 54 32 34 50 74 12 50 85 33 85 76 33 56 59 17 92 58 67 51 75 62 51 52 72 73 99 24 65 61 55 17 50 19 74 37 7 98 56 73 78 87 12 84 7 99 92 19 97 68 10 77 53 75 78 43 4 98 72 83 49 8 43 65 6 17 56 97 24 4 46 54 27 76 41 47 3 87 84 66 55 84
100 79
192 389 539 252 392 331 347 28 514 560 14 24 500 479 48 401 235 418 51 385 226 506 2 326 159 261 217 338 81 426 552 125 337 245 181 97 5 524 50 157 184 468 40 18 360 470 449 296 409 461 377 546 61 293 428 276 257 304 317 285 456 532 64 310 132 459 68 501 205 525 320 67 116 31 266 88 141 11 165 485 466 71 353 435 199 227 108 223 213 367 203 36 151 441 520 490 103 166 176 434
27 52 78 45 60 50 93 52 45 17 92 33 76 25 96 67 37 30 71 30 84 62 52 55 88 20 43 86 87 34 42 21 10 11 30 24 68 26 3 42 26 70 89 66 51 13 50 34 58 61 99 13 34 48 18 26 34 42 55 57 28 74 46 30 62 39 5 6 53 43 29 8 77 47 31 56 92 54 1 51 12 36 93 67 3 35 69 44 31 89 77 35 86 51 39 96 16 44 30 12
100 79
165 28 168 271 415 477 107 50 497 128 108 444 485 515 9 2 145 74 106 146 211 260 350 32 406 56 330 374 439 460 142 544 299 321 264 215 157 94 257 537 179 519 279 111 198 454 100 331 505 431 341 452 282 239 65 190 359 489 285 18 504 197 199 184 40 80 313 169 292 228 333 101 490 86 428 121 468 181 154 419 303 390 234 132 503 355 344 465 205 192 183 527 366 89 219 400 172 13 247 383
89 71 54 56 66 78 78 3 34 94 92 10 25 37 37 87 81 20 54 25 12 9 63 82 71 78 91 85 97 47 60 93 78 82 100 98 62 65 88 15 68 54 4 28 7 22 39 83 56 18 92 7 37 73 82 92 3 19 86 10 1 67 11 45 58 51 91 40 29 83 80 20 19 30 62 10 75 78 92 75 38 39 2 90 75 48 21 2 84 48 55 94 80 20 100 86 44 58 61 6
100 8
224 412 237 56 168 481 103 211 187 501 394 456 371 182 293 67 423 121 1 519 427 523 319 448 37 249 357 247 536 411 206 129 7 109 35 79 33 488 366 196 219 328 512 446 97 285 255 300 273 407 225 384 272 209 403 393 432 65 119 395 18 140 521 154 146 470 46 413 193 463 34 380 71 16 111 498 307 87 317 263 158 60 232 280 4 175 338 127 438 502 137 480 218 347 496 527 424 94 266 23
60 78 48 59 24 37 86 41 26 50 23 77 97 59 75 16 74 48 9 99 20 2 18 18 40 25 82 5 29 33 24 16 28 70 47 51 11 88 25 30 59 13 46 37 13 55 32 55 86 73 92 45 10 13 60 50 27 95 77 25 24 10 12 81 16 69 3 74 25 65 45 25 84 10 5 67 19 2 78 75 3 91 17 47 49 37 17 44 15 53 61 19 43 34 86 54 73 37 62 92
100 95
156 54 447 378 98 264 533 178 229 331 225 57 216 506 164 144 13 547 186 294 322 333 70 89 28 80 138 308 91 63 130 24 460 290 478 450 236 6 193 295 385 507 187 542 514 498 394 402 476 436 119 242 357 55 14 430 480 249 42 349 511 440 108 323 372 163 34 274 399 527 151 118 493 254 517 553 443 469 361 221 488 338 5 230 417 128 408 426 198 171 223 341 51 283 207 304 35 370 10 315
5 70 85 81 58 66 23 49 100 3 95 98 75 78 91 90 76 5 96 13 29 25 88 69 3 10 30 39 56 97 52 73 16 56 78 17 61 94 2 83 69 91 84 14 18 87 1 87 63 97 87 100 59 11 78 85 41 83 85 85 5 85 67 1 34 4 90 22 79 88 86 34 35 16 66 93 47 81 99 83 43 11 30 81 56 36 16 36 72 95 8 44 20 82 44 100 61 45 55 64
100 3
217 262 247 461 4 256 432 14 379 286 354 404 518 198 363 184 57 109 512 166 101 257 466 423 342 557 528 270 116 338 346 544 444 402 303 413 238 371 138 173 331 293 490 290 387 394 334 208 175 308 316 146 482 140 158 527 34 225 454 558 192 516 521 130 495 66 84 542 326 52 169 537 431 11 234 288 462 548 97 310 75 94 435 517 18 405 150 44 25 127 475 120 503 279 390 414 328 567 468 228
26 83 70 28 72 30 84 51 70 100 11 54 13 24 39 86 39 51 31 39 61 13 78 61 83 96 7 11 71 45 53 3 90 95 69 98 39 14 75 99 23 100 41 6 95 53 36 63 85 90 69 80 31 13 48 9 8 19 67 92 78 98 65 75 87 79 77 46 69 5 19 25 37 22 12 87 29 98 50 33 82 81 79 45 8 22 78 57 71 54 23 53 64 22 39 12 44 67 20 29
100 84
452 244 335 419 74 173 42 192 511 322 267 550 208 185 327 393 315 34 517 221 552 63 454 490 351 116 102 191 300 369 540 532 377 441 28 82 504 26 429 127 473 482 541 405 278 60 421 297 182 512 71 169 411 14 139 159 407 498 227 458 234 52 543 58 510 465 283 163 132 323 345 152 200 88 145 296 306 437 370 277 29 290 374 389 258 295 379 360 98 485 19 525 9 216 401 121 449 108 249 255
7 34 22 71 42 85 29 19 49 22 50 65 63 61 45 18 71 63 7 81 53 72 50 39 21 94 52 87 61 75 86 17 70 29 32 27 83 61 97 91 6 67 21 16 13 86 32 38 31 79 89 73 94 80 25 78 52 40 73 26 65 100 84 98 48 84 93 10 33 98 38 28 78 81 21 9 46 68 12 18 98 52 39 34 84 46 66 91 48 92 46 24 3 53 71 6 99 81 46 76
100 57
355 398 35 97 321 425 43 434 436 70 122 289 103 174 408 131 468 108 300 19 369 273 534 511 104 146 363 331 172 79 312 494 258 385 222 2 533 180 303 12 213 157 121 378 298 343 118 71 197 81 86 184 167 467 322 490 48 263 13 29 529 339 224 295 393 445 240 144 188 523 233 540 373 452 60 416 250 58 441 456 106 93 501 50 1 404 346 290 204 327 460 203 141 475 484 513 283 301 153 508
46 26 45 52 23 87 74 22 73 73 37 43 94 22 22 85 59 73 24 72 18 49 60 98 18 42 50 82 43 84 93 73 6 94 45 14 40 85 8 25 25 71 24 62 64 33 49 32 87 60 52 17 92 14 88 77 44 3 73 91 83 28 26 82 30 34 16 55 100 19 36 42 78 77 91 6 1 75 28 39 72 6 57 26 31 30 51 77 9 37 31 23 94 85 58 74 18 53 49 79
100 66
134 171 55 57 403 503 205 50 179 345 467 364 377 60 182 261 123 234 13 269 291 40 142 295 137 5 74 288 410 492 254 471 305 43 300 446 34 287 72 217 357 201 195 187 30 158 153 477 80 419 267 227 329 456 497 151 99 449 113 392 280 183 466 53 243 486 402 20 382 514 339 129 451 253 48 164 2 439 104 324 523 363 390 429 411 283 212 434 309 19 351 509 90 318 374 224 353 86 270 69
43 36 87 30 74 54 78 61 88 4 73 81 66 49 62 17 22 75 96 76 87 96 9 6 10 24 44 6 12 4 9 47 68 63 40 70 84 51 83 22 36 75 10 7 47 44 98 19 80 56 10 53 17 17 68 50 93 25 69 43 20 60 3 82 9 83 92 100 32 54 40 68 2 72 81 36 25 44 38 61 59 37 33 48 6 15 28 85 60 90 10 17 49 40 59 53 51 24 93 46
100 64
334 100 533 41 486 449 457 107 565 483 556 178 506 427 476 121 16 183 297 233 412 532 115 347 119 224 200 446 18 445 402 7 466 60 163 171 44 130 394 242 250 191 81 32 516 266 195 132 185 277 336 546 333 448 385 316 494 358 287 407 67 155 419 493 496 410 64 469 521 351 409 376 95 437 256 25 55 273 569 325 21 201 311 524 210 368 46 86 317 45 77 539 140 467 307 354 340 329 149 215
30 6 97 19 38 3 41 30 97 40 25 29 8 76 44 68 3 49 20 15 11 86 54 43 99 5 81 86 77 7 34 45 22 38 81 71 51 21 77 67 99 54 70 7 42 94 25 88 82 63 88 12 100 39 52 2 79 39 49 90 53 62 73 97 7 29 49 78 68 59 4 76 43 99 31 91 9 51 70 30 26 70 82 87 49 32 88 83 51 63 68 23 84 52 7 62 68 81 81 43
100 11
542 277 458 503 123 530 255 146 22 271 4 563 159 380 77 14 292 46 523 168 570 260 492 71 414 205 470 187 498 473 377 154 132 399 250 324 258 453 213 39 526 180 266 482 265 333 242 287 467 404 296 584 221 142 341 55 389 525 437 118 357 552 88 98 443 302 448 236 248 579 487 540 485 29 508 517 76 94 430 226 349 375 47 288 26 63 79 52 175 65 520 319 421 286 108 308 366 195 318 556
75 53 50 46 23 17 16 14 97 81 45 69 12 74 14 60 69 64 3 6 76 12 21 30 29 83 39 66 17 3 45 88 69 19 45 52 75 41 78 49 32 24 95 89 34 14 56 51 94 70 2 54 38 64 60 57 52 4 5 10 32 89 28 39 49 5 23 89 99 9 17 12 61 99 10 38 70 73 95 25 96 79 11 45 69 96 90 23 77 86 85 91 5 43 33 43 31 40 19 34
100 2
199 469 388 421 285 262 87 476 140 514 208 40 57 381 93 132 427 392 443 452 75 171 108 116 167 340 36 154 507 316 9 104 470 387 144 503 178 10 271 495 483 290 490 374 327 463 326 286 247 351 243 200 398 6 458 350 371 61 226 26 184 335 139 253 122 361 439 280 126 50 265 83 499 436 68 298 159 251 192 21 34 402 189 99 231 11 105 216 385 179 291 396 235 306 203 180 411 337 441 191
1 9 77 39 99 46 90 21 11 36 77 73 18 90 95 80 43 40 67 43 32 93 55 63 95 26 34 81 47 92 14 85 49 38 40 58 11 78 85 25 49 4 37 38 63 29 21 2 13 41 16 32 18 47 64 91 79 62 75 63 40 66 57 57 75 97 89 65 45 82 23 8 28 35 16 39 96 80 7 11 87 76 64 87 100 1 41 30 79 96 16 16 80 17 85 67 95 26 57 5
100 32
108 285 516 509 175 90 487 550 545 376 148 384 245 332 341 242 546 58 187 513 301 220 94 257 260 360 215 307 326 133 515 81 186 26 56 46 562 412 20 295 115 195 140 366 495 309 179 123 442 97 228 211 96 157 33 238 106 417 276 501 275 294 146 122 525 208 535 265 477 386 167 272 317 392 240 402 72 468 389 191 69 428 37 375 201 351 28 424 432 10 463 161 253 18 453 534 61 64 452 555
28 56 38 5 17 58 91 52 65 36 12 23 71 39 91 26 44 97 35 64 54 88 97 86 50 53 30 61 92 65 1 55 17 36 67 51 12 20 85 11 95 34 40 51 34 84 39 69 11 28 49 17 92 83 68 97 49 87 73 68 88 56 19 21 69 26 14 98 73 98 19 93 52 70 64 20 96 92 64 20 30 42 90 43 77 56 51 97 27 90 74 42 50 94 21 22 55 20 67 79
100 44
108 417 345 500 309 78 480 95 191 355 524 220 464 154 490 115 59 238 387 336 228 410 19 343 430 515 535 392 130 80 144 503 259 312 111 243 48 492 307 289 293 210 183 340 318 382 30 446 459 372 200 121 547 47 493 528 217 188 437 103 471 62 209 192 253 539 342 11 426 506 456 274 401 175 53 411 28 229 282 138 536 86 205 418 267 40 364 15 526 76 168 297 488 157 8 123 551 69 165 328
79 47 3 61 19 37 53 20 43 21 84 77 11 8 95 52 37 90 75 2 22 90 43 44 80 89 42 23 58 82 44 34 40 2 7 34 88 23 38 82 96 42 54 39 55 44 93 79 3 64 49 22 16 13 99 5 23 51 40 16 36 81 40 38 22 86 96 54 12 63 22 84 75 97 39 76 58 67 96 25 44 89 94 54 60 38 75 97 47 37 46 18 97 97 27 14 67 10 46 88
100 74
93 415 68 276 498 474 30 59 359 514 465 149 297 339 303 56 505 315 320 27 267 529 373 181 461 212 139 530 122 53 419 255 483 205 453 336 268 82 76 442 552 124 201 344 238 158 191 216 293 168 41 380 83 278 242 45 185 20 399 102 61 121 113 436 534 283 62 132 447 327 409 542 8 490 111 432 449 9 213 229 524 364 285 84 382 33 368 174 349 392 308 252 116 55 494 257 219 36 426 17
7 83 39 50 53 48 31 16 25 43 84 25 98 22 50 54 61 52 5 61 85 13 59 36 92 60 93 92 78 28 84 8 39 68 63 29 41 93 44 68 23 14 59 90 27 96 84 71 23 3 4 8 28 32 60 21 52 66 46 32 56 81 63 37 31 62 79 11 52 17 85 60 40 60 38 7 1 63 20 42 62 64 49 28 94 71 30 39 93 8 54 64 12 14 7 10 58 60 76 40
100 91
165 369 463 32 175 432 149 483 321 457 244 546 364 294 398 274 462 539 104 312 31 389 284 445 72 47 37 204 490 127 530 14 467 80 468 532 190 547 309 486 145 264 161 200 301 22 186 234 523 166 194 337 192 171 482 153 378 112 101 508 446 169 176 86 254 407 172 248 513 212 131 499 358 438 304 226 325 383 476 120 62 96 344 38 225 332 551 216 421 390 447 61 415 138 158 427 351 7 51 386
92 79 23 95 86 89 92 19 83 79 19 49 53 61 58 53 99 95 77 21 83 95 26 27 29 70 7 1 100 89 64 41 16 58 26 67 36 30 62 33 16 15 53 20 61 20 34 88 58 7 51 41 21 30 69 24 74 42 90 32 74 44 23 8 75 96 74 35 99 83 68 39 53 20 37 89 13 8 50 90 53 93 39 51 3 56 33 82 37 35 3 24 55 39 24 34 45 31 87 62
100 97
118 463 96 494 354 381 229 386 421 472 554 261 486 521 342 437 285 491 51 37 322 14 76 72 180 148 333 479 545 120 4 534 350 104 128 311 334 85 567 243 576 585 249 452 24 198 89 474 234 406 168 329 269 513 493 284 294 569 459 516 189 527 46 503 66 605 111 595 598 389 372 314 434 582 59 277 396 138 176 465 158 535 449 206 303 1 360 28 557 247 425 256 530 215 219 412 364 439 429 119
11 84 22 99 44 93 71 33 84 95 100 78 11 68 59 96 17 64 77 2 94 52 41 48 25 12 94 57 78 29 35 20 64 69 14 45 5 80 87 68 20 54 32 75 47 75 56 87 86 62 49 53 24 79 75 66 10 32 27 6 78 48 93 59 96 61 26 23 40 52 4 8 62 84 53 93 74 48 53 83 53 85 34 10 59 95 56 32 16 95 24 86 10 65 60 55 3 84 40 2
100 29
167 548 478 132 282 108 427 379 43 208 450 496 290 515 375 586 22 64 455 117 537 529 241 461 402 316 396 103 358 86 289 345 237 36 99 243 362 564 503 34 252 21 567 409 272 460 319 61 369 229 300 546 525 30 338 262 204 52 96 556 13 576 365 136 327 349 163 423 189 151 363 309 511 577 329 199 434 215 183 580 554 19 143 281 413 122 471 73 386 147 79 10 120 81 153 443 219 253 173 486
19 29 54 75 49 9 71 78 45 26 60 77 69 73 14 25 3 13 84 41 79 71 13 61 20 70 98 86 20 54 39 91 88 56 33 83 47 65 62 53 17 100 68 61 38 58 48 18 19 58 14 17 93 11 51 5 12 91 82 57 18 24 19 95 51 100 33 87 56 26 15 47 56 24 29 25 35 9 36 20 91 86 67 83 60 2 64 10 24 18 80 89 69 12 77 33 23 30 9 71
100 87
530 66 394 49 29 5 79 230 48 59 447 403 14 131 319 303 35 479 306 453 275 347 395 469 421 512 98 332 150 375 143 246 362 412 502 298 288 122 268 356 259 324 390 463 348 366 40 488 427 211 239 77 42 115 129 45 190 464 92 384 158 526 439 372 160 201 153 107 136 282 422 336 312 196 432 294 105 280 322 251 3 494 17 75 170 473 505 184 177 188 519 31 371 408 21 331 342 221 400 88
14 98 18 56 79 30 98 71 85 87 71 89 43 82 81 28 45 81 36 67 42 74 30 24 46 1 94 61 91 6 70 70 12 41 78 11 83 15 69 77 53 45 58 25 70 68 68 38 60 85 58 44 38 75 27 11 5 13 24 9 65 28 33 23 49 97 4 92 82 46 27 73 93 92 63 5 50 65 76 51 87 92 85 89 55 52 11 28 47 90 68 14 48 45 81 7 60 14 95 61
100 82
542 441 53 482 179 525 296 146 315 249 142 131 220 324 443 58 526 60 397 93 43 33 273 255 122 103 434 110 38 232 466 243 292 473 379 285 201 63 459 490 282 24 269 451 388 515 83 392 132 171 18 211 226 337 365 332 424 528 524 305 184 322 163 227 359 82 306 192 260 344 351 295 535 331 120 497 165 238 431 372 9 145 72 39 311 216 156 417 401 413 95 505 19 483 406 352 49 464 266 55
47 42 25 97 94 7 38 55 52 39 71 25 51 33 86 76 94 35 90 60 12 48 36 84 33 73 15 8 14 71 59 27 66 72 12 36 99 65 62 58 87 51 25 5 9 53 64 86 95 69 5 11 90 21 19 27 87 5 6 6 49 91 41 63 22 79 41 21 97 71 46 71 36 17 68 19 26 39 97 51 31 99 46 9 6 100 21 22 5 81 82 4 21 56 23 54 23 100 37 39
100 63
67 79 377 128 448 167 121 409 435 367 241 359 464 470 410 34 194 289 424 415 501 230 275 85 532 516 17 488 432 220 9 258 3 343 236 57 52 483 546 145 385 326 250 525 267 456 491 316 69 346 270 4 27 94 279 403 442 114 295 185 12 296 391 203 86 519 563 360 407 187 416 274 344 212 554 376 157 161 379 335 378 104 507 306 175 87 449 42 542 256 136 77 153 159 37 394 479 503 336 356
42 25 32 100 39 12 17 78 67 48 88 97 68 34 68 58 4 43 100 27 21 93 58 66 9 91 30 49 39 57 52 40 54 45 37 52 52 67 14 19 94 44 50 70 66 43 42 20 65 11 98 73 85 2 84 80 93 51 75 54 89 25 29 87 6 5 22 93 33 97 68 50 95 39 39 58 46 48 21 28 90 60 72 72 82 98 93 55 38 27 39 16 50 84 41 76 70 96 4 90
100 87
293 411 189 230 194 298 51 306 41 141 150 224 126 218 471 532 118 476 503 323 159 280 334 182 409 301 31 374 284 94 496 269 99 188 134 83 312 80 68 509 242 383 319 198 457 399 550 20 418 442 3 24 481 49 72 460 139 425 201 238 100 259 517 250 524 220 444 175 278 516 447 391 18 555 469 111 339 542 349 272 102 127 492 10 58 434 36 328 489 213 87 25 169 365 59 359 236 386 209 66
87 24 76 29 44 37 42 57 78 95 52 100 8 91 24 53 6 56 75 85 71 34 56 45 70 93 33 6 9 26 44 23 78 23 59 13 55 30 85 91 37 86 46 73 37 28 79 40 36 3 9 30 2 46 7 60 54 11 61 11 63 29 79 15 80 84 14 91 56 15 85 36 100 50 87 74 79 50 9 27 20 82 33 17 78 49 35 82 65 98 46 77 43 85 39 80 21 33 88 68
100 76
473 328 88 217 288 440 289 319 429 239 160 271 348 219 367 150 488 16 496 124 309 202 389 522 117 506 453 11 19 354 109 478 262 122 78 129 358 307 470 49 215 90 283 258 385 403 169 449 234 370 252 12 166 413 339 39 135 455 33 213 145 279 299 52 103 67 54 248 510 225 479 37 397 197 240 44 463 206 29 105 422 187 21 132 63 280 119 436 290 94 379 177 74 420 504 332 143 8 123 512
39 59 12 19 64 26 34 91 39 74 19 36 82 53 20 8 98 97 19 48 94 30 66 11 65 59 99 36 3 14 56 71 35 14 66 89 7 60 31 41 92 80 29 6 73 20 98 14 95 47 34 94 53 84 54 78 32 97 72 5 38 82 98 62 4 78 90 62 77 14 91 93 19 67 35 94 39 16 85 70 59 31 99 51 83 60 76 99 93 32 11 78 14 21 40 17 59 11 3 4
100 90
52 412 49 427 183 530 27 203 510 524 149 359 296 148 280 504 303 90 433 528 13 516 376 122 405 345 158 436 58 330 141 41 1 86 354 199 474 368 426 197 460 499 111 206 187 456 422 173 356 93 235 239 255 453 490 16 129 169 103 328 241 6 336 46 314 208 40 398 171 221 64 245 393 268 298 383 248 313 80 231 73 278 309 512 444 262 321 118 136 164 216 462 32 2 484 55 466 20 286 261
68 20 46 33 37 24 90 27 32 10 1 25 24 65 40 43 35 55 21 78 91 19 25 4 42 78 26 20 86 62 22 94 98 24 3 45 51 18 53 35 53 48 1 38 80 19 15 26 32 38 84 89 83 50 26 89 39 88 91 5 11 9 25 58 86 75 45 7 75 41 51 67 28 26 12 81 54 7 53 60 57 24 95 87 90 16 22 13 6 53 78 7 67 19 43 13 52 21 22 86
100 87
330 154 81 419 448 60 395 111 437 460 71 213 478 518 63 279 145 103 431 384 331 512 215 126 410 61 390 238 505 533 84 313 293 181 470 150 45 427 206 15 350 451 198 352 143 434 285 137 538 243 36 482 341 354 96 303 173 413 368 415 472 324 489 186 220 167 155 205 524 212 530 269 251 452 495 407 325 54 142 28 214 401 23 188 230 375 259 161 163 321 51 445 132 121 8 545 358 335 151 92
32 55 63 11 16 93 33 45 13 94 50 98 38 52 23 28 21 83 31 90 70 15 3 90 3 39 14 62 42 22 61 10 28 67 14 37 84 22 96 18 21 75 86 31 52 34 68 61 51 56 77 84 3 51 73 94 41 13 45 1 13 83 24 82 57 84 95 25 65 48 62 88 24 67 95 90 87 23 54 26 99 6 93 15 23 44 73 91 44 16 38 76 66 33 70 42 91 97 43 52
100 47
72 486 201 217 18 419 362 488 380 536 256 450 354 57 268 281 235 114 13 438 79 237 39 344 522 123 151 131 461 531 112 2 312 63 525 293 414 28 154 476 168 99 412 89 365 76 396 504 190 401 210 496 233 512 287 375 107 223 353 519 38 485 409 499 516 392 17 437 334 456 386 440 408 302 472 47 55 569 556 261 141 425 174 246 321 471 198 14 7 208 546 404 433 326 567 159 557 272 490 183
89 80 24 73 67 25 82 19 95 75 11 5 44 23 12 64 46 53 85 68 7 47 6 35 45 12 48 27 86 51 39 51 17 44 28 15 41 46 77 58 75 5 26 8 43 70 59 13 92 3 57 29 10 61 34 51 53 65 72 54 23 54 34 60 92 23 85 86 29 13 49 26 24 25 87 79 63 47 11 46 56 24 47 74 36 13 99 87 55 51 36 26 98 56 62 72 72 99 42 53
100 91
334 170 491 82 542 176 30 137 260 208 220 451 515 343 4 446 194 127 172 461 292 430 554 119 113 424 212 489 355 38 541 479 1 329 53 469 254 168 456 444 243 90 508 42 409 73 16 540 349 111 534 155 199 268 246 132 20 319 400 49 358 524 377 223 274 158 103 146 71 192 440 327 50 309 98 477 394 290 346 221 6 233 300 368 307 13 545 387 284 417 266 443 271 228 61 123 509 186 69 499
79 47 54 17 14 34 45 79 38 49 45 66 21 12 26 38 59 45 97 37 13 68 35 87 19 50 42 6 86 87 42 17 60 99 56 97 34 95 66 50 90 47 69 49 58 61 75 34 58 37 35 28 36 39 10 24 2 21 53 17 33 90 26 21 74 57 61 74 75 4 31 3 5 16 42 2 7 17 6 65 97 92 85 76 18 14 92 8 81 93 13 4 69 50 85 21 68 91 51 89
100 0
313 116 45 52 272 482 299 373 38 157 144 307 28 132 73 21 432 462 256 420 200 333 514 393 411 261 123 229 95 322 263 205 86 300 82 164 518 316 472 379 14 405 494 418 62 340 428 488 378 239 150 193 327 207 111 4 294 406 520 436 224 535 507 216 92 85 172 248 185 537 78 104 440 363 115 452 74 503 511 271 325 510 278 35 182 284 353 183 364 63 542 495 528 137 80 443 388 350 395 424
88 36 58 47 57 86 93 98 50 61 13 54 19 14 94 49 48 11 39 33 23 43 9 63 2 65 99 8 4 42 76 60 44 58 36 41 19 37 22 19 49 83 1 23 16 87 50 34 74 93 68 32 66 8 83 66 50 67 62 58 46 98 46 26 87 39 9 86 46 51 23 2 29 49 46 54 97 9 3 64 36 32 54 33 65 38 40 55 82 12 93 81 8 95 89 82 60 83 61 47
100 87
365 239 511 141 385 396 142 296 166 464 211 291 169 248 140 236 44 114 7 564 109 190 406 149 174 183 383 454 224 39 257 537 187 550 429 23 471 317 16 134 85 523 491 214 132 104 373 226 121 554 150 282 416 290 343 449 351 321 528 439 423 33 189 235 355 100 517 207 518 72 405 62 90 138 188 476 387 333 515 400 547 197 54 259 99 492 124 486 158 79 198 323 308 266 413 502 301 77 273 490
87 62 89 89 96 61 17 72 62 87 18 91 56 28 28 28 53 57 78 31 78 7 46 34 4 37 23 35 9 69 37 12 97 8 51 56 36 9 20 7 73 9 40 88 17 77 47 23 20 83 14 14 97 81 48 21 77 25 97 70 10 75 25 69 8 49 39 28 12 5 30 35 74 85 35 62 93 100 42 70 21 56 26 25 91 26 21 28 83 76 14 14 98 33 17 26 79 97 29 2
100 74
211 348 21 463 361 502 98 371 424 193 251 403 338 124 72 80 375 51 469 548 482 2 511 216 388 352 433 63 394 256 165 496 318 42 266 455 536 480 272 557 326 17 3 173 182 286 243 100 541 58 538 450 32 289 530 201 429 419 22 134 564 212 544 328 430 413 376 524 259 16 222 306 79 380 311 516 108 155 88 570 190 281 488 296 427 143 572 540 233 12 440 133 117 194 354 241 232 145 478 405
22 53 7 68 74 11 18 83 28 57 3 34 35 39 65 95 73 60 45 9 49 64 76 37 36 22 24 32 46 55 1 61 100 10 44 21 92 43 86 43 29 41 50 23 60 60 54 85 67 91 67 3 47 59 52 68 91 91 34 11 42 21 9 74 95 35 75 94 63 87 81 77 36 68 54 61 90 76 90 20 95 56 71 43 38 83 71 79 17 11 41 68 43 28 99 19 81 26 30 93
100 12
52 489 101 301 182 493 221 172 524 132 345 203 193 277 459 368 24 57 149 517 356 211 392 335 78 529 160 164 316 161 473 325 44 411 360 38 133 353 401 435 395 114 419 81 251 6 259 36 228 307 157 253 65 16 186 475 503 15 47 496 223 110 467 30 136 427 269 234 294 554 205 458 169 545 450 106 373 479 58 442 511 462 457 242 441 144 94 514 341 62 382 539 416 126 308 70 286 122 202 86
52 41 98 79 24 29 100 11 44 41 19 31 50 37 16 44 93 53 40 37 93 75 60 15 84 40 34 21 59 44 34 65 86 13 99 28 38 72 56 54 8 91 51 61 37 25 43 36 9 90 44 96 100 64 24 27 84 62 32 58 39 96 30 19 69 64 5 44 71 83 31 60 38 26 92 65 71 48 94 28 18 54 64 3 2 89 71 32 45 79 62 87 1 65 67 13 7 71 61 81
100 75
326 330 266 170 277 437 346 488 383 406 167 443 42 390 263 438 453 63 107 494 280 157 234 94 224 243 181 320 32 145 54 114 89 297 363 319 458 361 445 214 70 10 496 471 374 202 289 400 306 311 236 253 478 254 172 267 208 135 246 460 345 420 14 231 20 162 71 27 200 468 182 147 188 179 73 95 367 104 187 194 428 262 127 80 252 336 353 300 341 120 414 261 408 295 128 45 18 171 382 360
88 98 26 20 7 25 43 35 17 99 12 18 38 88 35 69 48 93 84 67 1 90 55 61 38 68 98 95 36 3 84 49 7 47 13 61 27 96 96 93 33 10 6 72 23 96 75 92 8 88 98 15 9 3 26 81 59 90 95 4 41 99 46 26 4 22 1 46 84 70 53 17 9 96 18 71 51 67 6 36 64 56 31 71 23 65 6 84 59 46 49 96 100 56 65 16 44 55 62 80
100 48
469 273 75 503 92 561 328 50 515 263 410 337 203 413 575 347 61 19 497 65 179 506 338 597 161 323 213 555 423 276 141 487 214 225 517 372 380 355 188 149 234 537 314 302 459 106 400 526 12 230 473 227 165 477 174 250 593 344 295 217 25 194 568 486 243 362 31 102 88 132 451 584 528 180 429 446 287 538 402 545 309 257 57 435 122 445 566 4 384 42 279 32 114 79 353 573 398 156 391 196
58 36 31 26 92 66 82 33 41 62 36 56 14 79 37 18 16 26 41 18 71 69 43 17 5 25 65 91 52 30 14 84 19 13 66 30 47 84 24 69 10 62 40 41 51 82 69 51 86 81 84 31 8 22 76 74 84 66 43 2 11 9 17 76 54 53 63 77 32 13 21 79 9 58 57 64 60 68 12 24 24 90 92 5 3 30 67 92 37 100 48 2 28 90 87 33 18 46 32 69
100 39
384 172 305 533 294 278 508 20 372 202 302 193 472 521 115 139 529 34 261 523 448 453 474 27 167 511 531 22 430 181 483 374 299 129 162 491 360 507 14 53 103 499 232 83 147 393 415 134 389 271 58 61 501 73 253 408 419 157 105 42 275 493 368 243 319 90 17 351 525 2 100 209 236 77 12 43 437 227 97 124 406 429 485 309 515 256 446 340 484 287 403 324 65 263 331 191 280 219 348 462
75 23 17 78 19 58 63 31 24 39 82 73 84 26 39 29 82 4 89 99 91 25 93 100 39 19 25 99 79 35 14 43 63 34 89 8 57 60 14 21 96 26 68 39 65 43 84 97 65 55 79 15 95 72 15 36 54 54 21 75 27 61 95 71 27 61 64 94 88 100 17 66 16 76 75 46 62 3 57 60 18 86 96 3 82 14 56 37 21 39 38 49 16 25 43 49 8 87 2 25
100 15
484 1 7 394 337 47 500 99 208 441 411 502 216 439 359 345 156 125 368 20 375 136 227 268 335 330 101 93 112 485 242 83 147 488 324 284 206 377 137 57 376 102 451 194 430 249 435 104 239 403 276 186 178 95 134 380 75 289 291 63 420 111 305 79 16 237 53 306 389 491 115 166 314 341 36 492 28 475 273 201 265 145 295 255 363 352 108 252 37 170 129 220 70 303 176 460 470 283 469 427
86 70 69 4 36 67 13 26 81 57 23 42 38 35 87 21 31 38 45 37 29 44 20 19 23 70 6 19 20 44 13 98 78 98 86 23 28 38 60 46 19 26 62 40 12 93 79 59 16 7 25 95 3 36 10 77 50 76 10 51 79 9 5 45 40 31 38 28 74 96 53 96 24 58 54 39 3 78 97 36 4 36 65 21 46 11 29 10 43 32 63 70 4 32 78 49 78 28 6 33
100 53
327 392 308 212 293 77 174 138 514 222 54 534 504 401 34 238 24 102 153 406 529 126 40 439 188 545 268 171 275 130 131 167 434 251 321 163 402 259 52 250 474 455 4 32 379 369 388 121 248 302 278 305 408 42 166 465 312 252 447 86 425 14 353 361 164 63 420 218 70 182 287 94 499 333 183 329 328 282 489 245 415 429 311 519 230 147 180 202 483 111 431 197 536 343 378 165 365 225 337 286
44 40 21 58 57 91 17 17 46 62 45 29 27 71 30 99 24 65 57 39 4 44 14 27 100 7 62 65 29 42 5 51 16 60 81 70 92 1 42 8 74 69 31 20 99 23 62 43 50 76 52 85 92 18 72 100 96 8 85 18 33 69 60 16 79 28 61 71 26 17 71 2 83 37 68 20 31 72 23 3 100 85 14 1 73 24 30 10 57 55 48 78 58 51 15 65 84 12 61 35
100 30
383 236 137 82 440 62 315 333 250 52 320 394 165 461 328 42 455 386 378 147 351 214 15 357 368 78 114 246 216 187 162 12 107 212 163 70 154 179 289 31 51 470 332 417 35 252 322 224 445 200 5 152 406 302 77 6 29 347 45 312 183 50 99 130 92 194 268 282 434 7 300 23 48 136 398 76 255 362 354 425 121 36 141 407 182 169 276 153 426 210 291 89 258 27 231 365 329 316 341 377
13 100 77 69 23 6 90 11 61 54 85 71 38 35 73 91 97 93 98 48 76 94 26 74 87 34 62 66 29 33 96 65 10 17 31 54 7 25 14 74 15 59 68 90 52 8 38 24 16 74 31 70 60 58 77 12 98 34 30 90 14 98 54 63 66 18 69 95 2 11 9 89 4 14 39 56 8 87 100 57 25 72 7 80 50 23 56 38 70 81 30 6 61 76 79 75 79 55 18 94
100 51
171 100 307 40 138 47 93 82 318 119 273 461 597 518 463 525 50 265 324 14 489 145 337 202 595 365 390 215 432 587 328 209 536 256 5 199 548 481 223 424 63 465 166 74 355 485 413 552 508 92 297 382 247 237 25 493 309 295 147 472 135 417 32 459 346 161 142 440 179 105 526 486 261 450 524 212 499 227 282 189 538 285 111 571 154 56 373 146 126 71 561 133 20 369 193 31 241 404 400 581
42 63 27 82 56 86 66 77 19 51 87 71 30 56 41 17 66 88 43 90 36 5 89 28 100 58 74 50 87 17 51 72 35 50 83 43 8 15 79 21 13 61 87 67 7 15 97 49 59 30 99 94 88 98 31 84 76 90 83 38 88 60 45 84 11 42 44 97 33 53 91 93 38 68 21 33 41 30 9 24 23 90 100 64 26 60 72 76 2 51 53 98 26 48 91 30 28 80 20 88
100 77
222 494 349 225 332 356 348 37 410 512 428 518 188 362 179 69 511 61 111 481 25 519 482 489 466 53 305 306 34 267 116 339 516 370 93 260 298 538 317 406 310 415 457 124 251 416 506 106 442 146 13 139 437 169 257 151 455 426 279 118 461 352 269 326 213 421 327 99 378 47 475 245 529 78 5 165 289 465 548 33 129 23 503 157 403 338 21 235 393 531 463 195 383 445 88 204 436 541 498 505
26 57 86 44 84 96 10 8 88 56 10 79 85 61 51 99 53 52 72 31 13 91 5 7 30 13 57 19 41 90 37 58 36 81 38 39 29 7 66 38 29 4 36 61 46 80 7 56 13 6 32 2 6 74 21 8 40 63 85 72 99 82 58 66 86 17 12 66 49 41 93 52 14 1 9 20 14 15 5 51 24 85 9 97 80 48 92 39 19 13 65 90 32 92 76 78 80 5 72 36
100 8
146 124 358 211 166 212 61 496 181 409 46 562 245 112 43 292 285 275 107 235 10 458 558 225 530 449 68 472 401 543 568 171 132 326 149 443 226 157 473 506 90 385 515 395 202 250 242 200 351 588 94 396 407 517 424 17 116 422 519 260 305 571 247 280 140 265 72 365 342 481 263 336 584 579 196 418 576 24 179 314 375 36 528 203 341 319 468 534 190 220 53 487 223 296 117 97 30 551 82 433
79 51 58 11 29 57 73 69 98 52 20 32 8 45 8 96 97 100 45 76 71 64 78 85 22 89 60 54 80 30 48 94 23 61 80 74 96 97 72 61 93 64 83 11 23 52 56 72 99 61 18 62 50 10 37 4 14 1 74 90 88 2 77 26 53 61 93 54 8 39 79 53 45 12 51 15 47 17 78 28 33 19 31 33 35 38 2 100 19 73 7 54 35 55 18 3 47 72 16 93
100 65
325 132 234 433 54 480 193 158 476 58 312 281 156 55 238 382 4 222 80 328 318 379 164 121 474 199 453 402 59 82 140 362 344 176 288 216 146 510 297 449 36 242 272 16 184 399 326 161 90 437 21 331 150 439 473 354 183 124 418 256 100 302 497 175 412 10 466 119 224 86 468 507 63 334 426 392 263 173 280 101 348 490 191 384 408 71 98 159 44 27 134 204 310 69 214 111 427 370 249 457
32 26 22 21 57 34 7 1 15 80 64 99 95 57 1 36 79 59 64 60 38 16 27 77 13 74 37 17 31 37 90 76 25 50 14 51 90 34 46 60 49 20 31 70 92 52 74 86 67 6 32 22 38 13 63 21 70 56 85 60 97 7 19 88 7 59 39 34 30 47 24 61 77 59 73 71 91 1 53 64 3 30 27 22 52 8 46 27 9 40 89 95 95 3 85 96 27 73 21 10
100 99
113 193 179 162 252 443 94 168 324 129 359 369 99 27 479 151 161 315 34 341 402 418 92 216 448 42 281 485 357 371 425 460 389 234 351 46 272 323 228 435 350 222 488 451 169 396 412 299 120 493 66 345 442 231 242 285 29 362 266 106 258 48 145 473 209 265 438 10 91 24 262 363 142 188 417 192 489 60 331 213 293 468 56 217 463 306 476 15 82 3 135 416 204 196 102 78 380 58 71 218
67 73 26 72 93 99 70 96 94 56 80 26 3 48 82 92 33 57 78 22 62 82 14 86 65 44 3 85 34 80 31 98 67 92 68 100 64 72 32 97 52 86 33 83 1 59 12 77 5 88 95 10 71 56 50 63 17 59 7 9 35 78 40 73 43 48 10 27 24 99 41 64 49 49 57 48 26 11 19 79 91 49 74 98 96 90 86 39 81 84 65 16 11 39 14 27 20 14 99 85
100 58
299 222 266 245 422 319 313 378 74 468 447 270 367 383 53 127 97 430 199 465 19 254 58 281 355 285 467 154 235 338 155 517 36 45 180 274 306 124 466 477 9 134 336 540 437 139 240 346 487 271 5 1 90 462 397 148 507 253 433 126 505 181 173 446 406 68 194 100 450 458 161 31 357 530 237 65 369 116 216 109 32 169 427 318 191 388 259 209 29 83 123 14 289 527 415 503 347 326 494 231
72 85 32 43 96 85 29 54 3 61 50 65 22 24 92 75 100 19 78 59 66 100 76 14 45 19 38 71 25 65 46 2 16 96 16 99 71 74 66 32 44 88 53 3 5 44 16 83 71 74 34 90 48 35 26 19 88 52 28 11 65 48 28 56 27 39 5 34 6 96 78 85 45 26 4 90 12 80 3 32 11 26 57 20 98 50 40 38 22 2 20 43 4 68 85 52 78 54 35 75
100 71
379 276 245 537 285 531 358 345 421 485 41 520 28 82 188 108 197 21 219 256 118 182 521 71 522 368 440 155 291 97 357 389 58 17 36 558 102 173 547 514 302 411 238 216 137 166 189 295 8 152 252 501 199 464 329 443 456 91 430 474 268 337 128 264 506 554 163 509 348 69 338 126 206 230 49 559 498 62 408 571 311 579 511 125 380 569 492 77 476 221 400 321 370 504 447 115 390 142 555 204
35 67 20 74 100 56 56 31 21 92 54 31 72 12 95 59 59 63 71 66 31 51 50 9 75 57 74 81 12 49 71 56 90 67 40 65 67 57 43 73 99 30 89 75 62 13 78 75 36 43 55 52 23 6 20 70 14 54 99 92 10 96 87 54 20 8 47 23 80 56 51 72 10 1 2 52 64 22 46 41 46 54 51 59 97 12 63 96 29 96 69 97 86 96 6 52 83 2 46 1
100 25
474 202 186 113 551 443 400 390 424 99 271 217 182 256 280 135 10 21 140 457 417 418 380 432 168 293 116 300 486 143 286 332 409 234 227 448 502 144 496 235 11 289 420 369 299 521 370 330 35 360 243 254 534 326 482 71 158 374 261 125 201 263 307 44 351 342 529 114 312 4 104 149 246 334 188 389 63 468 131 30 499 32 172 238 215 56 544 434 321 50 80 270 90 545 458 46 480 196 212 512
59 32 39 42 44 83 96 7 21 69 8 51 11 79 36 97 42 64 25 23 6 1 14 78 52 86 29 2 10 25 26 29 60 55 72 5 75 67 14 68 10 31 63 88 65 52 13 46 16 12 41 98 33 82 66 36 91 51 67 72 3 88 74 89 65 25 90 27 27 33 50 62 57 53 27 34 61 84 61 91 86 43 36 68 72 80 32 83 93 90 43 94 9 79 59 61 88 62 14 4
100 92
65 54 120 176 216 214 242 157 79 451 486 439 239 92 251 70 117 24 86 389 443 281 57 245 476 445 63 10 110 298 262 136 427 367 277 105 306 400 311 461 288 11 223 179 468 432 496 438 323 192 38 194 491 12 341 159 52 334 418 481 257 473 165 230 413 18 380 268 411 152 146 186 371 122 494 403 33 434 492 460 320 390 130 459 169 350 331 357 42 171 260 204 487 101 405 383 30 222 472 305
94 68 52 57 71 31 56 99 60 89 12 88 15 79 38 45 59 35 32 77 66 77 7 1 27 4 28 35 27 5 62 2 70 98 92 83 48 80 58 84 36 43 52 95 74 37 24 52 2 59 23 8 25 68 58 61 48 12 30 77 2 10 55 90 21 27 41 46 36 23 58 51 43 25 71 95 41 42 52 44 48 31 63 37 32 20 64 7 17 86 58 68 46 53 96 77 95 35 1 63
100 60
26 371 67 51 390 471 525 459 237 231 155 35 505 169 190 8 341 309 16 25 381 400 519 215 452 14 211 306 272 297 271 97 328 335 447 255 221 514 9 300 222 247 266 495 116 148 421 69 350 521 392 293 43 429 356 261 200 427 11 180 173 206 126 57 484 475 414 367 331 322 362 315 135 207 436 78 408 437 352 83 507 326 488 174 109 93 461 535 454 138 104 64 136 280 59 159 144 81 472 289
73 3 66 92 67 54 80 9 65 20 71 16 88 60 6 51 61 21 93 40 55 49 74 9 25 25 18 46 60 57 18 70 61 67 38 78 75 23 73 64 67 80 1 55 27 52 4 63 43 100 68 59 91 5 16 96 99 59 91 67 84 8 12 51 94 20 58 26 100 5 83 84 64 83 26 65 19 32 96 40 63 2 12 22 48 81 8 75 85 5 97 57 24 7 26 78 98 76 47 77
100 70
339 401 53 215 108 319 437 462 160 439 55 276 391 181 403 345 430 489 275 334 422 493 51 352 313 76 202 238 112 271 205 92 58 420 210 287 329 484 362 171 167 340 66 99 258 131 32 417 140 324 15 197 468 336 380 429 95 452 475 59 24 124 469 10 147 260 242 79 278 157 114 70 230 120 382 300 39 221 410 85 111 146 446 346 248 307 363 365 88 266 441 393 139 296 188 113 46 102 117 372
28 96 84 52 76 42 24 22 61 63 73 60 41 45 89 45 55 59 51 15 53 1 86 70 20 20 26 32 93 46 6 2 67 12 66 47 35 27 45 45 60 27 78 57 70 31 37 1 78 56 75 48 5 88 28 55 2 65 24 30 89 62 25 18 12 81 61 98 65 56 71 59 67 82 66 25 48 35 47 100 24 18 51 77 100 55 4 68 92 67 71 87 73 99 69 10 69 55 37 30
100 61
13 378 186 273 428 419 139 199 362 202 210 474 447 110 399 340 386 279 175 529 83 462 223 145 431 543 197 69 59 214 479 328 92 265 253 262 161 501 532 308 206 249 403 209 288 405 487 517 392 368 31 179 526 371 168 298 125 41 82 188 418 515 57 455 159 172 297 115 351 319 305 154 295 50 540 21 289 317 355 260 39 258 471 230 330 411 277 66 72 240 8 363 493 438 126 131 343 505 315 102
23 86 55 29 17 57 59 94 49 51 18 30 22 36 56 26 69 62 32 29 46 33 25 66 84 89 1 84 1 85 6 59 77 1 49 64 37 85 85 6 13 78 40 34 61 84 78 33 8 99 40 88 60 36 22 90 98 69 87 10 9 93 34 89 1 48 8 55 71 62 59 82 2 56 11 89 19 52 19 38 73 96 55 53 53 61 32 83 76 78 93 33 100 6 98 14 58 50 24 64
100 47
341 31 518 95 113 380 464 355 444 232 227 278 78 273 481 436 401 335 268 24 119 138 528 262 76 9 303 186 485 69 364 471 454 295 101 320 363 126 412 42 455 498 313 252 526 37 537 383 205 178 131 374 47 510 62 144 349 192 18 327 218 501 491 242 184 542 360 20 45 387 111 427 211 244 201 156 154 188 87 130 289 547 57 450 63 422 280 50 452 169 2 162 330 152 407 475 338 161 32 395
81 1 75 77 94 82 80 87 34 55 72 52 34 67 60 25 34 84 24 93 83 59 3 68 26 31 5 30 93 51 27 80 96 42 18 50 45 98 90 95 58 98 93 99 24 63 14 66 56 52 86 19 54 21 93 32 92 4 84 56 24 73 96 51 47 37 18 12 41 49 8 100 2 30 60 40 65 87 100 96 25 4 31 16 65 78 33 9 30 65 12 43 90 88 43 46 47 10 21 63
100 61
413 496 26 469 499 210 459 178 401 122 559 391 173 105 410 165 536 478 154 604 298 370 220 117 434 294 95 351 240 471 139 46 550 8 480 231 305 247 270 519 507 133 417 126 188 295 164 570 71 149 78 377 364 246 426 379 361 447 32 37 546 597 394 200 251 510 346 396 312 110 527 337 330 520 320 457 278 590 580 444 427 61 375 120 62 257 263 192 363 227 17 288 96 490 310 88 563 484 55 385
34 79 78 83 42 96 33 92 86 37 37 16 53 70 27 53 39 11 53 20 63 20 51 80 74 34 31 95 52 2 16 29 5 52 50 51 69 59 2 48 51 39 29 7 70 95 15 100 71 61 10 11 24 48 37 35 56 43 10 65 60 74 86 80 56 69 81 99 75 44 55 93 86 23 69 61 19 53 18 68 36 69 23 56 17 73 63 72 80 31 94 16 94 16 11 42 23 70 25 73
100 60
163 121 462 272 130 211 449 431 57 324 54 25 225 221 443 311 198 435 276 397 413 35 12 363 470 312 28 345 191 96 253 332 249 52 315 101 67 479 112 31 446 549 170 505 524 380 90 370 454 244 278 447 389 173 169 254 406 139 306 240 514 157 298 502 327 316 418 70 207 202 156 284 94 227 20 352 79 109 341 482 2 83 361 425 491 72 149 539 123 62 493 532 231 329 182 294 262 39 45 466
54 46 46 4 40 93 33 6 70 74 95 14 45 48 72 60 68 3 20 41 44 57 98 78 24 9 48 78 42 72 41 74 46 31 27 67 27 32 21 26 16 90 24 56 68 100 59 19 65 99 52 42 45 68 43 43 70 71 23 16 2 63 62 65 16 48 39 75 40 87 89 12 95 69 99 79 55 25 97 82 33 42 24 72 30 77 76 97 19 43 1 15 10 61 84 8 31 57 8 56
100 77
112 354 400 587 159 482 241 72 348 363 131 156 446 216 329 542 394 314 125 249 502 534 447 107 508 40 261 603 293 91 198 409 569 473 267 304 439 450 367 102 7 179 104 163 518 402 62 16 64 429 577 265 109 273 349 596 468 84 189 323 368 208 419 271 223 44 139 559 298 283 337 533 387 550 231 391 528 130 172 142 28 178 79 494 594 313 342 423 97 119 234 378 18 52 485 38 152 460 493 255
34 68 16 15 10 45 62 4 53 2 80 68 33 35 60 89 66 8 31 22 39 97 38 29 96 87 99 59 39 97 35 29 86 57 24 35 57 9 90 42 7 11 58 10 28 99 54 22 53 98 29 52 61 83 53 83 46 31 27 31 88 62 86 61 3 31 88 65 61 57 72 94 61 52 33 45 79 61 45 25 56 85 4 47 66 20 80 18 40 10 14 97 14 54 7 57 40 88 84 7
100 5
31 139 524 231 372 251 387 201 137 349 397 486 431 160 268 18 38 499 169 334 220 185 240 221 217 319 195 456 308 459 318 315 229 547 541 342 357 507 433 72 475 36 363 474 270 143 81 327 177 301 62 317 522 93 104 61 412 51 176 263 208 153 514 483 335 180 417 407 166 128 94 138 386 290 97 113 399 41 162 242 297 106 145 8 121 443 161 2 256 531 450 421 466 91 28 430 418 489 280 378
58 16 7 8 83 35 39 27 58 72 1 71 97 58 77 67 36 52 76 20 71 31 47 69 38 5 64 42 13 9 20 40 53 100 79 2 13 18 56 46 64 64 62 65 73 1 46 51 53 68 18 38 71 93 99 73 59 39 5 46 34 76 74 73 33 14 90 41 49 32 40 52 46 92 14 57 67 49 47 56 60 31 96 8 57 46 75 73 86 40 37 100 79 4 63 19 24 65 38 75
100 0
495 151 79 16 419 504 335 321 331 474 221 411 68 315 250 203 253 356 187 209 214 247 131 166 314 132 49 234 502 442 207 170 373 100 488 265 167 282 152 503 106 115 142 93 114 444 76 286 386 6 484 227 73 478 243 206 239 135 128 58 460 26 179 510 452 242 402 56 97 364 204 392 32 382 308 360 295 197 418 317 55 258 349 275 428 475 3 358 86 124 437 298 454 338 45 343 158 39 464 238
7 12 87 85 14 28 26 38 88 61 73 50 59 35 21 30 20 66 73 64 57 79 30 66 34 75 91 21 7 47 5 63 11 8 87 19 10 4 79 88 44 62 82 40 8 49 96 69 20 34 55 80 75 100 86 76 54 76 65 12 68 50 95 48 2 10 40 3 67 8 43 5 13 54 60 64 34 34 36 56 39 90 22 15 25 73 40 81 23 41 4 89 33 87 59 44 83 8 67 48
100 72
112 221 135 445 457 515 209 394 353 72 212 118 11 465 30 108 171 263 190 293 357 323 342 446 504 166 18 336 497 207 174 59 435 313 9 509 352 197 203 489 424 169 145 103 366 408 368 433 386 472 230 516 33 98 508 78 240 127 294 68 467 17 180 273 512 314 492 89 126 373 150 281 303 334 533 262 525 527 160 249 50 45 216 165 287 362 447 414 63 479 85 333 404 473 222 43 378 25 255 146
12 26 7 23 27 28 32 87 26 28 98 89 47 47 83 65 18 30 62 10 41 43 12 14 73 2 6 78 18 79 99 58 37 43 89 20 38 16 85 94 61 85 52 63 22 29 51 73 55 96 81 47 98 42 45 68 35 80 36 67 13 97 20 55 59 98 13 8 32 79 10 13 88 77 80 42 71 3 11 88 43 30 56 81 88 62 34 34 12 36 57 2 56 67 26 2 77 38 47 83
100 95
140 126 257 73 287 110 28 487 360 441 366 376 46 95 290 239 210 387 295 434 66 53 187 304 464 530 223 346 284 545 309 148 505 458 199 539 465 477 184 13 405 123 350 326 224 515 265 78 274 229 189 384 520 411 56 58 150 319 495 98 37 115 105 390 200 250 380 474 298 344 7 271 91 270 175 307 164 451 433 165 117 418 171 516 86 407 240 281 217 22 40 131 154 536 169 514 427 208 336 397
83 12 11 84 87 26 31 21 87 17 21 48 89 72 81 69 66 60 82 80 72 69 97 63 83 33 72 71 52 82 42 33 28 13 24 42 20 37 65 14 67 63 67 83 14 7 83 61 64 42 30 66 61 53 8 4 21 57 21 13 12 89 38 41 99 33 80 13 49 16 87 81 89 48 15 56 97 42 69 80 92 82 74 7 20 51 82 26 86 50 77 9 2 10 34 64 63 50 83 33
100 68
72 204 280 397 37 187 252 141 339 245 127 495 42 521 220 49 284 451 135 506 437 430 358 474 177 8 4 258 526 271 262 149 13 120 50 281 56 172 530 466 321 83 230 100 381 111 66 515 316 297 216 389 338 269 386 367 94 308 356 103 346 69 186 35 372 275 73 31 328 492 29 214 502 420 299 313 154 477 155 183 20 527 203 472 231 294 445 277 130 238 401 163 486 461 411 194 55 93 272 251
82 19 22 64 40 63 43 97 30 79 89 54 63 15 93 19 91 98 14 63 40 58 23 48 76 86 34 7 98 41 78 94 48 44 57 30 74 93 2 46 18 64 40 58 29 85 5 5 72 41 14 80 2 62 77 35 50 20 30 64 95 3 18 40 30 89 42 22 17 37 3 29 56 53 16 61 30 51 36 72 4 2 51 77 86 85 33 80 54 73 44 59 12 61 100 80 10 12 81 44
100 3
355 6 99 125 491 199 246 176 21 53 381 482 253 143 164 87 328 393 324 440 391 389 58 311 63 222 405 313 447 477 296 76 155 30 261 135 243 40 400 427 216 120 141 453 249 498 167 468 367 179 353 147 339 46 24 55 100 260 110 150 270 359 72 417 92 258 332 415 148 371 508 235 196 205 434 228 444 344 397 102 131 514 335 481 288 362 206 318 82 16 516 156 57 279 303 325 402 461 500 189
20 68 69 88 59 29 70 45 43 34 58 27 61 51 43 24 30 43 83 96 85 46 77 64 54 64 85 41 12 87 44 98 18 49 73 28 35 22 90 72 19 23 70 10 70 91 54 16 7 89 89 97 49 56 88 15 26 69 28 39 70 39 76 14 41 61 5 28 77 72 71 34 69 82 35 5 89 12 92 88 70 44 31 94 96 35 95 2 73 65 37 25 25 93 31 26 21 14 82 48
100 90
376 210 346 197 219 308 121 321 302 472 107 65 243 120 428 33 323 548 14 174 261 151 341 389 238 516 246 301 493 538 333 45 547 82 281 509 368 279 62 533 19 115 266 371 550 193 91 204 484 76 340 6 132 217 467 413 398 430 70 228 168 304 382 256 146 244 501 131 458 498 142 418 560 1 317 475 404 438 364 448 286 53 160 419 386 88 25 291 559 163 97 416 355 42 528 170 549 183 273 524
91 98 6 28 97 29 10 63 48 12 21 8 50 17 7 50 39 54 4 51 38 32 88 100 23 80 57 14 25 6 43 61 63 80 100 83 85 94 28 39 47 68 87 63 69 16 18 35 64 12 74 17 6 9 26 50 88 20 56 33 17 44 3 7 87 78 97 46 82 64 14 43 63 16 32 62 48 87 98 42 14 10 16 37 15 90 74 21 77 80 86 75 16 64 38 99 66 16 68 82
100 12
421 411 151 485 444 478 543 395 244 235 191 64 297 142 117 539 451 573 270 57 155 182 218 89 159 369 224 92 59 26 199 318 528 178 108 50 227 101 124 200 161 335 49 170 173 332 172 472 286 530 279 74 499 405 580 202 564 378 508 551 518 213 463 3 345 136 486 35 354 460 359 399 560 429 387 17 491 363 16 259 302 445 535 84 203 308 246 42 327 68 123 357 12 260 436 268 166 131 288 249
92 57 60 41 98 39 86 77 78 52 46 100 82 32 30 78 23 67 67 35 52 17 93 83 22 57 90 87 93 19 5 10 32 39 62 14 41 61 93 93 50 50 50 27 23 46 81 7 38 31 78 2 38 30 91 33 35 28 16 65 73 6 52 77 65 92 84 48 86 99 37 73 67 83 20 90 32 4 5 5 76 100 29 49 20 30 89 77 61 44 12 80 55 15 84 18 70 43 2 52
100 61
446 493 279 78 486 48 359 188 25 12 158 524 282 38 542 340 539 117 312 426 483 99 265 131 157 214 393 509 342 283 29 260 109 376 410 250 197 168 381 184 329 318 235 304 385 350 525 337 80 537 142 93 466 226 546 288 231 541 473 135 444 179 28 402 18 452 553 530 54 183 270 296 460 207 306 124 479 396 238 223 73 416 140 4 237 324 64 367 216 58 86 514 500 246 147 211 269 436 177 261
96 86 88 34 68 30 88 88 88 85 78 91 8 85 90 86 37 100 94 96 96 56 89 97 74 14 30 44 29 9 70 79 74 28 55 69 55 47 34 84 50 1 14 15 52 18 29 64 24 13 2 52 94 74 55 16 93 98 49 66 94 61 99 46 5 54 49 15 88 95 42 81 72 42 1 81 41 48 60 19 22 57 79 24 38 82 56 54 32 98 95 61 40 51 70 15 58 52 87 90
100 87
379 269 429 388 445 221 146 508 224 104 138 57 348 297 538 152 95 313 492 85 247 78 299 494 384 501 323 240 173 321 593 371 130 471 287 495 464 437 184 398 230 25 355 210 485 27 193 380 71 254 365 53 16 89 450 325 180 129 47 65 332 157 480 393 114 516 521 218 569 406 204 528 545 360 37 400 511 434 163 415 277 198 118 575 341 554 557 50 458 585 6 422 322 103 182 567 264 467 120 304
66 8 41 87 85 55 96 68 4 47 30 4 40 96 85 39 53 50 11 15 68 69 65 32 16 81 68 84 57 65 40 74 15 91 38 70 25 34 5 14 95 22 98 65 28 10 64 90 44 64 29 15 81 55 30 96 11 98 37 18 39 2 10 79 88 21 5 42 82 88 8 52 5 71 73 49 42 99 54 1 43 16 3 75 35 20 52 33 4 77 34 34 31 20 3 2 88 75 70 26
100 76
150 35 306 342 246 144 556 112 171 91 201 142 543 167 190 109 428 71 466 130 484 236 258 315 523 32 474 222 547 345 44 375 335 262 13 260 393 22 39 59 361 369 12 180 532 459 269 252 562 283 382 341 503 75 513 5 61 552 125 323 275 194 452 51 292 508 31 419 141 225 14 277 517 155 410 402 352 136 328 83 134 159 282 301 435 476 227 469 197 392 431 101 119 533 216 494 405 153 209 442
96 19 8 58 70 17 50 75 26 68 96 93 38 68 13 64 44 42 38 27 9 100 63 84 92 46 48 66 19 4 23 83 82 17 92 25 40 67 62 49 50 54 40 34 26 90 88 12 25 53 60 30 30 62 58 80 83 53 84 70 28 60 98 57 23 57 26 30 73 88 53 7 50 52 29 90 25 17 30 18 16 76 79 26 53 22 18 60 70 66 78 29 17 47 99 40 69 72 61 69
100 100
310 244 70 72 114 533 23 60 547 392 195 54 35 33 371 178 211 47 421 94 149 305 529 80 335 303 5 46 550 473 110 104 76 225 272 238 520 147 449 293 328 416 570 235 327 169 50 502 75 357 13 212 159 285 509 202 219 19 399 490 483 375 320 542 439 275 127 36 429 137 347 199 412 184 86 248 456 462 408 497 515 411 340 220 467 364 255 495 558 563 262 551 382 120 194 535 376 278 546 183
99 54 62 86 77 11 19 47 42 14 67 43 70 78 78 88 5 74 41 14 12 38 9 32 33 41 79 76 62 69 92 81 64 40 2 15 44 39 84 66 18 84 36 83 28 72 45 15 1 36 21 31 97 86 12 37 46 3 17 30 88 45 52 69 96 77 22 44 30 4 63 55 40 46 70 45 13 51 18 83 7 56 12 59 16 38 11 69 9 14 68 77 19 51 20 64 81 93 90 7
100 95
366 351 345 113 495 463 161 387 262 265 61 444 237 245 402 145 465 141 62 121 436 28 437 59 230 132 357 12 499 457 166 177 205 434 274 298 291 335 90 223 474 15 317 88 41 69 54 372 176 310 106 327 412 302 486 503 289 482 381 36 116 462 201 301 448 25 154 278 209 78 440 318 214 319 416 47 194 173 483 217 338 424 99 257 93 295 17 98 3 229 123 285 22 472 470 247 405 183 395 186
57 2 25 64 16 77 62 45 55 70 93 41 34 45 44 70 78 43 60 57 21 54 6 56 12 17 78 62 82 72 29 63 41 67 37 95 4 62 77 73 30 48 81 90 31 15 95 92 10 68 17 45 10 63 32 3 100 29 74 100 6 51 44 98 74 15 47 48 90 55 67 56 30 10 47 54 67 97 35 72 100 60 5 7 69 63 63 91 2 25 58 45 88 90 35 49 17 99 53 83
100 80
24 443 153 383 239 229 182 64 413 346 372 363 149 471 192 326 431 21 370 374 493 27 349 249 500 60 334 536 396 356 529 162 507 124 352 461 434 121 84 62 85 365 535 201 92 297 398 451 369 388 119 243 360 424 38 219 185 87 473 271 343 82 288 268 514 350 524 138 115 315 290 46 486 503 215 129 110 172 306 170 477 30 403 296 72 211 319 279 305 101 11 506 304 147 10 416 259 54 83 205
22 18 96 77 23 90 59 7 33 38 92 8 11 91 4 67 66 38 17 23 8 40 71 3 92 69 26 64 97 53 31 98 99 85 12 45 52 85 33 65 97 44 45 33 57 67 2 53 77 7 100 25 24 38 28 18 38 100 39 99 83 91 44 27 59 6 67 3 89 75 88 94 39 81 17 83 8 27 13 63 97 89 61 88 10 72 21 84 89 91 40 22 96 25 8 100 42 73 78 28
100 95
201 49 344 231 377 10 334 210 14 444 266 286 152 65 277 102 490 90 163 472 565 85 175 51 125 364 551 457 371 402 500 510 297 41 198 506 32 388 23 98 329 43 131 482 241 489 245 123 447 193 313 204 299 153 541 520 136 249 423 60 436 308 323 275 327 194 121 353 379 142 298 404 413 17 358 428 246 218 243 396 75 529 221 259 463 22 296 222 486 172 557 383 375 18 539 361 112 216 183 514
71 30 91 94 48 13 65 60 81 94 30 80 43 65 45 17 19 60 49 15 61 65 86 57 19 77 96 8 22 21 52 68 37 27 14 75 11 60 88 82 23 22 86 39 37 16 59 57 58 26 6 63 45 55 14 8 53 64 6 67 47 45 73 69 36 68 67 63 55 20 91 68 15 34 36 88 35 58 98 16 13 18 72 4 70 21 20 3 17 100 17 87 84 51 11 7 90 94 80 83
100 73
51 193 437 467 461 396 471 65 69 340 326 148 488 314 53 519 331 187 22 282 431 515 177 153 512 391 109 263 443 308 428 101 417 535 452 244 141 87 419 214 278 98 305 277 183 103 113 128 294 38 162 324 425 442 344 10 132 150 505 358 204 497 526 170 12 234 57 436 47 271 184 236 321 243 217 438 406 522 97 30 378 254 79 225 382 273 478 287 354 370 198 120 228 176 516 302 8 498 410 362
26 6 83 47 77 67 72 44 59 4 92 91 57 76 59 94 2 62 39 68 85 76 10 73 1 66 41 34 7 72 8 26 17 71 48 42 55 94 24 57 68 82 58 67 6 33 21 59 12 85 11 95 8 2 77 3 80 13 42 36 97 11 49 88 79 25 20 3 77 68 90 51 97 100 35 71 17 21 4 8 57 59 51 71 10 11 37 67 9 85 6 64 58 15 50 99 86 16 49 80
100 2
206 138 215 392 74 105 525 218 317 515 173 160 488 283 443 305 257 20 3 478 355 227 219 434 336 246 399 1 239 418 29 92 229 361 187 50 312 164 346 359 473 9 388 155 71 393 168 242 39 464 216 509 236 112 555 288 327 153 425 529 267 182 456 95 476 550 116 35 64 540 196 130 453 90 131 532 490 297 57 277 133 143 94 14 251 499 48 191 379 446 75 56 375 80 479 371 408 202 364 123
10 30 58 22 63 75 19 20 6 71 63 57 60 22 95 97 56 94 29 93 34 45 27 8 73 81 49 76 49 82 94 81 75 39 15 93 53 18 53 21 99 96 56 59 60 30 85 50 75 29 35 92 39 69 100 46 82 91 18 35 6 62 85 64 31 95 19 26 71 76 24 80 93 79 78 100 80 42 12 52 53 39 20 2 56 53 69 29 90 6 25 93 19 24 94 80 54 47 7 78
100 64
10 103 520 67 87 498 427 567 392 403 559 422 412 265 58 477 179 323 400 540 139 218 20 25 169 128 463 259 413 7 231 203 32 446 372 209 120 159 336 467 16 127 274 505 437 448 562 530 468 30 185 544 488 307 363 227 248 338 462 353 23 542 452 419 292 282 192 217 257 478 424 202 441 42 552 512 347 155 118 445 379 263 76 149 130 239 300 49 168 94 551 177 383 313 143 190 77 109 326 151
88 25 43 15 34 48 23 100 70 71 87 9 46 43 30 51 88 21 91 51 88 71 40 31 43 83 73 11 3 58 59 27 90 87 91 66 1 48 39 49 44 93 32 42 39 1 64 43 28 99 47 49 85 2 23 6 22 5 15 96 29 92 71 85 13 69 50 43 4 32 56 11 60 28 94 78 72 53 45 100 68 21 100 20 32 75 64 46 10 43 23 29 94 58 70 3 21 18 80 32
100 36
375 57 141 15 27 352 461 500 211 338 414 530 426 249 5 474 237 89 181 318 412 262 219 345 311 515 125 489 335 187 368 522 441 215 168 169 65 136 184 37 361 376 379 297 494 204 427 546 394 529 59 101 482 86 165 247 327 386 256 273 503 77 322 20 6 440 539 44 51 405 195 431 151 78 290 422 303 117 69 454 176 447 150 369 158 127 99 397 512 281 93 420 111 228 206 342 47 470 32 266
5 87 48 1 4 46 55 70 2 73 17 32 23 86 43 68 37 8 69 77 59 73 19 43 88 53 31 5 49 61 31 66 91 67 36 88 75 87 30 77 92 60 30 97 44 81 76 96 94 31 57 84 55 23 28 26 97 47 82 47 13 42 59 35 66 42 1 84 51 45 32 70 1 53 16 13 69 67 51 4 49 29 24 46 13 60 78 77 99 53 48 24 66 80 2 61 39 85 22 24
100 96
149 26 327 443 433 360 282 218 411 253 176 159 294 233 483 298 105 278 8 266 64 74 87 518 509 240 356 479 39 113 410 315 395 366 348 393 466 140 493 135 461 392 385 515 31 526 165 532 337 521 307 450 108 275 199 469 387 512 49 530 227 406 215 182 426 273 534 435 189 418 260 125 58 381 248 371 544 429 453 95 550 156 399 208 84 490 372 123 503 167 99 155 147 18 321 338 6 299 289 276
4 24 3 78 38 52 70 43 96 64 19 18 54 84 29 70 50 65 41 3 59 78 76 73 2 48 2 25 83 44 61 100 25 77 59 31 15 34 73 99 59 70 82 59 53 47 60 70 99 79 17 66 26 23 41 6 60 80 74 85 24 41 25 75 49 67 55 17 5 60 49 83 20 8 69 100 98 31 55 75 4 98 92 73 82 54 30 87 65 30 26 97 82 4 100 57 50 77 81 6
100 91
95 326 59 233 297 105 352 529 73 336 18 364 546 347 226 10 416 84 554 273 479 157 435 49 290 515 69 292 366 185 434 414 62 317 251 520 376 138 343 503 476 495 280 356 22 243 340 199 384 174 417 442 393 427 265 166 123 488 128 533 544 469 387 217 403 289 306 106 560 257 87 208 309 335 505 81 45 449 35 408 310 125 413 388 240 192 461 31 13 183 222 456 85 148 97 542 284 115 135 76
32 43 44 48 92 69 24 83 100 56 46 15 63 31 36 13 7 10 13 40 22 62 71 16 32 46 47 100 57 11 27 47 97 60 25 31 91 31 6 16 21 60 23 79 35 56 57 1 5 20 7 86 30 17 41 49 32 91 82 60 55 92 52 95 83 8 11 89 6 41 68 55 29 86 92 34 48 82 71 63 98 31 57 86 13 23 88 9 50 36 40 9 83 22 14 3 99 18 51 15
100 85
229 473 263 176 371 381 300 431 441 459 160 389 11 502 131 168 449 235 103 454 444 510 400 246 109 216 259 10 345 515 279 239 112 251 335 392 141 286 68 526 350 372 19 291 309 38 29 196 99 58 238 202 283 330 360 476 413 221 207 201 124 361 411 463 349 511 12 87 119 509 293 410 422 486 278 204 269 494 294 189 41 295 82 442 72 26 185 155 151 262 234 49 65 95 426 322 522 313 179 228
55 8 53 66 19 4 68 8 38 27 51 63 99 56 20 64 40 42 59 56 47 66 77 98 99 49 20 21 84 76 19 56 51 78 1 91 41 100 65 14 91 75 98 15 93 24 68 34 71 99 55 38 64 88 15 42 33 62 46 68 85 79 71 49 60 39 4 94 41 54 53 53 41 95 18 87 4 26 29 17 69 96 96 30 9 74 18 95 12 54 85 57 39 12 66 63 52 49 99 20
100 17
141 64 159 179 419 405 148 322 502 320 468 363 526 212 43 133 52 481 325 284 163 204 74 446 137 281 197 16 415 10 173 305 167 379 509 45 297 459 168 188 385 140 339 261 251 472 75 483 335 523 290 310 291 347 514 237 222 158 229 371 78 247 8 428 31 329 88 357 450 496 162 429 107 46 436 98 125 193 387 5 227 486 484 360 165 62 113 240 38 207 6 154 234 157 120 271 298 517 397 23
49 94 84 87 69 38 21 23 19 32 89 19 17 85 25 82 35 74 5 8 80 31 91 91 63 7 52 62 56 95 18 55 55 73 43 52 1 48 37 4 84 42 14 26 94 63 23 8 64 49 66 89 30 47 63 13 67 7 85 71 31 86 95 26 16 53 39 57 21 14 41 19 63 85 28 7 72 14 12 54 88 100 28 63 26 24 96 27 12 86 33 79 69 42 95 40 22 69 6 75
100 36
436 271 491 456 466 145 180 213 37 16 420 118 241 66 275 390 408 189 429 375 168 470 452 106 137 318 479 153 288 52 487 228 217 338 46 221 347 283 129 333 321 349 26 76 138 331 503 323 116 413 412 423 309 56 259 268 515 172 262 391 505 460 490 488 96 407 207 365 381 454 156 341 485 444 47 472 366 249 328 299 174 10 197 493 418 126 165 342 290 402 520 233 397 237 208 86 196 356 30 65
58 73 31 2 92 23 27 56 49 85 44 72 63 7 91 98 35 84 96 56 24 30 46 83 53 28 90 27 44 14 29 64 76 83 9 49 16 1 6 14 63 78 3 17 44 11 9 70 85 84 68 14 14 35 62 32 67 72 51 19 77 35 60 97 45 56 79 78 40 75 87 64 60 74 39 53 86 31 29 66 61 24 87 1 89 27 49 83 71 56 78 4 29 71 46 56 93 10 79 99
100 27
117 69 13 136 300 29 483 258 295 407 405 237 451 455 510 568 493 257 75 230 331 247 89 143 41 472 387 358 74 562 502 40 127 82 377 186 539 59 214 337 148 158 314 269 332 98 220 389 307 350 109 282 402 490 319 268 528 168 441 101 138 537 465 436 178 5 290 565 209 572 414 329 546 327 83 195 426 50 204 236 287 218 417 343 399 23 119 446 47 60 518 507 273 479 36 367 131 577 555 534
5 44 50 84 23 58 66 34 18 74 70 3 14 73 21 63 2 99 74 35 68 16 5 18 18 58 21 67 66 95 77 56 86 100 76 37 8 57 42 88 5 86 45 91 94 82 40 75 37 51 81 73 63 42 3 79 22 37 54 41 87 43 34 69 95 33 11 71 48 25 58 21 13 70 7 96 21 100 30 33 43 30 65 46 51 44 80 21 41 22 5 92 59 17 70 3 15 93 5 89
100 93
437 578 369 159 168 524 223 389 125 271 191 460 37 129 232 299 450 441 79 296 346 489 331 553 109 313 55 471 323 206 288 278 216 395 101 26 419 252 151 527 307 321 87 560 144 186 469 547 255 311 510 568 272 344 62 360 176 458 442 514 41 116 433 402 19 517 2 573 354 114 246 534 411 72 263 340 103 236 448 40 541 10 61 529 30 481 167 499 429 136 376 341 64 97 196 69 46 386 562 504
1 75 47 23 64 61 11 10 63 68 57 64 87 32 4 30 4 52 86 8 66 86 94 75 87 3 92 1 49 87 76 15 59 63 99 8 44 89 8 71 82 26 83 34 62 53 70 87 40 35 28 48 52 54 81 94 79 9 32 34 59 40 82 70 38 20 55 31 47 82 49 50 83 23 45 9 18 37 47 39 88 81 30 75 78 19 75 80 16 69 30 3 39 73 44 53 7 63 12 61
100 1
478 244 222 418 113 54 363 44 124 189 496 376 333 519 194 89 391 271 441 489 237 345 482 390 207 462 102 293 453 230 428 498 366 421 204 312 32 389 266 401 261 77 171 365 310 529 117 515 306 143 97 6 158 400 472 147 103 183 80 191 260 22 510 407 439 131 167 153 406 90 342 383 217 331 371 174 322 308 236 165 309 438 281 301 221 61 285 353 34 16 270 443 110 68 417 501 137 20 248 258
12 6 27 37 92 59 96 41 38 87 56 35 23 74 84 14 29 37 28 74 90 73 62 30 3 65 63 12 37 32 22 49 6 16 3 90 31 9 78 71 83 41 48 84 2 5 72 9 50 81 80 98 84 83 63 62 6 84 67 83 85 21 39 49 87 42 93 97 99 33 52 53 74 56 16 67 21 4 100 2 2 47 32 35 16 65 85 13 58 19 18 57 47 84 29 18 69 3 14 42
100 41
250 483 187 322 16 155 453 407 397 164 478 45 263 139 281 292 388 82 77 339 54 464 129 183 267 61 70 490 370 271 355 147 328 48 422 418 59 179 566 546 526 556 196 72 499 47 336 321 93 449 342 226 314 217 246 138 519 308 262 236 107 313 39 87 248 290 29 365 133 559 95 442 432 343 553 458 168 382 202 540 298 477 114 536 23 472 9 465 211 350 257 377 120 104 509 171 412 427 3 205
51 54 4 64 17 50 63 28 30 80 35 86 89 24 79 51 71 82 70 98 93 27 31 9 81 54 16 11 25 17 46 33 50 77 61 66 20 31 69 25 86 90 100 49 43 36 64 13 75 65 22 16 6 67 14 19 82 33 18 56 86 82 56 61 32 77 36 61 53 51 79 60 42 35 29 33 22 99 93 36 65 82 2 58 61 47 76 51 68 9 29 9 10 16 85 8 12 21 36 51
100 66
433 233 39 333 423 496 590 63 18 525 23 258 100 552 11 567 398 170 305 245 311 359 152 77 267 437 381 131 207 489 535 92 206 537 541 505 408 257 416 44 190 578 447 47 188 372 223 351 213 343 2 138 70 279 163 299 193 558 492 205 320 325 109 455 596 186 429 288 518 274 116 388 94 560 150 471 386 365 296 506 122 56 145 196 159 575 241 35 380 253 481 87 180 584 226 546 27 461 191 509
65 3 86 22 40 41 40 78 29 33 33 27 52 17 17 99 23 19 87 67 75 33 63 95 29 54 17 95 15 54 48 10 52 32 82 47 93 44 20 18 97 36 59 34 72 38 13 41 81 15 53 18 53 86 62 23 32 82 29 64 82 2 22 98 26 28 40 7 5 15 62 14 64 69 14 53 13 28 80 1 46 43 28 15 6 62 23 94 18 98 57 25 98 21 15 73 80 63 18 99
100 13
214 473 55 392 61 446 18 238 496 332 209 9 311 282 531 155 14 305 351 145 128 183 352 527 294 464 83 454 359 10 257 27 97 534 202 376 507 285 378 357 493 71 299 470 269 35 179 499 279 3 66 193 112 343 242 502 400 382 333 521 431 79 104 229 412 319 437 417 87 409 89 264 251 347 152 339 139 68 169 325 163 479 234 217 367 63 73 45 67 512 368 135 424 483 525 120 224 246 255 99
51 95 3 12 42 14 59 71 17 54 45 12 17 6 69 81 30 50 68 2 78 79 2 16 10 79 61 90 30 12 60 98 1 30 39 45 76 7 100 69 13 35 9 64 100 96 43 48 89 8 57 62 54 5 82 100 56 60 64 11 43 80 95 26 84 5 5 94 9 64 68 92 57 48 88 2 83 74 96 79 28 100 9 8 35 34 93 61 89 53 72 65 88 21 67 10 17 41 4 48
100 8
375 586 610 169 353 527 512 55 151 366 569 264 17 122 533 213 103 442 541 129 464 45 33 146 325 480 595 473 363 460 506 450 383 227 182 44 288 197 2 304 95 106 193 530 272 85 77 6 335 102 153 25 560 346 486 397 492 574 8 392 605 190 230 517 393 223 547 114 255 318 277 161 503 137 531 552 603 204 60 432 35 70 594 80 224 368 401 246 386 314 497 296 284 239 410 426 340 419 584 173
58 26 76 21 25 16 57 72 31 30 64 24 47 47 66 59 82 65 70 42 32 4 74 51 50 77 16 10 46 92 87 48 99 6 25 13 6 56 87 49 16 16 50 56 70 72 31 86 18 56 91 14 15 3 7 89 6 8 23 65 30 16 9 3 17 97 18 22 73 16 44 59 78 54 16 56 49 81 63 75 19 5 79 72 85 49 46 51 37 22 29 13 59 44 83 84 55 16 80 97
100 62
411 282 236 174 44 181 17 261 271 202 83 97 246 418 175 201 233 105 24 498 460 269 478 429 81 536 469 91 191 365 74 292 338 378 357 302 518 33 51 264 521 8 319 154 277 480 348 311 425 549 445 205 486 558 61 126 412 367 438 12 368 116 295 394 253 288 533 329 316 451 512 7 247 251 220 64 502 115 509 527 157 134 324 231 219 222 207 29 403 164 481 490 141 144 386 541 513 38 216 385
33 50 16 88 70 78 65 4 16 57 51 36 2 65 83 61 64 100 41 39 75 65 84 30 94 60 23 34 86 15 94 81 93 67 39 3 45 23 80 49 17 55 30 90 16 90 57 57 24 29 54 43 26 67 22 56 62 68 66 24 35 71 54 38 55 51 42 67 26 99 27 32 10 52 67 50 70 29 41 99 75 82 87 4 78 79 79 81 65 43 59 85 79 78 3 80 74 30 91 8
100 72
164 28 301 6 234 479 202 465 64 57 242 177 126 133 254 216 292 197 119 368 343 440 23 376 109 413 225 111 208 121 336 420 316 246 355 458 248 322 433 194 262 466 223 259 13 182 148 365 189 469 487 44 268 98 74 493 271 342 339 308 201 326 386 140 100 54 149 67 178 500 409 288 437 128 369 367 449 396 91 352 173 371 191 499 39 412 81 30 285 130 168 399 279 29 38 258 154 12 278 423
47 29 81 64 51 49 78 27 59 70 85 5 89 99 38 24 4 91 40 63 56 60 30 50 4 86 3 74 49 52 81 58 44 37 36 30 9 47 51 2 45 66 89 38 12 37 47 68 4 70 92 73 3 62 18 43 77 24 10 15 60 8 37 51 36 16 57 47 36 4 35 28 70 89 17 3 34 43 42 81 10 18 40 50 92 72 37 93 57 18 47 14 79 56 34 24 78 76 88 88
100 25
191 447 366 293 504 347 464 265 202 154 131 183 506 181 64 425 492 198 1 246 545 283 108 100 80 213 371 185 276 224 130 473 179 270 138 94 321 308 434 487 381 211 397 162 78 32 35 119 129 214 527 72 107 454 368 10 14 114 497 406 172 387 24 252 51 440 478 415 82 189 345 530 518 128 203 357 225 329 127 233 509 462 391 358 92 22 285 317 463 542 262 493 533 338 42 259 238 301 55 144
10 60 66 64 30 45 8 4 16 86 50 37 54 7 14 9 89 16 94 53 35 33 99 99 89 55 59 75 50 47 88 59 12 26 56 51 39 99 4 65 14 37 78 20 13 69 94 87 100 10 70 38 31 95 26 33 46 52 60 78 70 2 58 52 3 1 62 43 8 50 36 39 34 97 8 79 84 87 6 11 46 12 46 75 24 75 79 29 79 22 43 13 68 30 45 50 83 72 71 72
100 3
244 36 365 278 526 507 96 356 177 349 326 479 554 452 522 417 29 88 466 205 89 135 103 512 138 348 378 287 207 83 540 171 545 10 62 434 410 283 572 389 300 458 156 179 270 265 330 310 73 475 141 368 476 186 229 321 299 216 564 237 91 323 277 43 442 238 42 393 566 3 127 487 196 19 84 403 338 167 257 311 465 219 497 293 351 551 427 71 382 161 117 53 496 160 531 39 113 446 251 147
63 34 60 43 77 79 6 77 5 37 32 2 45 51 77 42 20 88 96 72 55 72 5 97 79 62 93 96 9 77 79 32 51 49 46 49 72 100 34 93 63 68 2 71 2 64 76 93 89 69 7 80 38 38 63 36 98 5 52 14 3 94 52 12 52 18 17 73 32 100 73 97 77 35 47 49 94 98 45 22 52 75 11 10 86 70 25 50 68 97 65 73 3 78 77 48 93 98 24 75
100 93
230 498 257 564 134 52 43 430 395 108 10 254 370 377 445 302 439 291 461 66 294 343 332 346 17 110 389 194 154 27 536 128 159 288 207 492 556 83 338 542 126 219 383 229 506 132 398 15 180 299 170 295 146 91 309 552 164 411 417 277 425 168 75 408 360 118 215 198 260 470 563 454 157 189 278 515 59 466 287 251 139 217 482 205 316 520 241 354 36 458 475 572 326 268 100 355 529 122 181 238
71 82 76 82 98 19 17 20 30 45 72 53 39 32 90 27 23 28 85 77 49 58 55 65 59 59 72 67 94 57 67 78 59 64 65 50 38 62 99 87 5 35 83 18 25 67 30 74 19 61 81 66 26 65 26 59 45 41 63 13 9 27 2 58 40 94 82 74 23 7 93 55 67 10 89 17 91 60 97 20 37 42 16 57 22 69 42 17 4 19 94 75 28 61 74 61 90 41 71 14
100 22
31 535 272 253 394 371 423 21 58 287 171 363 391 189 474 56 314 30 320 159 222 23 88 121 467 166 451 90 514 36 413 313 142 440 226 429 207 261 105 46 69 195 508 64 523 500 179 270 419 396 349 85 271 55 401 232 212 129 337 51 59 13 328 431 243 100 476 165 303 482 234 282 123 135 323 201 490 380 345 477 385 150 255 245 216 77 411 458 7 295 359 347 532 445 119 468 513 115 162 197
69 40 63 65 25 48 58 16 15 24 88 83 99 73 49 35 64 71 93 58 67 16 70 41 13 22 74 65 86 45 63 16 8 92 96 74 21 71 43 84 49 99 52 60 7 46 8 1 100 72 6 32 79 31 38 3 74 11 30 33 74 25 54 1 7 92 43 84 30 54 94 1 77 84 94 35 28 88 91 94 93 4 38 4 21 21 65 25 11 77 73 85 20 2 85 80 45 31 68 68
