100
100 72
197 5 328 49 238 171 45 450 126 351 32 467 368 493 445 1 185 190 215 94 343 239 289 371 121 106 298 426 333 319 240 290 413 488 70 30 242 337 360 129 20 276 111 326 58 263 431 196 127 13 430 257 253 98 241 482 380 252 270 39 355 83 85 137 207 407 309 330 457 154 388 146 436 67 204 399 186 439 476 416 77 118 280 378 76 415 389 354 176 217 224 162 429 418 139 462 494 233 321 303
39 98 35 85 86 59 63 1 60 40 4 34 61 51 57 48 85 61 40 44 96 33 9 60 49 39 67 22 58 90 8 54 61 64 59 99 48 90 99 97 87 1 22 33 53 21 23 96 67 69 2 43 93 27 67 31 65 97 38 95 5 98 40 64 89 19 91 24 85 94 13 3 46 31 91 69 38 12 38 16 89 37 5 26 69 76 12 86 38 58 52 27 54 52 14 85 92 42 39 72
100 72
502 451 448 304 149 310 405 594 41 117 124 100 457 273 240 339 321 315 421 61 296 143 284 397 180 252 5 557 126 38 238 14 389 206 134 524 119 562 83 466 492 9 574 356 364 91 292 475 30 332 281 36 243 132 163 24 365 112 64 190 50 51 228 156 464 220 507 528 376 384 262 151 203 550 195 519 438 590 570 385 513 369 546 325 33 212 72 538 430 348 179 185 269 75 580 107 482 415 160 173
34 40 11 83 76 7 54 61 81 82 3 47 53 60 65 56 60 59 25 91 35 23 83 73 39 36 10 58 36 4 72 12 88 53 88 16 6 57 29 18 7 69 60 37 67 60 70 2 65 16 83 16 18 72 42 1 12 30 4 54 68 99 85 26 85 52 90 53 17 63 86 3 51 80 22 77 18 75 88 63 7 15 10 88 47 81 66 33 31 10 18 10 11 75 32 85 83 23 33 53
100 51
290 318 517 490 356 465 152 542 79 552 261 183 221 405 572 397 206 564 432 346 485 524 30 232 532 328 460 220 268 63 215 305 195 382 89 15 103 196 450 409 112 336 508 513 143 53 17 303 161 118 277 188 378 440 163 285 505 360 133 45 5 495 126 348 225 519 144 562 387 310 475 155 134 419 531 256 507 93 472 179 249 169 38 297 240 370 26 71 368 197 230 421 430 127 422 525 58 296 446 300
77 65 20 56 6 100 36 45 100 7 3 33 1 46 71 100 99 19 31 58 63 32 78 96 41 85 38 37 61 56 77 56 73 43 22 96 1 86 49 68 10 56 71 38 100 36 87 66 34 13 88 94 88 50 37 81 43 13 59 45 65 39 33 47 37 72 79 88 81 90 8 88 81 18 74 41 68 61 2 91 88 9 7 57 21 5 91 32 84 1 7 79 80 95 87 90 91 50 80 64
100 36
346 244 253 436 329 224 373 299 159 323 337 1 283 447 16 547 531 562 460 163 381 261 470 184 514 300 480 407 523 309 127 186 152 556 404 235 495 111 117 353 19 75 451 86 56 11 79 342 105 176 47 275 344 166 411 29 390 132 416 365 204 486 437 39 563 442 273 305 89 78 99 478 292 65 506 418 109 534 25 131 134 12 296 229 45 42 143 214 196 295 359 516 537 35 271 501 434 318 394 424
36 11 71 93 15 49 5 68 51 58 12 71 60 55 98 96 1 99 32 79 48 40 49 87 28 100 40 26 56 84 1 42 29 42 49 27 53 55 77 3 15 48 59 23 90 82 41 90 10 29 100 15 6 8 72 43 84 89 43 42 18 26 55 55 47 24 77 45 10 47 80 69 14 31 92 33 27 5 63 76 100 51 68 90 44 15 55 58 91 44 68 99 73 32 45 87 79 52 84 72
100 74
537 577 303 513 150 485 413 374 230 520 398 257 405 202 131 322 71 218 445 108 359 212 189 169 422 270 549 122 48 31 480 575 78 355 141 163 332 301 371 91 570 346 251 504 515 341 276 493 316 539 9 265 66 23 381 564 38 158 421 360 388 120 452 438 295 470 533 7 556 14 168 100 164 363 180 530 111 456 406 240 497 58 350 285 68 116 152 41 170 364 373 88 242 198 30 429 225 415 461 312
76 23 85 45 84 48 1 8 96 14 70 13 72 34 44 98 97 95 37 47 41 63 92 54 26 66 29 64 73 39 24 95 21 33 12 33 8 99 3 92 46 52 95 77 87 55 54 54 11 2 3 39 48 92 88 40 58 7 41 72 53 37 100 4 100 1 94 18 58 30 41 20 7 42 55 76 95 31 44 30 3 90 73 77 78 17 58 12 24 100 12 90 70 62 19 46 80 46 20 100
100 32
516 463 370 19 438 418 369 522 225 126 57 40 420 134 136 168 246 4 305 343 266 267 211 110 353 390 157 468 354 478 404 483 50 184 149 42 170 510 87 526 443 452 98 362 107 34 147 119 194 118 143 332 515 495 375 83 378 396 321 216 261 456 288 312 249 133 506 179 11 322 104 415 421 24 277 405 399 237 409 393 295 282 95 275 74 513 486 422 388 65 338 56 311 251 79 159 234 496 430 202
72 24 37 19 66 99 44 84 32 39 98 73 98 91 47 40 69 22 10 34 86 25 90 52 43 78 33 38 77 91 71 98 5 4 76 85 37 99 75 76 56 70 72 47 25 55 40 40 33 8 47 81 43 76 94 15 16 83 77 42 87 45 11 9 100 58 89 74 87 64 32 7 96 23 69 10 28 85 97 9 41 7 82 11 72 1 29 39 31 44 19 23 21 89 51 23 83 55 6 10
100 56
464 547 520 228 497 357 396 200 383 344 417 408 438 402 530 239 506 442 455 334 545 294 229 559 168 544 112 149 130 210 304 218 9 468 238 242 55 560 195 306 91 452 286 332 397 188 315 78 99 110 107 538 479 280 60 554 535 366 101 488 178 388 158 563 66 67 255 270 189 208 511 419 275 45 350 74 483 172 227 428 139 478 15 260 88 341 127 246 375 320 379 480 323 115 118 122 136 35 555 25
66 100 46 55 17 100 67 81 77 1 20 65 4 100 67 18 49 49 45 57 56 3 35 45 57 7 81 79 24 100 84 2 86 69 81 82 79 74 35 98 63 84 39 31 68 84 48 27 24 55 62 34 92 73 18 70 57 10 1 15 44 60 55 77 37 27 42 65 24 91 96 43 89 82 89 64 28 47 29 45 10 19 89 10 71 91 93 18 77 88 18 63 9 47 5 30 29 37 54 31
100 25
238 528 536 298 428 193 144 418 365 436 7 123 105 371 521 327 31 317 289 265 358 229 89 155 134 256 284 310 208 409 545 17 113 272 176 478 473 99 329 12 109 400 533 385 464 303 70 455 259 360 268 166 554 461 51 160 300 380 539 343 447 498 305 39 304 10 542 459 60 125 44 423 511 508 200 353 463 241 316 220 280 185 488 442 8 395 308 439 250 169 214 23 420 81 474 72 467 146 338 226
8 56 26 38 21 78 45 63 94 48 8 73 54 24 100 51 54 22 65 43 77 56 61 7 22 10 97 75 43 69 49 6 20 78 36 92 64 94 81 43 72 73 38 22 80 74 6 23 84 92 43 84 5 35 63 44 48 4 8 67 83 13 28 56 33 60 20 80 30 69 27 69 67 72 77 22 60 94 80 44 34 39 10 76 67 64 16 19 53 57 17 74 85 47 96 42 28 14 88 24
100 66
288 388 521 244 367 382 259 421 503 172 311 410 69 413 431 403 295 129 396 248 207 33 371 24 467 555 469 239 366 537 490 466 211 235 540 377 46 5 99 346 364 154 144 121 463 107 80 303 315 411 502 205 13 18 529 356 65 482 543 439 324 553 138 446 72 246 40 278 493 558 162 102 106 247 73 483 89 479 264 220 427 268 343 56 227 255 181 456 191 117 429 50 148 200 424 169 435 512 334 262
78 35 84 96 84 88 65 50 14 19 63 39 62 59 33 12 57 96 90 9 24 52 62 54 79 22 41 17 54 1 62 50 55 22 53 52 42 82 29 94 26 10 69 86 66 55 83 57 85 69 34 36 70 25 20 61 77 55 97 66 44 93 17 99 41 11 80 81 27 5 35 49 2 98 96 67 4 28 82 88 99 41 35 80 53 88 95 53 39 24 51 76 68 81 82 11 56 86 80 36
100 33
277 144 86 373 576 392 191 16 232 302 511 31 250 360 447 63 272 166 347 278 240 84 495 123 15 267 421 309 312 98 445 555 463 458 568 515 53 117 504 136 128 207 21 227 118 473 396 368 175 337 43 10 107 529 435 147 94 126 560 469 510 40 184 298 157 79 427 490 378 256 411 288 172 546 223 483 538 442 457 165 316 169 356 294 522 301 34 274 382 305 45 323 149 330 258 491 197 404 73 213
2 70 97 71 13 39 41 58 89 37 46 57 45 16 57 18 63 14 61 45 49 97 42 63 49 20 71 63 60 10 34 79 26 8 63 88 53 23 47 65 24 55 68 58 3 62 88 55 25 13 6 22 55 27 84 26 2 97 100 93 16 78 25 32 99 4 49 67 59 99 12 67 2 61 5 85 68 56 74 71 72 32 28 15 37 46 45 80 24 45 31 21 19 47 58 15 83 34 4 92
100 65
101 65 464 206 295 14 255 1 323 342 417 262 365 478 40 96 224 424 260 207 196 383 344 437 92 104 273 267 278 285 457 368 153 230 300 251 117 23 280 113 392 12 350 71 80 143 237 374 423 468 239 100 133 124 402 431 20 432 247 328 452 174 288 110 215 165 46 331 429 232 135 89 186 442 161 151 87 4 106 170 356 192 183 480 311 49 55 319 430 483 444 389 411 28 223 60 341 305 306 31
14 54 10 18 46 68 58 55 30 44 92 30 37 59 31 39 97 89 29 12 91 10 32 78 47 42 60 7 1 22 96 23 38 73 97 72 66 90 76 7 43 94 55 93 84 75 60 49 61 97 27 84 68 64 96 50 41 37 88 91 2 23 93 78 57 35 36 13 16 19 91 44 44 33 33 49 85 51 98 40 55 84 75 71 81 5 60 100 96 76 40 12 91 54 97 24 46 50 50 54
100 86
411 199 117 468 471 303 161 172 165 35 295 476 326 296 112 284 309 354 243 220 146 375 17 480 155 456 93 385 457 113 491 186 396 446 109 8 40 341 9 283 63 304 355 336 358 451 157 383 210 53 276 495 239 64 103 253 325 78 181 215 311 27 316 393 387 31 394 50 223 368 140 231 132 128 426 347 294 489 32 501 436 119 401 204 421 86 69 195 285 111 493 37 200 263 19 467 416 270 329 504
98 25 78 59 44 52 40 42 51 88 72 7 24 20 85 6 86 87 29 94 37 26 8 43 48 90 14 63 2 59 21 23 45 66 45 10 92 48 95 54 57 7 54 9 48 1 77 14 72 98 8 61 86 71 3 5 95 20 92 75 71 56 74 43 89 10 63 44 95 99 97 72 58 61 72 100 12 80 63 52 20 76 56 45 83 86 28 16 11 91 45 89 42 32 79 69 44 75 4 2
100 94
53 248 485 160 207 106 228 236 326 116 166 496 73 339 260 125 455 486 105 51 102 15 42 189 467 508 250 133 402 478 136 434 409 516 182 24 7 151 94 83 28 304 245 143 84 251 150 352 291 177 491 138 501 460 381 384 308 317 61 441 29 309 307 187 34 392 340 230 468 122 461 444 487 344 218 416 450 72 170 425 329 285 372 145 174 281 268 192 362 376 271 200 294 341 215 505 243 297 71 342
31 6 97 38 8 17 1 8 76 93 86 100 40 68 4 27 5 46 78 24 57 8 84 9 4 66 92 63 65 66 89 33 26 20 21 71 92 2 28 64 28 97 16 85 47 40 81 5 28 75 76 40 67 75 19 43 81 93 40 9 81 18 99 56 39 64 18 11 10 9 26 79 57 69 35 56 55 79 80 83 47 53 95 13 11 60 11 85 39 3 54 97 87 54 98 88 19 41 23 61
100 23
517 107 180 465 301 71 123 529 191 423 546 345 337 477 263 230 13 176 4 267 483 395 62 186 104 459 450 316 149 435 414 369 105 207 279 219 383 429 479 251 109 390 441 136 372 475 181 322 54 362 556 405 34 215 549 489 520 166 231 200 402 113 293 332 159 536 44 244 156 24 173 471 359 22 222 274 198 79 182 497 351 142 150 88 375 256 100 283 502 545 365 511 35 311 132 237 93 321 75 95
89 31 79 56 91 26 79 97 39 53 57 35 93 42 21 38 81 98 52 70 90 84 97 94 41 96 49 64 21 91 74 12 85 64 51 67 78 38 84 29 77 40 87 98 2 1 18 3 13 30 71 74 16 48 68 15 100 55 8 58 79 42 98 30 24 37 95 69 39 3 70 94 63 22 64 17 21 95 87 59 56 62 30 66 68 96 52 31 41 90 53 40 27 5 25 54 54 12 79 2
100 68
307 281 73 175 212 186 182 260 495 527 11 47 534 110 190 371 315 81 500 86 158 557 37 448 360 519 237 120 198 548 367 466 498 247 476 516 63 518 69 546 94 171 545 289 528 347 145 18 295 461 24 283 128 280 441 2 55 138 153 165 455 404 303 30 270 413 41 395 508 400 321 420 547 242 28 536 107 354 485 438 127 230 338 377 204 221 223 233 458 116 263 430 503 558 387 396 251 97 56 330
41 64 12 43 2 68 37 14 50 84 82 66 47 4 18 11 29 73 81 40 12 81 97 93 26 59 58 37 98 19 45 81 77 52 84 56 3 40 74 46 35 85 99 42 49 21 19 12 76 20 59 13 87 65 31 35 92 80 63 49 19 93 58 57 46 24 77 27 30 46 28 95 48 35 86 29 29 19 18 56 97 59 81 93 14 64 30 21 36 73 84 5 2 32 19 51 43 82 5 38
100 1
491 283 393 104 20 434 158 471 316 468 116 530 202 474 82 208 194 56 334 455 387 263 298 394 13 6 255 43 34 148 465 441 435 521 327 357 221 250 53 219 74 377 232 36 293 28 61 270 432 448 176 66 126 324 511 102 137 145 540 76 234 170 16 378 488 403 353 499 273 165 429 241 413 339 466 310 420 90 364 26 210 311 479 109 508 184 302 130 331 223 373 365 494 248 100 83 57 177 376 349
46 44 52 32 38 50 10 13 28 51 58 3 80 54 22 27 61 95 75 12 71 84 31 56 39 72 79 93 29 75 1 34 87 55 100 81 30 5 60 53 30 94 7 96 41 58 51 77 12 6 71 87 96 61 73 17 99 64 35 55 39 76 73 36 77 3 5 46 28 22 66 64 84 34 7 2 5 12 48 24 76 85 85 60 22 55 37 62 59 6 34 11 55 96 97 14 35 68 85 48
100 68
337 390 272 238 161 491 509 420 228 121 65 344 541 71 316 514 405 414 579 360 259 576 104 470 446 205 480 234 577 439 143 195 404 203 171 276 147 400 303 308 518 370 535 130 85 326 88 216 376 327 531 481 211 455 571 151 324 185 78 297 14 558 554 248 542 548 243 7 498 99 54 90 69 190 247 39 286 253 178 513 352 568 506 220 386 19 29 424 62 375 464 133 291 441 523 413 46 111 434 262
39 27 22 84 32 84 36 54 14 34 68 31 47 16 89 92 13 20 49 46 31 10 87 34 60 18 29 28 46 41 84 16 81 70 4 57 65 24 25 83 4 62 16 52 56 97 91 28 22 87 16 53 44 93 25 85 21 76 97 95 34 39 53 17 84 75 33 91 13 25 70 20 4 76 15 14 93 67 100 41 98 59 26 51 23 8 17 93 5 93 43 98 77 11 46 22 31 43 29 84
100 53
422 55 155 504 461 440 138 429 582 549 457 453 567 110 224 18 158 299 266 576 78 319 351 42 526 252 123 23 528 34 118 175 271 44 364 163 100 496 401 578 543 584 52 580 485 517 283 10 245 332 508 95 192 588 365 50 74 297 571 209 495 202 439 251 387 537 183 147 26 475 126 392 420 366 72 218 384 594 341 293 58 281 168 259 410 354 560 467 318 86 133 374 550 226 235 308 327 65 184 446
15 87 28 15 9 66 61 77 30 28 27 21 19 69 47 60 88 48 48 52 19 43 20 43 98 83 45 84 23 95 56 59 9 45 32 32 43 61 31 59 57 76 24 12 22 22 21 18 78 95 93 38 11 23 68 4 90 39 3 7 77 13 9 73 63 66 7 83 60 82 21 3 51 17 48 75 20 61 95 93 36 44 4 91 91 64 93 88 31 30 16 58 41 47 29 9 45 61 67 36
100 48
263 455 139 418 544 509 291 535 375 47 39 86 41 383 307 471 17 230 347 499 98 316 99 147 353 161 71 299 349 247 546 231 189 466 276 151 279 497 207 339 42 465 177 367 132 239 288 404 172 35 330 222 449 64 427 119 388 489 270 125 395 9 112 433 54 75 536 168 141 350 107 479 183 56 443 387 451 25 477 24 539 44 363 525 83 478 143 203 197 534 527 323 57 256 411 331 96 272 212 516
37 2 68 84 44 70 82 31 42 90 62 12 80 48 68 3 20 84 55 90 15 26 36 54 61 44 78 34 41 98 60 76 85 45 78 90 93 10 35 53 52 96 98 60 9 28 10 40 2 47 98 46 48 64 46 47 17 37 22 35 85 31 45 27 94 21 84 26 89 52 73 13 85 44 5 31 41 27 63 67 27 100 36 95 70 16 82 3 6 24 1 22 30 90 61 84 5 91 45 54
100 31
509 457 361 382 498 147 116 133 68 429 501 168 220 107 6 482 178 456 485 212 386 478 185 33 160 87 42 249 183 459 117 359 106 308 217 316 58 294 330 81 521 542 247 127 105 230 351 190 140 486 34 258 470 96 135 236 16 323 392 458 51 268 437 151 198 341 533 398 469 445 171 35 215 4 125 410 449 241 23 73 115 535 466 69 367 206 10 300 418 523 495 284 406 333 424 199 377 534 515 276
54 56 15 45 99 71 39 68 22 28 78 92 4 61 84 27 27 22 58 30 17 3 13 1 79 36 36 91 33 62 21 47 1 9 63 68 67 58 9 13 19 5 42 68 77 49 75 29 87 93 17 17 94 50 95 18 92 86 29 97 12 53 53 54 2 47 82 79 43 89 31 74 23 6 96 84 1 14 83 97 93 77 74 100 7 44 67 1 48 94 87 43 4 41 31 68 31 65 28 88
100 13
165 208 242 283 514 447 221 466 300 106 428 541 596 97 275 4 116 186 391 193 237 400 531 443 332 306 254 199 14 24 564 351 368 501 89 72 579 148 139 60 103 179 549 200 215 282 404 266 532 126 46 249 589 381 293 45 44 529 100 9 523 62 230 136 422 342 456 164 557 257 360 385 124 34 434 158 554 506 320 54 315 174 494 338 372 82 483 349 413 195 328 161 128 23 571 135 7 475 489 431
38 91 43 85 9 96 88 79 65 77 87 3 4 93 54 15 68 27 31 75 43 89 73 14 32 68 10 26 8 47 39 67 94 17 94 52 75 10 32 82 60 10 100 65 67 74 87 44 37 67 87 11 15 77 25 58 99 65 15 87 26 91 9 56 16 66 95 83 28 3 31 76 26 60 30 62 9 90 36 67 27 36 8 49 98 23 48 62 83 59 59 27 96 40 4 6 70 64 90 19
100 46
52 252 178 349 508 450 419 197 135 476 322 101 220 299 363 293 352 368 413 210 378 307 189 401 9 315 18 134 404 25 111 478 88 327 70 195 321 301 91 406 429 488 205 273 507 434 338 141 362 457 393 17 446 123 369 68 286 386 28 499 61 366 436 277 244 432 297 129 523 2 332 420 34 145 149 340 261 43 168 331 312 234 226 496 455 414 78 456 532 159 517 117 396 282 467 186 328 311 263 470
17 1 30 72 17 8 38 63 30 52 78 59 88 47 39 12 64 1 1 69 47 6 97 2 21 51 87 89 60 12 99 80 10 11 28 70 57 49 86 60 73 13 28 24 91 78 92 36 42 75 76 58 24 94 30 4 12 30 10 46 91 7 82 59 100 49 98 5 20 27 26 100 34 40 53 62 41 12 93 4 50 94 81 72 49 61 10 100 72 93 68 89 66 76 52 90 18 28 32 57
100 61
379 304 263 413 172 290 508 383 374 391 382 47 434 378 33 506 392 11 468 171 87 502 273 84 243 140 229 356 511 346 75 131 266 395 499 155 318 120 14 444 366 25 163 150 289 57 203 214 306 213 151 279 93 134 63 359 404 457 82 447 210 480 245 206 285 16 124 424 40 419 422 477 52 110 490 451 218 212 235 175 308 220 21 254 72 185 386 196 186 77 463 299 10 117 128 132 44 103 336 328
51 29 83 63 74 55 27 98 52 4 29 78 56 72 72 35 80 72 25 49 31 15 75 73 19 52 82 86 59 27 83 74 44 71 9 99 22 48 95 68 10 91 99 65 35 80 14 54 64 86 7 95 11 85 47 33 27 14 11 43 82 16 91 78 80 83 29 72 60 39 32 21 7 82 55 85 29 16 98 55 90 53 65 37 41 11 44 31 76 28 18 16 4 58 63 35 76 57 71 26
100 79
131 465 498 372 517 442 507 282 47 341 202 247 540 152 149 446 102 300 521 143 60 273 275 391 317 348 98 259 392 253 402 485 184 122 309 322 136 530 97 161 203 487 532 437 360 333 41 208 250 501 18 113 142 90 330 266 224 418 449 456 237 144 11 383 563 349 408 73 452 565 77 550 564 229 260 427 176 107 171 87 198 56 19 475 6 46 263 350 35 228 67 193 218 493 291 306 366 26 554 380
36 39 40 59 71 95 74 42 10 74 71 4 73 57 80 33 88 52 88 20 71 81 90 36 79 55 6 75 46 29 4 16 94 65 99 27 47 93 3 43 18 23 69 42 4 95 14 52 88 62 59 30 2 96 33 51 41 49 74 59 60 2 62 48 29 39 84 20 35 87 60 70 32 20 59 58 9 71 54 2 14 16 25 34 9 30 30 71 43 81 40 16 60 63 63 7 20 48 65 83
100 61
498 239 367 492 303 316 61 193 117 376 557 354 538 451 284 331 182 130 523 215 307 192 134 285 532 348 534 408 70 430 14 97 482 401 40 396 6 416 62 281 387 462 140 223 30 51 175 236 105 80 280 43 271 254 323 227 151 364 456 551 200 294 208 438 515 124 168 389 264 353 381 330 446 146 113 564 159 79 399 472 553 147 279 216 104 423 31 22 77 87 547 247 505 28 385 340 122 251 194 563
11 1 50 99 33 65 98 48 70 95 4 6 19 90 9 7 78 16 5 23 71 47 85 55 62 45 16 38 21 81 81 6 49 20 26 57 74 65 24 84 32 11 14 83 10 1 32 21 30 74 75 58 29 66 94 73 22 92 39 47 4 63 82 43 40 59 61 81 16 26 46 99 48 97 35 74 94 31 92 95 33 18 4 11 21 100 63 85 20 39 25 67 23 64 44 46 96 75 58 16
100 48
259 242 35 464 72 74 456 213 397 390 215 575 450 53 269 435 345 83 193 315 527 392 209 287 416 485 295 326 182 428 272 504 325 189 236 407 94 582 479 220 360 147 117 422 523 249 13 60 374 288 174 290 44 339 157 516 281 203 510 38 381 469 90 22 137 408 317 443 165 31 589 134 336 447 313 556 518 303 125 101 488 494 9 376 329 62 110 440 171 56 247 554 543 355 251 366 226 552 566 535
15 83 39 38 12 53 11 79 73 63 43 67 38 49 19 91 57 21 45 21 60 31 20 8 81 73 9 75 31 28 65 37 95 72 45 74 96 8 93 71 38 99 33 71 82 74 23 83 87 39 84 33 72 45 74 86 6 14 94 93 6 65 9 46 12 11 63 1 45 17 79 21 23 45 95 73 25 29 43 32 76 14 75 5 71 9 28 63 43 26 14 19 15 100 9 46 27 11 91 16
100 87
32 220 162 463 328 489 67 323 398 168 310 524 373 305 269 149 338 325 476 258 197 13 537 192 72 23 226 439 332 419 203 84 119 8 425 9 361 283 298 55 492 455 79 179 241 452 161 108 312 531 177 382 276 140 49 16 268 259 12 406 251 103 348 368 281 519 81 187 290 171 497 512 411 63 236 210 432 279 357 389 104 447 94 415 123 159 114 320 42 132 71 304 309 468 502 68 28 224 485 399
41 98 47 88 95 32 87 97 96 95 27 47 71 50 4 50 11 53 45 13 54 93 44 60 37 45 100 86 93 39 94 79 89 64 69 25 62 64 54 33 62 52 5 58 75 82 41 100 45 55 86 23 94 16 79 80 92 44 85 88 73 19 27 62 24 74 92 25 78 75 52 77 32 45 34 25 28 27 29 2 4 95 63 22 67 98 61 58 79 88 24 84 4 93 85 51 14 53 85 80
100 2
147 177 443 209 332 29 265 196 183 469 145 274 43 353 117 309 455 446 167 505 389 130 224 201 384 529 94 284 435 402 91 64 368 78 164 369 191 50 246 397 526 516 494 230 213 15 139 361 385 330 336 251 349 109 300 197 288 515 255 74 18 486 120 447 37 444 2 499 216 290 159 412 419 59 127 12 422 387 459 152 345 377 477 322 532 296 58 403 316 162 238 101 299 409 84 431 535 363 462 22
37 58 54 46 91 60 90 84 76 55 65 90 23 54 83 75 1 69 12 99 90 14 1 3 72 54 81 33 68 14 18 65 44 77 13 22 99 77 93 76 85 22 19 80 55 75 82 12 5 37 5 17 66 17 42 69 68 9 10 6 4 13 52 57 3 8 28 39 83 67 97 69 38 41 25 94 48 17 67 14 23 30 61 9 88 69 83 54 37 5 3 28 93 48 80 31 60 96 20 43
100 89
523 387 496 62 343 412 256 173 203 358 366 319 556 407 452 286 151 302 549 129 434 539 121 309 509 487 198 470 42 376 515 65 502 349 564 427 399 270 135 535 94 118 395 388 112 27 219 35 123 14 236 20 194 429 145 542 330 493 56 246 304 377 67 156 533 8 214 438 47 278 456 340 85 528 294 327 266 227 183 104 550 46 57 468 445 191 498 417 75 383 206 262 570 164 526 188 477 421 459 344
57 1 84 70 22 78 29 92 54 47 4 79 3 68 7 50 76 90 58 18 71 22 85 66 19 54 83 16 15 20 31 99 63 11 73 72 93 69 46 92 74 72 1 32 6 20 84 58 10 84 39 51 74 79 40 36 73 57 80 24 6 74 62 76 13 91 63 51 11 74 76 32 65 29 83 27 85 16 51 22 41 49 17 86 44 59 93 61 47 6 73 90 42 20 88 25 16 58 81 55
100 25
507 541 383 41 242 397 389 29 291 281 492 403 45 431 215 33 336 108 405 414 440 116 22 148 186 90 77 426 298 496 466 9 266 16 420 195 167 340 544 484 70 137 552 322 352 198 140 532 207 208 418 125 4 308 476 102 165 572 332 510 275 83 64 155 194 455 364 226 525 24 361 306 449 232 109 257 93 224 574 576 177 372 429 498 346 360 474 458 315 379 54 254 568 515 61 129 584 558 247 569
97 20 81 19 4 17 48 43 86 86 11 46 31 80 66 76 61 47 33 89 76 36 21 97 34 57 51 66 73 78 78 52 27 11 89 38 28 8 44 15 55 71 93 97 15 87 1 50 87 11 70 83 50 41 6 99 66 75 11 75 15 15 28 68 71 53 45 29 16 95 52 99 64 17 89 15 75 30 92 63 76 30 71 57 77 72 84 76 62 42 18 64 90 53 51 92 26 87 39 40
100 74
75 534 88 432 192 470 349 74 542 105 90 141 366 144 35 482 332 359 525 252 22 305 460 64 231 152 174 290 398 402 535 219 69 17 118 487 110 420 405 389 445 245 333 265 177 510 316 300 178 217 158 225 228 205 513 448 138 184 439 473 424 339 514 258 76 491 500 200 529 444 124 380 7 257 45 455 371 313 179 131 522 275 60 239 169 413 55 96 269 25 334 80 202 166 324 475 463 285 488 213
32 49 36 42 23 2 83 11 12 72 48 72 44 5 46 18 76 21 66 60 89 27 42 100 47 55 11 55 96 17 13 95 65 77 27 75 94 2 18 15 2 52 30 6 82 82 94 55 73 94 73 89 20 61 72 81 74 75 59 66 22 76 19 72 57 8 95 59 61 62 36 68 7 4 51 96 40 78 66 20 32 89 56 54 83 87 65 61 72 58 91 39 10 26 85 11 31 54 4 45
100 0
355 175 42 164 410 263 28 187 15 459 112 98 282 127 209 177 383 330 463 273 323 447 372 415 106 5 82 90 65 401 419 283 239 93 348 225 341 475 95 340 258 346 308 414 431 451 280 313 309 80 195 365 422 251 217 11 376 133 260 138 363 441 39 132 460 471 170 265 148 169 60 206 29 154 343 86 22 245 299 234 455 293 72 359 197 50 186 480 385 289 469 20 191 74 353 223 161 61 122 394
64 95 36 91 35 38 48 11 92 46 54 10 52 75 32 54 27 67 84 62 39 95 79 35 4 74 32 71 65 37 15 28 82 53 40 18 9 83 18 28 70 60 95 30 61 18 75 15 6 18 75 30 21 64 87 71 10 44 51 38 96 89 48 76 99 39 21 52 32 89 24 80 74 52 5 79 68 83 60 64 10 92 4 9 9 82 47 81 43 14 12 97 31 36 44 70 97 65 27 68
100 80
373 290 488 169 160 363 121 209 472 496 466 233 479 166 313 139 276 257 439 485 297 4 353 387 270 460 213 90 105 414 430 419 41 344 338 506 304 145 64 130 286 97 42 51 333 346 252 428 461 225 25 331 489 34 230 521 175 32 457 74 438 468 397 504 205 522 375 385 366 101 446 200 323 393 512 193 17 172 83 271 2 407 184 5 153 265 221 332 112 59 31 157 152 274 244 456 234 427 13 44
43 15 68 100 6 13 99 70 58 57 30 87 22 55 14 71 70 16 32 92 16 91 83 30 83 57 8 56 64 61 37 30 41 81 64 81 65 97 93 61 65 84 38 17 88 100 26 79 5 15 38 46 16 48 7 3 20 78 40 67 54 64 99 82 46 81 72 19 75 54 4 59 42 44 13 18 5 34 76 63 60 6 8 89 90 79 69 94 45 28 10 1 98 19 72 86 12 17 79 27
100 28
564 36 538 189 51 280 380 335 403 357 436 423 8 461 262 133 61 246 127 92 203 150 303 395 213 541 570 341 118 240 307 583 294 31 11 80 587 256 373 319 152 313 329 287 220 209 482 413 180 159 457 480 105 86 177 498 223 34 479 139 168 15 506 489 93 110 49 430 376 443 512 23 548 66 365 588 392 95 275 292 182 521 228 89 41 450 558 384 71 271 197 579 569 230 145 351 469 448 530 401
16 18 69 83 22 8 8 11 82 30 99 4 37 96 27 25 64 20 84 7 9 46 43 30 81 68 55 90 99 5 60 10 96 50 84 67 43 3 67 29 3 36 59 86 70 27 92 45 15 13 16 98 42 40 50 84 64 28 48 1 9 19 43 96 69 75 46 29 62 12 58 12 68 73 54 31 66 77 3 65 60 87 54 100 2 57 34 22 22 93 57 70 83 100 54 12 66 63 4 48
100 8
35 176 411 280 307 213 151 333 364 83 136 511 389 400 28 107 253 381 266 346 545 32 335 233 172 403 184 505 62 198 14 359 69 90 528 369 488 97 10 319 527 114 56 263 327 482 290 128 221 484 94 431 188 468 23 354 229 523 250 311 344 460 57 538 445 54 512 421 166 463 123 519 437 472 459 269 37 378 43 18 158 498 398 48 271 485 300 518 187 450 240 145 206 394 204 291 77 314 328 415
32 61 93 36 33 33 29 46 64 65 94 13 48 21 73 93 94 64 7 28 7 21 28 77 6 44 42 5 65 25 31 68 48 85 15 90 75 54 23 66 53 56 11 84 15 80 98 12 92 38 11 10 88 93 55 49 50 26 37 67 52 87 68 43 18 46 54 17 62 15 59 16 51 81 32 10 77 74 93 23 34 6 91 28 50 85 96 86 41 21 46 77 51 59 5 17 1 10 3 98
100 20
436 256 492 208 482 119 501 431 531 155 262 390 472 232 523 465 184 284 137 270 470 300 29 20 361 31 193 520 383 197 518 58 274 329 214 541 442 334 347 174 41 351 484 439 407 511 268 357 51 368 74 203 178 10 376 437 305 124 282 248 113 158 83 100 399 457 490 90 435 310 91 39 67 342 225 414 127 415 346 423 325 134 167 293 456 318 105 236 264 57 154 246 448 180 144 428 165 222 223 259
69 81 25 23 88 49 66 75 72 23 31 68 98 85 2 40 76 45 61 4 46 9 39 41 34 83 74 98 37 55 74 30 93 100 37 51 81 94 19 89 47 96 14 7 51 54 33 57 7 16 82 20 92 60 62 92 54 89 57 20 57 87 93 7 4 61 61 63 1 4 20 91 72 96 3 77 72 4 60 57 36 22 25 5 90 6 51 7 59 76 45 61 66 65 35 98 6 16 5 99
100 2
262 244 460 266 126 141 252 62 328 370 379 472 239 421 193 108 32 167 157 365 69 394 435 71 88 231 212 19 8 469 85 483 338 119 199 409 51 138 96 441 279 402 447 55 477 327 364 43 26 39 186 203 311 151 372 161 410 179 452 354 444 303 308 56 13 398 47 295 149 104 392 122 302 293 188 411 415 172 221 289 351 344 245 73 425 451 136 94 389 317 2 1 75 375 465 113 275 324 198 325
59 73 99 87 92 77 51 34 87 24 22 31 97 20 4 60 45 74 10 5 98 78 6 52 59 94 49 38 10 68 22 58 80 62 58 98 42 67 79 38 92 62 66 10 93 6 91 81 26 32 13 15 64 37 83 85 37 13 81 89 24 2 6 3 68 15 84 22 90 37 73 4 84 93 9 79 55 83 39 85 79 25 77 37 22 98 84 77 45 70 34 56 96 3 47 64 13 31 51 37
100 74
93 214 187 131 247 469 76 118 15 326 119 132 164 262 343 238 271 49 29 62 185 220 570 46 556 507 543 145 44 149 34 243 275 461 419 515 392 429 117 402 10 156 523 436 103 415 357 311 444 453 69 75 394 173 552 521 479 539 385 230 497 297 52 502 301 564 61 120 338 88 350 121 82 18 256 365 316 373 330 138 178 27 101 412 320 288 303 421 533 318 278 517 111 189 206 215 478 375 487 198
70 9 25 59 90 11 7 7 43 11 81 69 39 30 36 44 4 99 56 20 33 4 47 49 33 39 31 92 56 34 22 56 6 8 28 72 91 5 73 2 51 100 65 64 54 80 15 55 72 92 7 63 66 16 51 42 49 26 96 74 34 5 25 43 25 60 26 27 55 96 53 11 32 9 25 95 75 27 30 15 94 7 62 97 62 51 42 12 87 12 78 44 23 99 94 47 2 57 100 86
100 83
70 131 412 370 469 494 45 142 323 549 35 271 44 402 357 270 99 258 345 107 392 531 533 331 81 378 264 385 227 424 25 523 460 329 158 210 237 328 200 301 75 558 183 151 115 118 204 10 61 96 38 427 128 479 452 435 16 175 502 280 390 136 453 416 298 283 347 189 64 472 519 120 306 361 171 489 565 292 91 543 92 573 315 47 335 192 581 108 247 375 52 253 134 269 167 353 510 220 226 444
65 43 34 17 4 90 40 18 26 66 29 94 79 78 77 38 41 51 15 89 88 23 26 2 15 84 61 72 13 18 59 30 59 82 66 35 15 5 13 15 13 23 62 6 98 82 30 26 5 2 84 5 98 46 98 20 54 88 80 66 50 33 10 34 73 61 91 68 53 48 18 19 72 88 59 71 49 50 21 22 5 72 94 63 65 69 78 19 94 58 15 43 19 50 89 66 18 45 50 31
100 73
175 138 447 511 519 185 500 423 202 365 118 383 417 371 559 42 53 488 409 560 147 186 532 289 387 72 7 246 295 155 336 49 482 521 20 255 520 85 266 438 171 29 279 548 179 467 344 504 319 315 357 80 463 196 274 391 350 373 360 401 17 531 250 567 192 428 327 551 236 498 562 180 514 472 278 110 218 93 161 240 127 332 62 35 122 264 103 234 432 455 306 301 242 228 10 263 75 542 136 208
18 68 91 16 45 4 15 43 72 100 12 40 12 78 83 49 16 88 88 16 72 97 14 95 26 10 70 5 55 85 27 9 94 7 93 52 83 45 58 88 19 95 60 16 53 41 65 39 5 64 32 22 85 89 75 76 65 100 97 78 19 83 3 58 1 87 38 22 16 38 95 76 40 2 14 3 50 95 49 65 87 78 59 28 87 35 99 96 62 94 7 25 57 11 20 64 71 33 73 50
100 96
479 109 255 324 332 237 465 207 79 450 174 282 39 82 345 446 157 214 497 29 325 378 517 226 56 127 18 167 48 49 340 426 297 114 436 121 35 60 223 257 402 433 183 247 93 315 25 281 102 228 488 123 540 437 86 145 230 414 266 515 150 305 509 152 151 365 471 386 534 354 190 288 137 195 359 527 10 71 360 203 94 81 369 273 61 162 522 412 423 396 499 371 428 491 311 43 458 188 124 78
56 64 13 53 91 12 94 53 86 46 31 96 57 96 7 35 80 99 98 33 45 89 99 31 54 45 67 94 69 93 21 78 42 52 20 77 49 32 74 17 78 20 12 95 7 75 80 50 11 57 76 87 73 17 53 43 55 59 67 51 89 100 99 40 11 91 69 47 39 79 10 56 76 31 45 60 73 5 57 41 77 5 67 17 39 23 22 60 43 19 82 35 85 22 96 88 79 76 20 65
100 48
557 27 405 246 532 1 272 208 580 95 520 22 300 541 569 110 62 41 43 281 145 356 142 414 263 115 391 465 360 81 132 383 456 401 21 96 89 526 564 31 192 199 69 118 85 548 169 137 579 52 104 370 160 423 220 229 327 182 338 335 256 148 321 474 155 376 572 216 307 75 523 372 574 464 345 276 289 311 427 369 298 510 239 491 349 482 547 165 542 413 11 475 123 501 322 175 447 556 12 437
62 94 76 12 52 14 94 79 86 30 57 32 74 46 38 29 74 43 20 75 77 68 87 68 1 86 9 64 89 81 63 80 1 26 5 21 16 89 83 52 4 76 95 91 43 91 32 94 25 47 75 44 87 52 99 70 98 60 21 30 76 5 92 81 95 33 73 59 47 47 63 52 33 87 41 89 45 36 28 85 46 8 47 7 46 33 96 79 10 48 99 30 66 54 31 65 46 50 68 2
100 9
466 512 62 367 269 490 290 457 136 383 400 44 314 141 112 375 306 516 10 225 123 199 486 456 394 545 539 506 54 445 176 283 530 147 215 161 216 38 472 427 437 18 60 377 81 264 503 326 186 49 419 85 330 447 266 236 64 514 265 393 481 259 384 233 94 497 312 410 277 249 465 241 103 552 74 198 116 464 297 270 156 28 398 360 346 168 321 522 339 396 195 459 133 234 206 525 348 46 356 432
11 57 2 55 57 40 10 52 24 63 63 9 46 37 59 27 56 96 12 53 91 27 57 21 90 62 61 32 84 82 87 91 33 66 85 34 65 86 26 39 97 41 92 46 40 97 44 45 14 86 78 80 45 77 67 89 10 95 58 64 18 73 30 30 72 37 9 89 15 67 28 36 92 28 63 93 17 76 21 74 37 73 88 81 92 64 73 96 78 68 73 27 7 52 9 33 8 34 77 70
100 89
428 67 207 347 24 42 371 360 388 282 303 469 201 474 484 27 16 458 51 222 406 349 520 133 479 140 410 494 136 438 104 185 169 527 217 397 127 267 236 172 28 370 177 555 149 292 115 114 193 198 112 99 532 339 506 79 58 180 465 372 453 277 446 174 121 304 344 10 75 66 257 538 327 499 85 547 418 514 242 354 540 162 381 491 296 152 251 322 420 187 533 92 333 318 35 244 363 57 228 312
48 3 45 99 54 69 15 49 90 64 41 53 26 14 91 23 30 60 46 26 98 1 69 55 81 43 92 27 30 1 34 15 12 82 70 11 81 14 39 53 63 26 98 44 36 87 59 87 76 41 67 30 34 80 66 19 88 39 37 1 44 70 94 4 11 89 80 35 14 70 1 29 48 25 73 93 75 29 39 97 53 73 7 57 85 36 4 74 90 81 72 76 68 48 16 97 2 79 46 11
100 99
461 345 296 219 366 386 559 327 473 474 465 214 179 171 518 371 341 44 505 239 66 22 26 35 234 267 84 154 348 152 112 85 260 54 60 391 181 443 270 423 304 144 330 91 279 452 334 549 361 71 167 137 101 145 288 347 183 249 356 322 424 405 436 38 251 508 8 306 106 30 224 565 496 315 161 380 520 100 530 125 489 134 135 192 458 75 540 120 15 201 350 548 482 413 313 208 72 197 428 400
63 33 40 41 79 50 76 67 40 99 27 53 80 19 91 56 52 46 25 8 8 76 80 10 22 4 100 89 59 46 34 97 98 93 61 36 74 73 51 60 58 60 84 46 94 7 21 58 15 73 11 61 5 76 64 98 29 72 58 1 1 13 8 34 57 23 97 63 19 35 88 6 40 98 40 2 19 77 15 65 12 44 22 29 68 3 95 32 3 3 94 18 6 42 75 39 21 96 24 70
100 48
107 540 304 55 21 503 369 496 512 77 250 347 434 157 58 488 425 234 229 294 29 40 170 362 388 154 410 150 546 379 50 324 370 473 320 129 322 142 203 478 91 153 518 441 499 316 164 190 135 361 333 484 380 125 526 209 271 72 289 85 281 115 97 364 67 216 285 462 510 7 377 387 236 490 465 451 402 416 37 414 354 16 185 312 121 536 554 337 222 393 180 22 160 242 195 257 506 262 461 562
36 11 53 77 33 96 16 66 64 82 94 93 14 7 37 87 60 30 63 92 2 59 67 67 12 40 40 59 14 60 28 33 95 24 52 2 43 88 34 37 7 48 18 56 77 47 38 28 46 68 36 95 45 30 52 8 52 51 21 98 66 95 80 67 30 91 67 94 80 3 59 89 54 71 32 17 62 21 87 85 61 33 61 70 3 12 3 72 25 24 78 28 34 61 47 48 78 13 35 69
100 17
284 323 230 496 213 524 225 337 156 123 132 83 332 9 106 386 537 144 464 339 418 457 334 150 503 480 489 536 354 47 134 41 114 262 399 202 57 40 275 270 518 247 14 46 185 392 171 347 192 378 342 23 438 6 313 382 455 239 508 61 471 414 358 308 430 64 485 443 195 356 73 220 179 351 362 168 422 527 32 224 251 89 238 26 368 77 211 11 353 180 289 298 87 539 174 406 453 166 97 259
41 75 11 52 46 86 37 6 64 15 49 12 97 97 96 92 4 40 54 44 2 51 5 92 53 55 99 19 4 98 50 48 52 79 23 87 90 65 82 1 96 66 52 80 89 96 15 83 30 89 49 19 25 67 46 44 67 57 98 22 32 55 25 70 66 84 79 2 96 60 53 91 38 12 8 9 20 81 61 27 87 7 70 43 86 13 79 43 66 53 94 9 34 56 87 20 88 45 42 45
100 89
227 508 6 341 223 185 240 225 154 237 299 69 31 140 56 50 499 452 380 189 62 84 370 332 123 248 97 308 38 524 296 268 246 215 494 410 483 9 137 116 460 309 458 419 147 416 164 289 141 265 426 466 201 181 199 198 128 93 428 403 425 367 445 324 206 118 364 104 473 42 273 119 17 439 384 531 252 328 406 106 381 259 75 516 415 350 450 393 533 280 446 490 236 260 26 429 315 171 391 357
45 88 57 18 82 68 17 63 10 50 52 51 61 85 2 67 47 90 2 28 59 59 82 8 59 93 56 94 11 90 67 32 23 6 79 77 5 52 39 57 43 8 54 63 100 69 37 100 68 67 30 85 95 78 52 36 14 86 56 92 9 25 20 75 71 2 3 41 16 1 29 80 42 79 38 42 61 48 45 85 18 95 92 32 48 39 41 51 33 80 13 42 39 66 84 3 7 67 21 86
100 25
452 300 215 457 251 382 303 271 326 344 459 390 191 143 541 217 412 196 373 413 175 66 47 114 69 165 16 15 308 411 421 151 99 184 17 518 434 316 237 305 463 522 282 13 287 443 535 356 7 367 54 41 478 531 60 265 28 487 35 461 203 105 404 9 127 32 327 227 321 125 473 22 362 498 500 221 134 343 426 397 293 256 275 124 78 208 349 333 298 189 156 456 87 241 89 507 482 236 510 493
85 61 92 61 30 36 9 69 8 39 49 77 77 44 19 59 63 43 39 3 38 52 97 67 43 12 65 64 9 58 29 33 64 55 44 76 43 15 64 28 89 30 39 28 78 73 89 38 37 46 94 85 61 82 83 19 32 48 62 94 89 29 37 40 17 85 38 66 98 34 17 70 28 88 49 43 15 43 13 7 46 41 50 20 24 46 41 9 8 2 7 51 66 40 69 82 67 50 49 56
100 85
467 200 86 348 340 89 75 106 174 133 517 249 45 478 515 298 533 37 108 502 219 322 474 449 287 87 537 22 193 527 264 381 424 114 51 142 81 140 382 243 507 180 434 397 304 339 278 437 495 178 79 17 325 28 312 10 418 488 390 95 459 255 217 65 383 458 70 222 377 443 103 509 367 128 182 251 238 93 357 221 546 73 408 239 148 333 192 230 288 549 158 469 57 487 271 122 208 253 166 401
10 75 26 85 89 65 85 98 20 87 83 91 84 60 75 1 47 74 1 47 18 84 50 58 46 66 33 26 19 17 58 97 73 12 34 14 64 15 41 14 56 17 51 13 97 32 91 6 60 24 39 62 8 67 11 13 47 73 75 88 58 58 47 8 14 47 98 48 79 57 62 46 62 39 67 54 10 100 2 42 6 78 76 16 55 32 36 23 95 43 32 96 42 37 48 22 85 96 33 27
100 16
47 7 417 81 529 26 159 373 142 539 382 480 550 205 406 255 115 356 346 330 527 245 34 88 220 444 453 211 195 534 305 467 152 128 562 503 319 396 322 303 19 507 424 178 340 482 99 253 286 543 582 557 39 189 226 518 67 347 573 234 321 27 391 112 163 280 500 311 569 171 263 402 97 121 490 296 578 12 72 118 60 410 75 241 107 555 198 272 180 223 437 513 123 363 433 274 57 477 457 136
33 98 18 47 41 94 36 7 21 32 93 71 17 22 39 2 61 46 33 52 100 94 35 10 35 100 75 32 38 68 53 59 2 91 82 80 86 23 94 9 47 95 6 2 26 94 98 46 86 35 18 89 52 15 63 10 27 49 33 66 24 82 78 85 46 55 48 34 37 57 59 65 23 99 98 43 22 81 4 45 52 52 46 46 79 27 70 83 47 47 24 86 12 36 78 89 84 81 57 16
100 58
224 544 318 262 29 20 535 380 252 369 188 132 368 9 217 3 141 238 65 33 179 17 161 456 55 494 171 475 212 439 392 509 346 553 532 497 40 156 413 464 118 336 100 110 434 236 485 285 352 183 470 423 135 181 94 477 126 312 450 240 322 47 294 384 206 483 479 360 373 242 196 275 385 487 221 75 408 328 506 274 459 302 85 151 510 321 119 67 255 418 78 316 430 402 519 272 134 440 528 230
11 69 44 7 15 95 7 49 56 64 62 84 83 6 61 14 45 61 59 31 72 100 1 16 92 26 26 70 19 49 29 90 10 92 73 75 88 98 74 14 23 97 74 45 52 97 75 58 97 84 85 58 46 79 76 58 98 58 21 20 89 57 43 76 41 71 26 10 74 65 100 9 30 7 82 51 88 13 54 97 71 53 19 60 20 44 40 39 89 21 21 19 1 86 9 86 63 45 14 53
100 21
447 245 344 78 113 351 373 257 383 316 397 439 127 496 66 419 536 29 192 510 283 247 63 224 187 281 277 464 408 95 263 477 516 154 338 485 274 90 5 266 409 526 542 180 145 522 399 216 212 130 115 315 395 12 53 361 467 292 376 499 220 313 426 203 487 411 164 509 305 324 365 71 105 39 329 20 174 259 139 298 392 125 319 372 227 512 200 175 475 236 88 202 455 507 128 218 44 500 209 429
54 75 66 63 55 59 22 15 93 75 66 8 17 74 25 87 19 5 43 17 57 51 70 37 90 40 38 87 7 91 15 9 23 7 82 17 38 37 32 58 13 82 16 77 61 33 17 42 72 86 58 31 88 92 98 57 70 88 3 6 8 46 26 40 35 80 1 18 98 53 52 22 77 83 98 10 4 33 62 39 50 58 56 100 28 62 67 75 6 69 33 36 77 82 60 23 61 46 83 2
100 5
31 114 205 413 187 160 15 208 155 360 284 125 146 490 528 176 12 542 388 466 67 370 184 532 296 30 344 558 286 58 4 132 467 311 323 519 254 203 398 182 399 9 251 350 66 243 275 236 157 197 90 549 107 316 333 457 13 481 423 546 448 97 65 80 59 74 34 128 218 471 51 217 273 378 322 25 118 291 516 100 39 334 480 317 409 190 433 497 167 228 49 136 507 526 441 348 92 265 263 302
41 56 99 96 70 93 29 30 58 72 95 55 6 24 99 43 59 54 28 11 17 22 40 70 13 63 23 39 7 85 47 56 94 7 35 85 8 47 66 76 14 7 72 2 92 92 65 66 88 13 53 85 34 75 25 96 27 88 9 92 25 92 66 24 66 19 94 43 88 72 40 74 47 37 15 43 96 94 8 84 73 99 30 76 11 25 80 59 58 18 7 52 41 31 96 13 3 1 76 92
100 51
420 94 390 471 399 251 81 105 457 289 448 159 313 96 260 343 494 43 215 124 235 443 269 136 285 553 511 307 95 475 34 329 435 277 568 203 365 526 102 228 255 467 579 360 183 517 409 512 310 528 396 370 271 299 26 165 33 379 569 412 173 555 6 562 5 582 539 126 149 208 375 544 317 113 68 324 350 386 502 220 578 120 432 431 59 139 107 91 436 531 78 193 74 10 244 485 50 17 430 338
21 78 93 63 12 33 2 70 49 19 97 84 30 67 23 53 82 61 99 29 82 72 77 80 90 49 69 88 15 64 12 5 3 91 30 78 92 24 2 8 84 76 3 69 12 67 25 69 36 100 68 85 100 74 19 30 12 39 42 31 69 97 30 28 89 39 78 26 38 74 19 85 73 90 70 6 75 90 92 86 89 48 39 85 90 21 64 65 19 79 8 28 16 49 53 45 61 32 87 83
100 44
40 497 314 308 469 426 20 480 413 59 363 412 313 340 18 458 156 231 499 403 321 260 440 78 217 272 49 32 144 299 112 96 180 280 169 253 210 85 345 129 348 35 350 200 382 334 90 477 324 447 374 385 306 421 358 482 95 436 319 103 509 12 267 178 1 69 448 57 252 287 492 295 148 427 245 394 29 118 128 182 31 364 68 226 164 87 192 51 88 238 47 158 130 229 17 4 140 508 468 131
82 50 84 13 99 8 8 78 5 61 64 6 13 53 9 96 36 69 14 50 52 43 13 72 22 42 35 39 74 100 65 58 100 90 27 21 38 95 22 40 63 38 100 57 49 49 76 7 17 99 38 65 71 15 27 64 69 3 91 62 41 36 98 16 46 54 62 11 69 30 3 3 40 19 29 32 71 78 2 50 32 76 22 46 16 16 38 49 32 4 82 67 91 88 16 56 21 96 42 42
100 31
430 337 431 520 370 152 84 220 400 46 522 266 169 480 346 510 17 225 503 134 238 121 261 203 279 215 330 530 295 471 11 221 348 376 247 444 329 493 61 142 269 446 159 150 92 31 312 463 422 413 428 437 278 303 456 205 173 65 425 194 95 285 335 240 202 289 386 529 26 1 253 355 321 235 185 74 511 364 105 504 327 125 396 406 176 501 245 139 51 360 29 486 491 414 114 50 38 336 483 161
95 33 4 77 82 70 36 54 45 77 76 78 49 89 52 91 98 46 20 71 58 61 29 32 45 47 80 77 59 82 38 75 37 23 11 47 27 7 50 82 66 20 61 30 53 15 66 48 38 54 93 9 21 11 73 47 26 36 89 28 95 21 44 39 78 38 80 31 55 51 40 69 42 67 45 72 39 1 27 92 96 40 17 64 58 40 47 85 44 71 29 31 56 14 12 98 52 96 39 65
100 31
483 519 242 302 470 383 210 275 166 218 56 480 96 77 518 37 285 460 540 202 133 313 433 348 81 381 564 257 508 102 203 321 278 533 14 405 176 443 306 307 490 24 241 247 22 141 426 184 189 180 175 170 45 280 543 194 328 19 410 338 116 30 499 265 394 201 62 54 26 310 419 110 553 371 163 362 5 67 82 43 231 354 450 145 402 562 569 388 527 92 153 236 438 126 39 294 118 237 524 221
53 39 61 33 88 75 86 91 23 99 65 64 66 31 13 26 20 5 64 44 78 31 10 46 37 46 4 58 37 77 83 6 67 70 96 19 55 10 3 65 23 86 90 6 6 55 39 100 78 68 54 24 96 31 91 17 84 98 98 4 5 12 92 56 97 87 53 4 49 58 78 100 33 35 42 54 13 23 38 94 39 21 15 16 39 40 24 63 73 90 71 6 17 40 19 60 67 49 34 84
100 45
83 222 177 492 19 485 185 129 112 152 295 330 86 118 47 402 526 447 192 227 525 60 292 385 226 22 248 169 67 273 348 347 464 510 21 196 440 214 139 480 467 354 68 414 481 322 158 146 418 56 38 165 138 13 178 506 457 198 321 518 392 62 153 310 114 367 97 258 120 111 312 416 430 412 496 49 283 530 2 364 78 475 71 300 337 422 237 29 24 89 511 376 266 245 495 400 106 208 4 155
33 92 19 5 7 54 42 55 44 79 56 18 49 59 45 31 71 61 26 25 97 62 93 29 4 55 51 31 88 22 20 82 7 17 51 98 20 59 36 100 1 62 67 95 14 68 75 46 21 51 15 96 8 91 52 54 4 1 81 56 15 20 42 22 70 24 11 65 35 86 4 36 3 25 5 73 44 66 95 67 51 46 67 12 16 57 6 38 62 5 60 55 48 22 41 72 79 99 29 34
100 65
71 53 253 99 370 59 513 493 515 188 135 405 4 165 90 427 215 354 363 542 301 14 196 141 181 244 40 382 23 7 170 69 162 374 433 456 288 12 112 410 388 171 320 514 237 546 113 330 453 275 533 451 107 263 119 150 361 488 464 221 229 317 281 525 474 256 148 507 381 531 146 332 195 336 346 503 429 45 80 311 61 541 441 206 375 398 455 174 266 31 417 298 159 498 173 328 315 483 472 126
28 63 6 60 52 84 35 62 91 78 100 87 76 21 35 37 100 20 21 76 31 7 62 16 66 71 76 43 16 28 7 20 20 22 63 69 46 17 59 55 33 10 50 23 66 6 68 65 63 60 35 39 48 82 46 1 33 83 80 91 54 93 94 71 14 58 21 81 99 99 73 51 64 42 6 69 28 4 57 48 33 51 55 19 38 70 21 14 15 2 41 47 71 77 37 61 76 51 27 39
100 56
67 248 400 9 225 49 281 575 403 156 416 374 448 180 398 109 587 349 130 33 498 337 147 429 354 315 259 249 227 465 342 361 204 457 531 39 189 195 442 300 235 32 122 327 388 549 489 370 428 101 480 140 16 72 563 585 521 559 474 310 60 432 571 324 446 373 345 553 112 172 51 164 116 289 96 89 290 148 81 482 500 397 238 515 218 306 243 534 261 265 208 408 274 328 541 508 378 22 422 173
26 29 64 58 41 73 81 50 65 29 48 71 80 54 48 17 7 56 100 9 29 93 51 20 24 69 13 77 40 51 31 46 35 5 9 40 39 17 16 5 31 48 70 52 78 12 44 75 11 80 21 55 42 89 35 95 16 74 52 30 42 53 63 16 88 47 29 14 96 53 11 69 31 100 81 86 60 43 100 36 28 13 64 20 5 67 98 51 69 45 91 2 79 91 94 70 3 34 60 12
100 43
277 397 32 85 263 40 494 234 121 328 315 117 171 294 472 441 364 474 198 293 54 89 348 220 7 403 273 284 174 325 207 178 286 483 227 88 297 109 501 424 491 64 146 451 376 332 151 248 200 179 341 53 111 455 162 439 264 418 447 154 384 275 352 65 26 23 349 257 75 393 417 129 452 307 358 186 33 463 30 285 103 304 409 306 421 16 4 242 48 137 217 426 433 372 13 95 425 110 191 435
9 37 57 77 66 32 94 15 41 78 9 75 38 42 57 31 99 21 56 49 92 32 16 61 49 4 79 72 7 6 35 49 78 73 96 81 8 37 52 91 53 26 79 45 20 33 28 9 31 68 39 5 33 19 95 24 42 66 37 17 4 43 14 85 7 78 36 54 99 38 83 82 43 18 66 64 62 88 48 60 58 77 52 78 71 59 44 100 30 21 69 5 4 56 47 89 80 70 86 74
100 37
257 296 430 457 371 389 274 218 119 201 98 309 481 209 52 441 483 417 79 468 341 390 383 203 397 349 227 88 248 493 127 284 286 437 420 245 452 235 146 496 16 345 476 347 219 137 62 336 173 112 394 33 291 319 290 265 181 278 382 507 405 59 337 7 81 355 502 241 509 411 73 526 26 110 252 163 152 448 302 153 329 458 516 461 41 44 374 199 189 361 66 359 154 34 103 136 499 442 166 75
73 15 20 23 57 90 100 48 73 66 83 96 44 3 52 82 14 55 57 30 77 44 73 26 83 63 76 93 61 68 17 43 62 22 41 44 1 85 72 24 91 94 81 5 89 18 66 69 45 35 94 90 25 45 64 30 61 36 52 31 59 62 56 72 56 79 99 31 89 80 99 81 48 12 11 75 75 72 35 73 46 65 89 2 19 25 30 79 84 32 68 84 69 12 2 98 58 39 42 12
100 32
346 56 300 105 266 312 50 6 377 426 405 331 362 149 265 145 273 336 418 221 449 335 217 386 342 118 372 92 161 313 69 392 397 27 247 60 147 318 115 398 451 43 238 436 228 148 114 315 183 169 261 191 201 359 355 370 138 91 326 97 31 76 408 226 304 36 410 356 210 256 176 119 155 249 162 83 263 128 243 293 35 196 163 276 81 23 443 278 353 446 406 131 288 85 251 82 14 142 259 234
36 76 10 16 22 31 3 38 85 18 20 52 14 40 91 100 89 73 58 37 76 39 51 3 82 8 70 49 86 34 17 89 21 26 89 17 40 29 81 31 17 11 78 99 16 41 49 37 56 56 2 18 38 80 57 98 15 47 64 16 28 50 84 78 51 96 59 73 51 36 45 23 86 2 28 10 37 100 64 85 91 72 77 16 64 12 7 27 26 82 62 64 40 21 61 38 49 35 94 91
100 72
338 93 139 382 438 502 206 72 113 44 419 391 87 499 122 505 227 47 461 509 429 291 403 195 480 318 131 439 155 342 168 373 262 209 355 407 326 112 281 471 309 76 272 189 185 223 245 229 191 511 158 235 314 380 365 485 173 24 254 267 196 331 30 102 170 221 63 453 128 55 215 299 475 95 492 10 398 77 383 146 421 349 399 444 418 181 33 266 335 18 35 294 243 305 301 410 179 246 359 16
59 28 99 89 13 44 100 73 55 81 53 43 39 61 67 75 52 86 49 45 2 13 59 34 25 98 24 62 22 76 14 57 88 99 51 73 66 6 66 73 30 44 17 28 35 73 69 29 92 77 9 8 50 27 72 29 53 78 67 68 46 52 32 31 87 42 2 59 4 56 24 80 32 17 11 5 51 80 59 17 24 41 63 90 87 47 63 24 11 14 17 56 1 66 3 36 86 57 80 30
100 39
6 405 448 402 307 66 334 212 528 430 156 230 15 394 98 348 105 183 113 199 266 238 460 123 246 571 450 77 494 277 464 379 288 90 173 325 508 472 370 28 41 445 92 11 542 260 33 455 68 225 85 341 349 218 547 50 23 195 150 452 502 436 60 479 235 162 519 559 147 274 411 281 36 316 201 549 297 251 140 73 72 139 536 146 133 509 187 388 354 567 69 284 236 426 420 480 484 163 364 205
3 12 10 71 92 55 24 25 27 22 100 69 89 86 10 10 46 75 71 18 1 75 53 65 53 76 48 55 97 98 37 86 48 78 58 1 33 42 59 35 3 33 9 94 12 72 70 61 94 93 71 41 15 3 2 43 22 16 31 5 37 83 51 78 21 7 17 5 21 94 29 33 65 34 51 16 3 18 90 81 44 21 41 24 65 49 37 27 77 16 1 85 1 8 63 94 3 63 13 44
100 65
193 430 261 155 249 501 59 445 51 20 394 530 287 296 84 188 512 379 92 321 212 126 286 75 457 531 45 505 161 281 137 334 386 247 468 171 316 410 405 226 271 29 400 453 42 9 156 225 421 180 473 132 484 470 487 258 222 192 310 187 493 313 234 388 448 66 520 146 8 474 533 217 459 202 347 355 340 428 47 38 10 300 326 441 365 265 67 243 418 107 375 304 169 463 397 100 116 108 432 362
76 95 34 40 49 52 41 29 46 33 100 39 49 90 17 71 89 16 61 33 64 90 48 1 92 21 27 69 15 57 59 90 56 28 82 49 93 43 29 90 58 77 26 82 17 6 7 82 94 34 41 30 73 23 53 57 84 62 3 96 15 77 13 67 45 73 82 58 8 45 15 84 30 24 83 89 6 77 40 10 55 75 27 22 50 63 12 29 3 59 68 99 66 97 16 93 99 23 88 63
100 49
274 392 147 380 540 5 362 409 41 466 175 536 311 78 428 182 375 402 282 365 294 511 350 333 56 202 482 455 240 414 421 373 64 59 156 487 255 116 494 301 32 110 135 388 318 194 23 120 450 207 448 15 407 126 464 152 528 49 420 313 335 498 73 436 239 215 12 399 53 97 483 468 87 268 262 114 139 356 518 248 506 508 185 342 327 292 165 100 62 231 16 438 556 550 341 548 224 478 410 76
80 99 57 66 81 76 92 27 15 68 81 95 34 68 37 14 75 87 79 62 68 43 84 100 3 72 36 26 77 1 86 67 2 61 87 52 53 45 66 67 25 28 44 79 93 90 70 19 27 12 57 21 7 79 77 74 28 83 58 90 34 3 28 95 21 85 33 66 80 70 66 59 64 58 89 28 6 62 71 15 47 16 74 59 31 16 12 85 28 23 11 55 2 87 46 22 66 84 70 49
100 31
376 25 117 265 536 443 365 281 517 245 270 399 186 526 229 506 131 239 62 16 324 492 71 122 295 84 420 75 144 54 468 72 559 287 193 199 274 347 34 64 402 279 395 294 28 410 504 10 132 254 444 439 391 178 372 371 356 539 228 352 125 427 385 162 172 297 350 373 45 98 548 59 92 550 369 449 83 209 322 5 332 312 218 317 483 256 135 339 513 154 167 430 305 309 323 476 42 108 498 458
18 79 94 59 75 29 39 44 16 98 20 84 15 82 54 44 17 7 95 29 24 11 75 41 45 51 96 29 62 44 33 60 29 70 27 43 63 20 54 27 80 36 71 49 30 72 86 50 98 24 56 82 85 19 15 37 28 91 22 1 46 87 13 21 59 44 78 12 55 2 74 87 78 80 43 28 70 28 24 81 63 57 82 87 40 82 3 31 68 12 76 4 23 24 69 25 65 24 20 6
100 58
426 310 110 101 390 126 119 174 541 444 45 61 540 519 309 349 49 452 470 167 31 190 291 372 107 134 91 181 356 153 478 483 21 57 266 35 534 258 41 382 510 234 163 143 485 245 275 518 8 364 19 386 424 32 229 461 406 249 12 524 218 199 512 427 345 289 282 193 62 114 495 513 321 331 439 396 339 428 205 505 73 296 188 225 307 209 299 50 462 367 81 68 429 264 311 244 29 140 4 415
4 6 12 7 94 47 20 72 11 32 82 32 50 81 4 67 63 38 59 81 46 91 29 63 72 86 99 72 90 94 27 39 57 16 88 39 63 48 25 87 99 19 17 53 48 15 70 95 51 2 99 41 94 84 6 96 53 79 62 88 61 53 99 88 6 32 88 36 50 86 72 61 39 12 34 18 75 47 25 52 19 94 63 73 14 91 18 92 70 29 7 2 60 93 84 27 24 36 1 95
100 41
288 545 351 340 57 108 530 518 313 283 472 469 246 14 37 403 358 169 47 147 225 148 444 311 196 66 431 497 84 4 118 532 513 372 537 185 74 8 302 119 65 151 460 263 222 254 55 274 319 234 464 21 212 422 341 414 206 508 519 156 484 453 174 165 177 158 393 481 380 264 102 536 111 193 389 366 381 342 506 39 445 1 237 338 126 436 137 525 236 483 296 476 131 328 473 93 489 412 171 28
39 39 99 49 27 12 96 50 29 100 81 8 100 8 91 1 30 81 67 56 49 30 93 98 88 53 25 94 62 58 82 93 56 59 30 81 67 57 65 15 71 93 52 46 78 80 5 40 44 33 12 73 24 97 93 31 55 76 79 44 83 45 66 1 98 6 27 24 100 65 18 28 14 24 20 92 19 95 17 40 47 76 40 30 65 1 16 49 9 34 72 24 92 50 23 16 31 74 22 72
100 59
37 106 365 1 291 453 533 246 375 428 474 251 36 123 416 228 30 327 11 179 355 525 368 130 185 156 144 62 509 196 407 146 397 90 195 470 437 315 242 16 331 383 202 110 445 523 498 171 270 462 47 217 215 4 74 336 329 542 162 237 53 133 306 299 70 231 430 352 82 282 399 20 461 492 480 127 259 142 218 278 96 113 387 479 304 55 209 319 265 433 358 518 502 353 482 346 80 405 58 421
70 68 67 32 73 88 13 87 67 60 58 2 80 40 25 92 93 10 47 18 94 74 55 80 30 97 66 86 67 25 86 14 9 70 46 94 22 68 15 22 27 63 9 72 28 85 8 13 57 23 90 76 82 29 90 2 31 14 43 60 78 72 72 22 11 76 29 88 74 26 51 81 97 11 42 5 47 4 69 31 26 64 36 100 92 13 39 18 26 98 64 35 75 89 19 58 36 95 51 40
100 56
449 332 315 466 195 425 216 520 166 98 288 284 57 386 227 331 43 131 142 458 503 306 380 266 416 134 476 174 203 490 50 29 159 93 148 493 229 480 392 160 45 235 298 218 470 122 421 353 11 3 22 207 426 245 516 253 344 193 506 274 509 106 440 429 112 194 76 66 209 377 184 438 180 530 413 151 430 357 368 403 338 231 38 276 366 17 251 325 384 210 268 123 370 85 494 393 185 258 329 375
52 61 93 43 32 68 96 29 89 43 11 63 83 15 53 85 3 10 22 11 65 74 34 28 36 55 10 99 83 68 25 60 28 38 10 10 3 15 85 64 90 95 25 86 74 84 20 22 54 99 93 8 12 48 39 50 29 19 29 35 31 83 96 57 22 3 14 61 2 85 24 48 48 27 46 44 25 17 79 92 56 16 93 31 100 47 43 92 31 55 35 1 53 55 38 14 27 15 29 35
100 12
164 11 346 116 182 437 254 210 119 317 110 264 440 434 80 266 492 65 441 301 44 58 284 451 348 286 495 96 122 97 33 455 120 481 313 229 385 400 70 372 322 124 201 243 68 196 192 332 153 452 342 17 357 500 178 248 303 469 56 454 166 471 26 106 168 251 413 392 366 15 156 271 461 123 40 86 365 222 131 139 408 236 295 276 10 485 39 378 340 422 21 148 363 424 219 115 13 169 83 50
61 89 87 75 7 28 30 89 19 52 19 50 59 33 73 53 60 98 58 100 11 6 81 68 93 78 86 86 82 31 64 15 59 69 29 67 14 54 97 31 62 96 70 75 55 91 63 12 27 24 74 91 21 35 57 5 41 4 95 100 18 24 47 72 71 81 79 35 26 51 88 97 39 72 68 21 40 13 15 25 91 100 4 32 1 55 4 73 7 8 51 86 54 48 42 18 10 33 96 86
100 42
502 118 618 263 108 598 170 151 210 533 322 297 272 336 608 565 353 453 543 277 27 421 592 391 37 494 329 486 517 63 250 100 399 268 408 153 364 415 81 178 125 558 437 90 304 60 343 306 176 83 240 412 387 259 58 193 232 269 378 481 348 603 49 356 575 549 577 622 431 215 445 143 320 203 40 9 472 511 586 462 369 302 383 406 7 26 162 188 287 133 147 362 492 16 71 310 479 209 524 225
31 73 29 2 55 53 95 70 22 100 41 93 39 48 49 22 88 41 77 27 54 41 42 91 43 84 41 55 76 44 11 26 84 18 66 11 48 28 64 37 66 87 39 38 99 33 100 35 98 59 89 46 61 34 21 11 39 4 37 2 29 96 54 71 80 15 93 33 31 22 88 43 12 25 16 8 76 37 58 25 64 45 26 16 43 4 6 26 98 21 88 99 7 33 69 57 24 77 20 3
100 68
137 233 31 183 265 372 15 360 316 1 345 203 323 492 290 414 538 393 406 104 516 456 466 217 101 529 378 93 111 8 30 293 303 540 131 119 520 39 107 505 486 66 189 146 148 423 125 343 334 267 150 89 494 449 120 281 196 235 211 255 440 341 432 277 369 264 502 205 6 50 70 199 480 200 36 242 174 351 168 158 224 32 175 508 396 327 386 100 307 129 77 161 24 60 276 47 501 248 85 473
20 79 80 21 1 87 28 96 58 41 86 40 86 2 61 18 57 77 4 45 35 84 66 9 79 77 37 99 27 31 14 41 29 3 28 81 88 53 32 60 41 36 27 78 34 93 10 26 68 45 71 78 94 76 35 78 26 20 22 65 4 16 2 77 1 22 26 23 2 56 54 24 100 82 98 93 69 84 70 97 56 45 66 78 61 11 43 49 66 13 2 61 8 46 50 33 12 96 69 95
100 43
248 323 499 4 358 50 247 242 68 379 342 237 197 438 37 278 107 119 78 363 527 509 127 471 101 137 518 233 496 122 532 226 169 406 410 448 519 254 33 482 113 10 420 60 109 204 105 334 45 392 483 27 186 87 490 216 272 430 304 538 163 125 92 455 282 393 326 311 365 35 315 477 343 491 164 396 377 266 349 264 196 367 289 19 388 206 298 424 286 284 528 461 338 463 395 351 153 179 378 143
97 100 71 95 44 85 73 52 34 24 1 85 86 82 29 6 8 48 8 50 57 100 26 53 32 73 84 97 98 100 17 15 22 95 45 24 20 36 41 76 61 32 25 37 59 69 85 79 3 55 14 67 68 99 39 20 35 96 77 28 53 93 86 60 56 98 9 34 79 2 17 66 74 39 95 34 65 86 41 86 45 53 34 15 86 32 27 72 54 25 77 3 96 67 70 20 9 78 48 26
100 8
514 164 264 267 35 391 145 51 218 436 397 384 17 125 120 413 475 22 65 287 449 355 67 463 128 172 219 376 25 212 230 33 497 511 9 105 428 438 291 442 361 332 79 336 28 190 502 439 299 64 305 180 49 469 161 244 135 253 345 314 206 220 279 484 276 319 308 81 407 455 61 324 196 235 366 113 69 234 90 456 42 394 258 165 122 337 229 29 44 491 186 348 185 356 97 486 500 151 420 343
95 86 70 37 23 30 65 35 58 77 83 17 92 26 68 3 35 72 11 22 60 41 33 22 2 49 8 53 34 16 59 8 79 39 45 35 91 74 83 85 58 26 34 79 72 14 35 89 92 5 50 5 42 100 10 73 38 81 57 81 63 45 24 10 100 75 32 40 70 76 72 18 77 51 17 32 84 11 37 66 69 1 89 55 29 98 93 43 87 48 38 35 41 18 84 97 48 95 77 38
100 66
133 336 78 40 582 158 427 105 169 371 281 446 249 503 437 388 205 565 177 598 304 123 47 435 94 109 523 222 405 389 362 561 342 275 297 407 412 489 548 404 545 57 366 115 422 155 183 353 21 186 232 530 347 73 187 227 494 320 161 552 453 514 12 290 139 300 472 159 575 467 39 166 444 379 395 143 30 589 213 8 148 539 29 384 111 96 258 507 329 196 573 64 482 268 301 313 457 171 241 88
60 88 66 3 85 93 75 78 62 60 48 25 91 72 19 54 1 74 97 12 69 15 72 96 4 81 9 45 93 63 3 84 34 42 88 85 81 31 50 3 59 73 68 45 79 20 32 23 29 12 51 99 25 13 100 94 3 93 49 37 76 15 55 5 99 35 26 26 62 39 20 20 46 68 90 92 74 2 11 15 56 34 79 71 34 63 36 13 94 71 28 26 6 4 67 68 17 2 20 94
100 98
159 437 401 472 323 392 348 422 485 206 347 375 388 189 194 93 264 127 532 496 125 16 421 338 62 200 71 535 231 390 522 299 495 310 225 371 245 278 359 179 544 332 15 395 514 28 431 389 364 484 25 362 44 4 466 190 143 313 119 211 473 78 418 505 110 408 352 235 529 504 381 215 309 272 263 368 38 104 95 145 14 114 137 481 288 191 151 447 253 293 455 123 249 378 326 85 53 161 171 463
50 46 38 48 83 13 11 49 26 24 1 38 76 14 20 100 5 16 86 22 36 93 31 39 9 59 17 95 43 77 27 33 15 13 35 26 41 58 19 54 75 48 33 81 17 38 28 65 57 75 19 61 88 25 41 92 6 71 22 12 32 1 42 62 8 9 91 2 68 49 4 36 29 5 38 84 40 54 18 86 12 23 69 14 8 69 73 26 29 18 32 18 87 3 20 85 86 75 35 55
100 41
29 560 446 341 110 33 100 227 332 264 60 295 414 502 217 16 274 155 4 96 40 164 265 285 539 509 190 405 286 86 246 253 281 318 470 132 208 234 170 360 13 504 456 25 531 545 48 298 555 375 123 71 141 384 567 356 131 261 573 297 6 61 392 203 73 363 436 533 249 195 324 244 275 516 349 483 57 549 240 147 172 181 204 522 344 492 398 423 308 569 115 477 221 463 77 50 372 429 355 126
6 64 68 28 75 40 55 66 2 85 81 24 30 79 44 50 30 94 37 100 11 20 34 8 48 4 28 59 68 81 18 50 42 95 39 23 9 52 64 56 12 92 37 2 35 54 76 68 53 38 14 59 59 81 6 14 6 52 3 23 25 41 70 2 82 57 1 15 84 15 92 11 65 8 94 67 52 18 69 41 82 85 24 65 45 11 87 41 9 51 23 10 23 39 37 32 3 49 69 59
100 31
279 220 245 147 334 377 207 191 77 161 126 288 122 540 397 472 395 227 151 486 438 341 364 320 428 461 476 372 348 310 40 58 14 133 92 100 467 238 380 211 72 65 170 297 422 237 254 84 492 38 48 28 459 264 340 17 415 119 531 20 356 482 139 184 26 458 452 442 228 359 516 274 498 183 370 317 190 321 110 80 383 8 114 508 532 283 379 262 457 194 393 407 305 278 313 177 523 349 324 197
21 7 8 43 15 37 19 74 93 91 97 45 72 67 18 75 53 65 58 80 39 70 33 1 68 79 84 58 61 55 79 74 73 70 58 56 7 56 99 36 66 28 24 26 36 75 95 81 15 62 80 76 61 94 36 12 18 87 15 57 53 58 95 8 20 38 51 31 56 17 75 47 68 92 56 11 96 13 43 55 23 83 40 20 3 80 47 62 5 71 39 86 91 46 61 59 99 39 82 97
100 92
437 40 118 249 24 49 501 2 318 366 339 294 494 109 372 525 465 417 379 456 291 277 240 343 145 503 385 111 159 259 493 481 98 66 405 121 42 514 198 235 531 211 3 326 193 551 185 21 309 349 302 447 484 106 149 131 88 117 411 390 203 426 168 510 223 523 62 517 453 400 560 332 311 214 532 359 192 266 30 435 261 284 164 175 474 542 72 270 217 125 82 534 383 19 137 54 336 9 230 195
21 46 8 90 55 7 87 75 32 73 45 54 54 39 28 42 83 78 33 37 11 34 62 11 5 48 45 2 43 87 30 5 55 17 34 70 100 98 75 9 89 53 65 46 53 20 44 87 12 22 74 11 47 56 43 86 100 14 38 65 1 100 43 92 17 19 41 39 26 79 25 11 79 50 10 78 98 19 27 33 15 61 85 69 39 66 77 9 93 29 66 50 65 87 100 36 12 80 29 78
100 75
456 434 5 482 524 501 234 292 114 417 494 84 287 142 337 477 446 273 15 33 310 24 534 519 218 55 424 109 132 191 179 187 460 141 468 256 231 436 369 537 244 284 182 279 301 92 485 311 65 10 171 551 463 29 509 246 180 444 415 47 215 374 289 379 406 358 281 278 158 349 115 356 386 212 347 261 123 525 360 208 270 387 226 389 398 44 104 97 327 401 448 164 542 35 232 151 74 320 154 200
7 58 77 98 94 68 3 99 43 84 83 13 13 86 49 10 20 47 52 1 55 58 19 2 62 88 62 16 97 17 68 19 46 91 96 66 91 3 5 59 49 83 32 35 5 1 69 69 22 26 22 25 95 39 63 86 63 5 74 22 52 69 95 1 55 17 7 20 64 42 99 99 90 60 41 51 57 59 38 36 54 12 57 10 5 8 47 85 97 24 41 31 34 97 97 11 37 25 4 84
100 42
155 592 308 33 192 186 453 532 222 257 136 318 463 383 376 429 559 240 482 62 271 601 352 406 279 145 120 230 201 472 333 525 344 78 438 162 288 510 128 70 582 211 171 12 490 564 262 403 88 249 449 225 14 53 581 444 129 177 540 373 522 576 125 549 419 112 233 5 364 34 413 153 593 496 474 97 326 331 16 374 250 20 24 337 291 567 513 174 389 353 106 301 396 500 48 359 40 219 84 19
53 63 76 82 70 61 64 56 90 49 20 59 95 31 57 22 37 64 36 54 4 23 64 35 16 28 48 96 29 76 90 91 81 4 5 40 39 76 65 85 75 77 31 3 53 79 49 39 27 52 16 12 30 13 93 28 86 18 77 22 68 51 47 35 14 34 97 64 80 45 11 82 80 100 58 12 73 56 83 46 9 21 50 54 27 97 93 37 8 95 62 83 85 87 2 76 32 32 92 74
100 85
36 247 139 439 276 299 9 233 316 94 331 487 336 27 277 39 116 536 226 308 266 219 241 470 72 383 96 161 296 434 286 153 63 505 47 307 457 463 142 196 326 401 170 187 174 410 2 90 363 424 97 355 379 438 534 54 14 517 257 538 452 526 345 23 113 128 89 194 52 184 447 514 389 393 60 129 107 337 506 380 230 239 495 519 105 84 212 478 156 377 263 119 206 414 512 144 300 82 371 352
12 11 19 98 25 84 73 5 19 4 85 87 98 89 74 75 85 80 10 33 65 39 90 62 43 20 34 11 2 9 2 56 40 100 37 72 20 21 15 57 52 49 56 27 38 17 39 89 89 100 87 7 91 68 38 60 28 98 61 27 24 28 35 98 72 44 98 52 40 83 61 76 13 98 32 98 16 45 6 94 21 93 74 15 22 88 92 47 62 85 79 90 14 77 56 23 73 47 81 65
100 22
381 14 438 19 288 396 326 368 286 582 385 105 255 367 33 48 318 239 173 372 501 314 531 575 535 429 351 76 548 277 444 319 160 590 414 128 462 569 333 353 215 295 515 578 96 294 140 324 69 108 223 424 195 359 207 112 71 452 229 270 469 484 18 198 183 524 267 311 303 492 115 231 562 136 342 557 296 246 146 568 62 58 463 505 404 23 391 86 156 124 192 480 544 163 259 8 40 236 473 153
19 53 57 38 78 25 28 21 26 22 100 65 35 85 24 61 22 49 60 5 39 26 7 61 52 34 86 21 79 75 84 1 3 20 9 63 17 89 15 76 3 100 82 37 39 54 94 80 19 65 40 89 8 61 49 83 56 45 90 94 52 95 92 83 15 95 10 99 32 20 19 30 32 39 52 23 47 50 5 25 93 12 52 84 33 20 97 30 13 75 91 78 24 67 63 33 94 72 44 48
100 22
252 148 225 410 342 443 499 431 369 364 315 213 101 429 250 336 507 61 140 350 555 45 488 204 264 105 282 531 111 465 155 355 523 540 477 433 51 386 131 449 3 458 273 194 219 510 447 314 96 494 464 84 197 480 297 476 231 109 93 209 376 161 259 498 329 71 178 189 354 41 135 284 288 420 24 151 403 119 545 490 474 441 324 398 168 389 66 170 241 517 76 187 12 47 122 368 384 34 307 22
48 27 85 58 22 100 84 76 23 26 4 53 93 81 37 19 38 28 47 2 5 94 88 15 45 99 77 89 47 74 99 92 97 6 100 53 77 83 99 40 11 61 44 39 24 78 18 10 75 22 65 99 15 90 74 76 72 39 100 5 29 13 10 94 51 63 10 50 96 97 90 68 60 84 28 75 10 74 52 99 83 8 54 74 10 26 6 16 30 53 76 54 28 43 52 40 8 85 91 25
100 15
450 152 463 199 304 159 327 179 269 434 133 147 44 378 136 237 496 390 521 250 309 456 228 194 444 244 530 195 538 69 482 169 408 256 188 53 303 348 285 514 120 473 267 379 400 339 40 461 60 242 334 421 243 151 7 522 279 15 416 524 95 105 24 375 331 356 307 187 382 317 131 286 372 296 202 35 364 55 130 79 442 26 91 139 355 70 505 254 82 111 490 424 218 208 117 433 271 262 223 107
9 8 92 48 82 14 99 94 42 15 89 42 57 26 21 97 26 54 19 26 3 84 86 74 6 23 34 69 74 70 59 14 62 52 83 56 7 82 51 62 59 48 67 41 17 41 65 49 67 23 70 14 15 80 34 50 83 53 56 10 25 37 35 84 26 74 69 37 42 68 3 58 45 80 2 1 71 79 7 19 89 55 94 36 18 14 26 22 87 15 16 19 80 44 88 16 1 28 89 1
100 73
438 124 12 72 211 302 176 510 298 286 158 395 407 455 91 20 116 27 311 476 420 164 405 146 186 487 63 354 38 418 44 468 464 32 509 431 117 372 408 337 458 480 494 424 447 203 249 177 349 200 363 293 93 517 242 4 230 123 265 150 308 500 289 280 181 258 390 342 415 301 326 191 271 288 69 23 489 465 239 99 419 110 220 332 215 318 15 310 54 109 85 234 435 381 368 77 140 130 173 244
74 29 41 44 5 51 92 66 81 29 87 71 62 3 58 70 11 32 79 15 48 76 51 30 76 50 14 63 14 30 62 5 54 46 29 5 94 39 34 16 40 83 52 87 75 39 10 70 25 32 67 39 74 48 9 16 4 9 52 34 63 93 98 53 97 48 87 50 80 69 71 33 19 81 95 79 88 35 94 95 25 98 42 82 35 75 75 27 55 99 27 55 39 85 52 60 4 87 36 17
100 74
110 259 436 537 175 378 32 95 364 194 314 358 5 179 125 121 520 90 63 430 323 46 492 361 333 186 414 105 107 384 17 204 288 467 119 81 231 212 410 510 39 45 423 75 391 528 86 486 89 31 499 339 515 219 353 152 422 237 181 405 289 106 66 226 176 43 447 543 11 321 476 144 344 169 245 19 297 502 396 451 160 56 485 401 190 269 336 305 69 279 373 22 459 251 165 294 9 445 308 135
5 68 45 85 12 15 1 28 2 73 85 74 90 32 80 68 27 86 95 48 21 71 100 34 97 71 37 19 96 20 38 14 16 59 87 30 61 85 4 60 76 80 91 97 2 97 29 49 2 61 58 24 99 64 56 32 25 14 83 97 41 50 67 5 67 25 16 39 79 14 41 83 1 66 4 62 29 19 67 90 60 53 87 77 100 3 79 92 62 83 73 72 64 82 67 88 78 31 55 65
100 87
491 221 51 509 286 497 331 418 255 292 356 333 337 45 122 280 276 203 231 443 146 403 272 65 59 481 325 265 322 193 162 513 447 229 140 179 124 96 207 420 373 89 500 381 172 457 22 187 35 260 312 252 155 210 243 487 396 225 137 303 446 153 117 390 20 33 198 458 528 395 353 464 472 299 2 109 348 439 218 523 454 490 363 234 132 83 534 100 340 6 430 26 208 75 103 185 11 393 408 116
45 16 90 37 4 85 56 52 32 77 19 86 98 50 22 47 27 62 65 21 93 86 31 3 64 25 2 8 61 81 93 19 25 3 58 71 67 39 8 73 39 26 3 41 34 66 56 30 53 29 42 27 31 100 77 5 64 15 85 70 96 30 15 32 69 94 34 98 21 95 98 17 44 63 90 40 85 85 8 54 63 67 52 60 7 56 39 16 72 70 3 43 89 30 47 45 33 84 36 84
100 46
196 144 166 346 39 395 111 376 49 288 399 17 493 219 322 195 294 214 406 339 148 488 421 315 300 78 164 360 370 95 536 120 500 280 155 127 74 414 449 390 347 14 515 42 276 468 509 185 433 199 107 59 65 501 104 238 351 221 203 441 301 213 311 30 23 231 183 290 430 130 7 384 56 197 340 248 530 27 460 382 541 176 156 397 255 140 159 271 331 432 261 293 520 251 320 71 88 478 163 450
93 34 22 34 53 14 54 93 33 72 56 14 45 75 69 13 60 15 47 3 81 12 80 64 51 67 25 59 14 5 16 34 29 49 51 94 30 48 8 93 95 52 63 89 46 56 38 88 98 69 72 52 15 54 74 16 3 51 44 35 73 48 46 25 22 44 63 44 2 21 91 4 69 97 79 16 93 6 12 62 53 96 36 31 34 50 16 68 93 45 59 66 41 33 77 19 64 29 87 45
100 10
137 474 391 145 451 416 247 276 161 30 186 43 533 430 213 260 383 214 405 70 258 266 20 467 241 473 333 208 296 12 169 373 413 245 8 120 417 119 199 431 457 309 513 379 446 408 448 33 217 233 209 87 338 177 321 299 77 421 194 528 91 414 488 61 400 328 128 254 534 549 438 289 445 366 101 478 498 78 357 224 115 331 461 550 539 312 284 393 244 505 347 527 288 152 363 51 517 21 106 182
20 68 70 10 40 26 58 51 100 13 93 85 24 75 73 82 39 88 57 79 92 2 13 26 82 66 30 62 48 34 24 35 67 75 53 90 20 41 29 9 44 64 5 100 52 29 83 63 3 91 34 66 21 92 46 95 48 34 87 79 100 3 3 76 87 2 69 40 10 65 32 36 50 18 12 28 79 76 79 54 15 94 56 21 40 81 11 16 60 87 21 11 4 81 85 97 13 9 77 42
100 59
76 525 326 408 120 469 269 227 36 27 482 147 260 472 197 141 409 51 360 450 25 177 91 460 369 376 83 103 398 517 70 154 223 283 233 156 302 343 170 430 276 209 471 178 246 501 275 110 377 534 382 311 293 432 61 98 200 16 333 249 146 414 530 86 210 350 413 494 420 179 507 219 252 391 48 187 108 127 134 442 480 440 33 145 13 241 97 176 175 165 183 46 143 52 112 8 144 492 318 278
87 89 21 63 51 34 56 40 48 27 3 74 29 75 44 84 78 7 83 22 62 45 53 66 3 90 78 76 80 54 26 81 40 23 43 91 1 60 1 89 76 17 90 29 88 31 23 57 33 15 56 14 6 47 66 65 99 5 83 58 84 94 44 56 49 56 54 51 26 83 5 54 34 24 10 36 100 42 39 29 49 9 29 92 20 84 11 39 41 55 28 46 40 28 10 85 44 58 20 62
100 75
35 128 161 237 432 67 120 355 505 461 87 496 364 211 95 458 417 484 319 229 420 130 77 50 447 404 418 279 243 174 158 8 111 32 474 443 493 345 41 197 16 299 273 374 206 330 184 343 58 134 286 63 186 81 398 265 387 141 457 250 221 489 395 289 139 314 467 103 335 65 290 508 29 498 309 98 83 22 297 492 440 149 163 169 383 225 425 189 414 469 402 260 180 428 327 372 11 287 242 255
14 22 18 76 89 11 55 23 84 3 67 39 21 84 58 78 75 94 81 35 80 16 86 97 23 31 82 41 86 58 50 89 82 99 36 71 81 83 33 48 72 55 26 33 38 68 26 45 8 78 41 29 65 26 27 96 37 91 74 21 37 8 98 75 27 25 41 77 27 73 10 9 4 38 34 64 48 15 98 27 12 53 33 82 46 32 33 67 44 95 46 99 26 4 61 39 20 56 6 44
100 29
597 116 315 193 139 568 616 10 250 27 388 313 168 242 268 186 371 101 254 18 293 273 508 58 541 329 560 147 77 579 604 596 527 621 308 491 399 446 298 15 289 48 338 433 182 133 577 86 387 214 372 362 380 582 200 67 484 347 176 619 84 440 517 124 608 44 223 226 175 282 259 7 586 96 349 419 358 157 534 320 36 113 376 428 470 460 205 476 409 393 526 618 453 551 499 299 162 438 104 232
61 80 77 95 20 56 85 30 11 6 47 49 34 92 25 98 75 72 21 88 68 16 20 69 71 10 62 47 97 41 79 35 72 19 12 61 67 11 94 10 84 55 1 33 65 13 7 3 2 29 62 66 50 80 23 93 41 77 87 30 24 10 96 73 6 52 45 4 84 54 93 87 54 70 63 85 7 89 58 75 1 29 98 74 28 52 91 6 33 98 37 42 54 40 100 84 29 26 70 79
100 67
131 372 209 154 196 284 345 409 18 160 475 93 164 489 166 257 466 399 215 205 264 358 172 473 490 27 278 52 513 302 373 488 421 331 455 38 440 234 387 414 460 190 328 348 506 447 499 248 30 297 147 495 176 125 98 51 119 71 203 218 312 46 185 65 332 13 90 479 112 391 498 157 241 293 379 174 269 239 141 80 7 83 424 430 321 368 55 425 377 101 316 228 108 319 22 339 398 37 364 413
84 45 36 16 83 22 78 67 15 66 70 27 28 94 82 42 45 25 71 20 44 78 17 36 60 49 2 85 58 50 23 67 97 64 41 43 72 67 53 85 78 24 67 78 88 77 39 42 87 34 79 37 47 2 19 53 25 51 7 6 2 81 71 61 66 1 65 6 32 16 16 41 85 77 77 13 73 30 62 74 96 45 20 84 61 58 83 1 8 81 73 21 20 77 37 67 63 44 28 67
100 89
295 171 492 76 342 469 226 437 490 403 81 308 222 320 422 374 425 506 193 153 60 144 111 54 311 386 210 52 409 389 257 119 167 441 324 140 354 218 427 501 32 361 46 353 285 84 100 484 417 5 381 489 395 158 304 247 24 488 235 473 455 462 42 98 70 188 131 201 109 415 453 272 238 334 22 275 149 394 267 183 449 62 243 147 466 179 69 281 9 474 228 367 161 7 90 19 346 282 99 126
8 97 97 36 62 81 70 14 38 43 93 25 23 59 54 88 92 41 12 56 60 27 18 86 100 78 39 43 47 56 78 22 59 64 77 96 36 46 33 27 16 29 81 18 42 4 60 94 61 43 95 30 36 22 5 83 33 71 60 5 2 92 2 68 84 60 31 38 1 87 48 56 3 25 1 74 6 50 8 56 16 33 78 89 24 54 98 3 40 96 22 73 19 2 48 18 9 31 74 54
100 82
430 14 290 181 485 438 227 84 272 355 240 126 94 29 115 146 47 442 121 163 461 133 365 3 349 58 13 161 455 411 91 173 223 470 5 447 338 294 7 471 95 137 80 107 374 176 384 67 156 278 399 280 138 248 345 61 390 135 440 202 232 44 295 34 185 10 316 362 400 494 205 253 310 180 329 49 215 420 114 101 490 476 19 483 136 73 327 212 459 337 325 38 303 169 197 6 193 263 402 109
67 38 43 60 33 72 23 79 84 64 21 46 4 80 11 34 5 45 82 11 99 10 14 91 73 21 1 87 55 45 63 53 75 15 68 10 67 79 63 37 46 14 4 74 87 53 14 48 4 7 23 26 76 67 38 48 64 1 80 94 79 15 52 74 72 28 16 60 41 38 41 12 48 56 99 58 74 91 90 70 34 33 40 22 61 14 75 39 59 79 86 71 5 4 73 34 90 42 63 7
